     0.999999    0.004704
     0.994799    0.005513
     0.984565    0.007104
     0.972287    0.009013
     0.959096    0.011065
     0.945641    0.013157
     0.932121    0.015258
     0.918608    0.017361
     0.905189    0.019445
     0.892047    0.021500
     0.879429    0.023406
     0.866845    0.025031
     0.853827    0.026501
     0.840444    0.027951
     0.826904    0.029425
     0.813307    0.030903
     0.799693    0.032384
     0.786067    0.033864
     0.772431    0.035348
     0.758792    0.036831
     0.745155    0.038314
     0.731519    0.039796
     0.717892    0.041279
     0.704295    0.042755
     0.690772    0.044229
     0.677366    0.045670
     0.664096    0.047025
     0.650886    0.048259
     0.637547    0.049411
     0.624145    0.050494
     0.610595    0.051545
     0.596966    0.052600
     0.583306    0.053658
     0.569636    0.054718
     0.555968    0.055779
     0.542304    0.056836
     0.528636    0.057897
     0.514969    0.058956
     0.501311    0.060014
     0.487659    0.061073
     0.474018    0.062129
     0.460439    0.063185
     0.447048    0.064192
     0.433681    0.065113
     0.420313    0.065960
     0.406941    0.066728
     0.393545    0.067426
     0.380142    0.068052
     0.366734    0.068612
     0.353323    0.069100
     0.339914    0.069520
     0.326516    0.069868
     0.313136    0.070140
     0.299767    0.070332
     0.286411    0.070441
     0.273055    0.070466
     0.259720    0.070407
     0.246400    0.070258
     0.233115    0.070015
     0.219866    0.069670
     0.206647    0.069218
     0.193477    0.068651
     0.180358    0.067959
     0.167298    0.067135
     0.154309    0.066168
     0.141403    0.065047
     0.128607    0.063757
     0.115931    0.062281
     0.103408    0.060604
     0.091069    0.058707
     0.078971    0.056570
     0.067178    0.054175
     0.055820    0.051516
     0.045095    0.048605
     0.035317    0.045511
     0.026875    0.042383
     0.020035    0.039401
     0.014742    0.036670
     0.010709    0.034208
     0.007639    0.031981
     0.005292    0.029928
     0.003499    0.028009
     0.002145    0.026197
     0.001155    0.024480
     0.000484    0.022848
     0.000106    0.021301
     0.000005    0.019832
     0.000239    0.018370
     0.000866    0.016916
     0.001923    0.015562
     0.003410    0.014355
     0.005316    0.013273
     0.007698    0.012271
     0.010696    0.011302
     0.014563    0.010316
     0.019698    0.009265
     0.026624    0.008134
     0.035691    0.006968
     0.046650    0.005855
     0.058757    0.004884
     0.071501    0.004061
     0.084544    0.003365
     0.097744    0.002781
     0.111045    0.002293
     0.124421    0.001887
     0.137873    0.001547
     0.151377    0.001260
     0.164924    0.001015
     0.178490    0.000808
     0.192085    0.000632
     0.205695    0.000484
     0.219315    0.000358
     0.232932    0.000259
     0.246575    0.000180
     0.260213    0.000121
     0.273871    0.000079
     0.287531    0.000040
     0.301194    0.000017
     0.314889    0.000003
     0.328566   -0.000005
     0.342242   -0.000003
     0.355944   -0.000003
     0.369647   -0.000003
     0.383339   -0.000001
     0.397032   -0.000003
     0.410721   -0.000001
     0.424385   -0.000000
     0.438041   -0.000002
     0.451718    0.000002
     0.465400    0.000000
     0.479074    0.000000
     0.492759    0.000002
     0.506463    0.000000
     0.520165    0.000001
     0.533865   -0.000000
     0.547569   -0.000001
     0.561269    0.000001
     0.574969   -0.000000
     0.588675   -0.000002
     0.602379   -0.000000
     0.616087    0.000000
     0.629796   -0.000001
     0.643499   -0.000000
     0.657196   -0.000000
     0.670883    0.000002
     0.684565   -0.000000
     0.698247    0.000001
     0.711931   -0.000001
     0.725619   -0.000000
     0.739317   -0.000002
     0.753030   -0.000002
     0.766748   -0.000001
     0.780463    0.000000
     0.794176    0.000000
     0.807890    0.000001
     0.821603    0.000001
     0.835304    0.000002
     0.848990    0.000000
     0.862679   -0.000002
     0.876387   -0.000002
     0.890104   -0.000002
     0.903822   -0.000001
     0.917540   -0.000000
     0.931252    0.000001
     0.944938    0.000002
     0.958543    0.000000
     0.971891   -0.000000
     0.984327    0.000000
     0.994717   -0.000000
     1.000000    0.000001
