     1.000094    0.015773
     0.994840    0.015973
     0.983824    0.016446
     0.971302    0.016993
     0.958276    0.017565
     0.945167    0.018139
     0.932033    0.018709
     0.918909    0.019273
     0.905798    0.019826
     0.892710    0.020361
     0.879607    0.020876
     0.866497    0.021376
     0.853382    0.021864
     0.840271    0.022338
     0.827155    0.022799
     0.814055    0.023245
     0.800944    0.023672
     0.787833    0.024088
     0.774732    0.024485
     0.761620    0.024866
     0.748520    0.025232
     0.735467    0.025578
     0.722676    0.025891
     0.710344    0.026214
     0.699644    0.026481
     0.688116    0.027331
     0.675355    0.028257
     0.662375    0.029169
     0.649317    0.030064
     0.636260    0.030935
     0.623190    0.031784
     0.610133    0.032610
     0.597072    0.033408
     0.584020    0.034181
     0.570958    0.034926
     0.557902    0.035645
     0.544844    0.036334
     0.531789    0.036994
     0.518734    0.037625
     0.505679    0.038225
     0.492623    0.038794
     0.479574    0.039331
     0.466524    0.039833
     0.453476    0.040302
     0.440431    0.040735
     0.427380    0.041133
     0.414343    0.041494
     0.401299    0.041815
     0.388262    0.042100
     0.375225    0.042342
     0.362191    0.042545
     0.349171    0.042703
     0.336146    0.042816
     0.323130    0.042883
     0.310119    0.042901
     0.297114    0.042869
     0.284121    0.042783
     0.271135    0.042642
     0.258163    0.042441
     0.245195    0.042179
     0.232244    0.041853
     0.219312    0.041457
     0.206389    0.040987
     0.193491    0.040441
     0.180614    0.039810
     0.167759    0.039091
     0.154942    0.038277
     0.142163    0.037358
     0.129432    0.036325
     0.116770    0.035166
     0.104192    0.033862
     0.091722    0.032394
     0.079406    0.030738
     0.067307    0.028864
     0.055528    0.026731
     0.044235    0.024299
     0.033690    0.021539
     0.024308    0.018491
     0.016648    0.015351
     0.010979    0.012403
     0.007064    0.009834
     0.004395    0.007621
     0.002576    0.005677
     0.001367    0.003911
     0.000616    0.002288
     0.000262    0.000797
     0.000311   -0.000605
     0.000869   -0.001973
     0.002028   -0.003205
     0.003749   -0.004276
     0.006103   -0.005315
     0.009384   -0.006378
     0.014183   -0.007525
     0.021277   -0.008720
     0.030932   -0.009830
     0.042193   -0.010674
     0.054269   -0.011234
     0.066735   -0.011570
     0.079399   -0.011736
     0.092193   -0.011769
     0.105086   -0.011702
     0.118044   -0.011560
     0.131049   -0.011361
     0.144082   -0.011116
     0.157136   -0.010833
     0.170209   -0.010518
     0.183298   -0.010178
     0.196392   -0.009817
     0.209504   -0.009436
     0.222617   -0.009042
     0.235741   -0.008634
     0.248864   -0.008217
     0.261994   -0.007789
     0.275134   -0.007354
     0.288272   -0.006914
     0.301412   -0.006469
     0.314554   -0.006018
     0.327702   -0.005566
     0.340846   -0.005111
     0.353994   -0.004654
     0.367135   -0.004195
     0.380278   -0.003735
     0.393421   -0.003274
     0.406567   -0.002812
     0.419713   -0.002350
     0.432858   -0.001888
     0.446006   -0.001428
     0.459155   -0.000967
     0.472305   -0.000507
     0.485457   -0.000047
     0.498606    0.000413
     0.511753    0.000870
     0.524897    0.001328
     0.538031    0.001783
     0.551144    0.002238
     0.564252    0.002689
     0.577376    0.003139
     0.590515    0.003588
     0.603630    0.004037
     0.616743    0.004484
     0.629886    0.004926
     0.643033    0.005367
     0.656175    0.005804
     0.669325    0.006238
     0.682471    0.006670
     0.695599    0.007095
     0.708734    0.007517
     0.721862    0.007937
     0.735001    0.008350
     0.748141    0.008759
     0.761281    0.009162
     0.774423    0.009560
     0.787557    0.009952
     0.800692    0.010335
     0.813829    0.010713
     0.826966    0.011083
     0.840103    0.011447
     0.853232    0.011802
     0.866366    0.012148
     0.879511    0.012489
     0.892646    0.012824
     0.905768    0.013149
     0.918896    0.013461
     0.932033    0.013766
     0.945169    0.014064
     0.958286    0.014357
     0.971247    0.014625
     0.983742    0.014838
     0.994870    0.015006
     1.000149    0.015081
