     1.000000    0.000000
     0.995157    0.002109
     0.986847    0.005914
     0.977584    0.010358
     0.967374    0.015313
     0.956368    0.020336
     0.945082    0.025114
     0.933319    0.029646
     0.920993    0.034044
     0.908240    0.038287
     0.894979    0.042454
     0.881392    0.046555
     0.867683    0.050527
     0.853826    0.054385
     0.839859    0.058133
     0.825834    0.061757
     0.811711    0.065272
     0.797487    0.068695
     0.783243    0.072012
     0.768996    0.075209
     0.754699    0.078299
     0.740349    0.081289
     0.725981    0.084173
     0.711615    0.086945
     0.697250    0.089601
     0.682880    0.092141
     0.668499    0.094561
     0.654133    0.096858
     0.639814    0.099018
     0.625533    0.101032
     0.611231    0.102902
     0.596883    0.104638
     0.582534    0.106237
     0.568229    0.107688
     0.553952    0.108982
     0.539662    0.110121
     0.525341    0.111109
     0.510996    0.111948
     0.496630    0.112639
     0.482240    0.113184
     0.467822    0.113588
     0.453383    0.113853
     0.438934    0.113979
     0.424493    0.113968
     0.410072    0.113817
     0.395656    0.113524
     0.381222    0.113089
     0.366792    0.112516
     0.352439    0.111807
     0.338173    0.110947
     0.323899    0.109922
     0.309572    0.108740
     0.295311    0.107421
     0.281224    0.105955
     0.267212    0.104304
     0.253140    0.102463
     0.239097    0.100464
     0.225252    0.098311
     0.211549    0.095966
     0.197864    0.093409
     0.184293    0.090668
     0.170962    0.087745
     0.157732    0.084582
     0.144544    0.081185
     0.131723    0.077640
     0.119336    0.073889
     0.107036    0.069805
     0.094916    0.065481
     0.083364    0.061014
     0.072247    0.056296
     0.061609    0.051392
     0.051836    0.046476
     0.042865    0.041498
     0.034875    0.036694
     0.028243    0.032330
     0.022725    0.028230
     0.018035    0.024409
     0.014146    0.021069
     0.011012    0.018168
     0.008473    0.015551
     0.006364    0.013145
     0.004569    0.010946
     0.003037    0.008949
     0.001812    0.007089
     0.000921    0.005301
     0.000345    0.003557
     0.000043    0.001860
    -0.000010    0.000197
     0.000189   -0.001449
     0.000693   -0.003041
     0.001600   -0.004500
     0.002935   -0.005802
     0.004606   -0.007008
     0.006498   -0.008158
     0.008626   -0.009205
     0.011062   -0.010084
     0.013918   -0.010785
     0.017318   -0.011373
     0.021347   -0.011940
     0.026071   -0.012434
     0.031687   -0.012742
     0.038669   -0.012842
     0.047408   -0.012778
     0.057810   -0.012494
     0.069824   -0.011961
     0.082895   -0.011219
     0.096543   -0.010250
     0.110694   -0.009194
     0.124768   -0.008092
     0.138991   -0.006780
     0.153798   -0.005332
     0.168868   -0.003863
     0.183908   -0.002384
     0.198939   -0.000920
     0.214006    0.000518
     0.229092    0.001961
     0.244132    0.003404
     0.259161    0.004812
     0.274278    0.006188
     0.289440    0.007547
     0.304522    0.008874
     0.319538    0.010147
     0.334580    0.011375
     0.349654    0.012566
     0.364700    0.013714
     0.379695    0.014808
     0.394658    0.015844
     0.409623    0.016820
     0.424615    0.017740
     0.439625    0.018606
     0.454611    0.019419
     0.469574    0.020170
     0.484579    0.020861
     0.499661    0.021506
     0.514761    0.022114
     0.529819    0.022678
     0.544868    0.023190
     0.559962    0.023656
     0.575060    0.024084
     0.590079    0.024464
     0.605050    0.024780
     0.620080    0.025035
     0.635174    0.025247
     0.650216    0.025417
     0.665160    0.025524
     0.680079    0.025559
     0.695032    0.025526
     0.710003    0.025431
     0.724949    0.025274
     0.739839    0.025049
     0.754672    0.024745
     0.769483    0.024356
     0.784288    0.023881
     0.799072    0.023322
     0.813811    0.022676
     0.828479    0.021935
     0.843044    0.021088
     0.857531    0.020121
     0.872043    0.019022
     0.886461    0.017820
     0.900625    0.016491
     0.914710    0.014994
     0.928514    0.013374
     0.941878    0.011583
     0.954770    0.009643
     0.966699    0.007592
     0.977555    0.005484
     0.986758    0.003306
     0.994974    0.001173
     1.000000    0.000000
