     1.000000    0.000000
     0.993698    0.001686
     0.983209    0.004857
     0.971412    0.008541
     0.958593    0.012426
     0.944909    0.016389
     0.930467    0.020413
     0.915421    0.024521
     0.900013    0.028705
     0.884436    0.032934
     0.868763    0.037198
     0.853027    0.041482
     0.837261    0.045772
     0.821495    0.050055
     0.805764    0.054322
     0.790090    0.058555
     0.774482    0.062740
     0.758932    0.066867
     0.743431    0.070929
     0.727985    0.074919
     0.712608    0.078821
     0.697322    0.082614
     0.682152    0.086276
     0.667118    0.089782
     0.652224    0.093106
     0.637448    0.096227
     0.622752    0.099137
     0.608097    0.101834
     0.593450    0.104317
     0.578782    0.106585
     0.564073    0.108645
     0.549315    0.110500
     0.534509    0.112154
     0.519660    0.113610
     0.504764    0.114869
     0.489811    0.115936
     0.474788    0.116819
     0.459695    0.117526
     0.444542    0.118064
     0.429348    0.118437
     0.414128    0.118648
     0.398894    0.118699
     0.383651    0.118592
     0.368409    0.118326
     0.353179    0.117902
     0.337972    0.117320
     0.322797    0.116575
     0.307663    0.115665
     0.292572    0.114588
     0.277535    0.113340
     0.262564    0.111918
     0.247677    0.110319
     0.232894    0.108536
     0.218236    0.106566
     0.203730    0.104401
     0.189411    0.102033
     0.175320    0.099457
     0.161504    0.096661
     0.148005    0.093635
     0.134862    0.090370
     0.122116    0.086856
     0.109806    0.083093
     0.097995    0.079092
     0.086765    0.074882
     0.076208    0.070505
     0.066404    0.066008
     0.057408    0.061449
     0.049281    0.056900
     0.042054    0.052445
     0.035711    0.048140
     0.030181    0.044012
     0.025371    0.040068
     0.021202    0.036318
     0.017611    0.032782
     0.014534    0.029470
     0.011909    0.026376
     0.009676    0.023469
     0.007777    0.020716
     0.006160    0.018087
     0.004784    0.015561
     0.003613    0.013135
     0.002622    0.010819
     0.001789    0.008622
     0.001094    0.006552
     0.000544    0.004606
     0.000172    0.002765
    -0.000000    0.000998
     0.000051   -0.000734
     0.000334   -0.002462
     0.000843   -0.004199
     0.001585   -0.005952
     0.002578   -0.007712
     0.003844   -0.009451
     0.005394   -0.011106
     0.007222   -0.012668
     0.009352   -0.014166
     0.011817   -0.015623
     0.014654   -0.017075
     0.017880   -0.018579
     0.021525   -0.020168
     0.025652   -0.021837
     0.030328   -0.023567
     0.035648   -0.025344
     0.041764   -0.027166
     0.048868   -0.029048
     0.057149   -0.031003
     0.066694   -0.033021
     0.077434   -0.035034
     0.089212   -0.036975
     0.101937   -0.038812
     0.115477   -0.040526
     0.129641   -0.042103
     0.144241   -0.043532
     0.159142   -0.044817
     0.174275   -0.045965
     0.189584   -0.046986
     0.205019   -0.047887
     0.220543   -0.048674
     0.236134   -0.049351
     0.251780   -0.049925
     0.267475   -0.050399
     0.283205   -0.050779
     0.298954   -0.051067
     0.314713   -0.051264
     0.330477   -0.051369
     0.346249   -0.051385
     0.362025   -0.051311
     0.377799   -0.051149
     0.393556   -0.050899
     0.409283   -0.050556
     0.424960   -0.050115
     0.440570   -0.049572
     0.456104   -0.048917
     0.471567   -0.048138
     0.486978   -0.047227
     0.502360   -0.046179
     0.517727   -0.044993
     0.533081   -0.043667
     0.548419   -0.042202
     0.563743   -0.040596
     0.579064   -0.038847
     0.594402   -0.036955
     0.609788   -0.034926
     0.625263   -0.032766
     0.640878   -0.030481
     0.656669   -0.028090
     0.672623   -0.025626
     0.688664   -0.023133
     0.704682   -0.020653
     0.720612   -0.018216
     0.736441   -0.015843
     0.752189   -0.013544
     0.767869   -0.011330
     0.783475   -0.009211
     0.798992   -0.007204
     0.814408   -0.005325
     0.829724   -0.003586
     0.844948   -0.002001
     0.860071   -0.000580
     0.875067    0.000664
     0.889895    0.001713
     0.904503    0.002547
     0.918834    0.003145
     0.932808    0.003482
     0.946330    0.003538
     0.959288    0.003297
     0.971570    0.002754
     0.983049    0.001924
     0.993566    0.000847
     1.000000    0.000000
