     1.000000    0.000000
     0.995211   -0.000041
     0.985626   -0.000043
     0.974055    0.000113
     0.961552    0.000457
     0.948752    0.000983
     0.935847    0.001682
     0.922809    0.002539
     0.909644    0.003532
     0.896390    0.004641
     0.883077    0.005848
     0.869715    0.007139
     0.856310    0.008504
     0.842870    0.009933
     0.829398    0.011419
     0.815902    0.012954
     0.802388    0.014532
     0.788863    0.016148
     0.775330    0.017799
     0.761788    0.019483
     0.748231    0.021197
     0.734653    0.022937
     0.721053    0.024699
     0.707429    0.026477
     0.693785    0.028267
     0.680128    0.030067
     0.666467    0.031872
     0.652813    0.033675
     0.639179    0.035470
     0.625575    0.037247
     0.612010    0.039000
     0.598489    0.040719
     0.585012    0.042395
     0.571574    0.044019
     0.558164    0.045583
     0.544771    0.047084
     0.531390    0.048519
     0.518019    0.049884
     0.504664    0.051173
     0.491329    0.052383
     0.478013    0.053507
     0.464710    0.054543
     0.451413    0.055487
     0.438118    0.056337
     0.424828    0.057092
     0.411550    0.057748
     0.398295    0.058302
     0.385065    0.058748
     0.371855    0.059081
     0.358653    0.059299
     0.345447    0.059402
     0.332228    0.059394
     0.318991    0.059273
     0.305734    0.059044
     0.292462    0.058710
     0.279183    0.058272
     0.265912    0.057734
     0.252662    0.057093
     0.239438    0.056346
     0.226239    0.055490
     0.213067    0.054522
     0.199928    0.053437
     0.186834    0.052233
     0.173795    0.050903
     0.160816    0.049441
     0.147898    0.047838
     0.135061    0.046084
     0.122352    0.044173
     0.109823    0.042100
     0.097459    0.039842
     0.085185    0.037362
     0.073116    0.034650
     0.061677    0.031783
     0.050988    0.028767
     0.040490    0.025393
     0.030614    0.021743
     0.023210    0.018614
     0.017700    0.015903
     0.013039    0.013196
     0.008924    0.010440
     0.005838    0.008198
     0.003674    0.006513
     0.002182    0.005086
     0.001173    0.003738
     0.000547    0.002380
     0.000262    0.000958
     0.000281   -0.000494
     0.000597   -0.001916
     0.001236   -0.003239
     0.002250   -0.004431
     0.003713   -0.005540
     0.005781   -0.006644
     0.008707   -0.007926
     0.012824   -0.009593
     0.017980   -0.011410
     0.023748   -0.013047
     0.030890   -0.014648
     0.040775   -0.016440
     0.052682   -0.018203
     0.064389   -0.019600
     0.076380   -0.020764
     0.089092   -0.021782
     0.102198   -0.022656
     0.115325   -0.023379
     0.128457   -0.023977
     0.141688   -0.024470
     0.155044   -0.024874
     0.168480   -0.025201
     0.181954   -0.025456
     0.195451   -0.025648
     0.208976   -0.025785
     0.222531   -0.025872
     0.236117   -0.025914
     0.249726   -0.025916
     0.263352   -0.025881
     0.276993   -0.025813
     0.290645   -0.025715
     0.304307   -0.025589
     0.317979   -0.025437
     0.331658   -0.025261
     0.345344   -0.025063
     0.359037   -0.024844
     0.372738   -0.024605
     0.386446   -0.024349
     0.400165   -0.024076
     0.413892   -0.023789
     0.427626   -0.023489
     0.441362   -0.023177
     0.455096   -0.022854
     0.468826   -0.022520
     0.482555   -0.022173
     0.496286   -0.021815
     0.510022   -0.021444
     0.523764   -0.021064
     0.537509   -0.020674
     0.551255   -0.020276
     0.564999   -0.019869
     0.578739   -0.019452
     0.592480   -0.019027
     0.606224   -0.018592
     0.619974   -0.018148
     0.633729   -0.017697
     0.647485   -0.017240
     0.661235   -0.016776
     0.674978   -0.016305
     0.688716   -0.015825
     0.702454   -0.015335
     0.716197   -0.014836
     0.729944   -0.014328
     0.743692   -0.013812
     0.757432   -0.013289
     0.771161   -0.012757
     0.784883   -0.012213
     0.798606   -0.011656
     0.812334   -0.011088
     0.826064   -0.010508
     0.839785   -0.009918
     0.853487   -0.009314
     0.867171   -0.008694
     0.880842   -0.008053
     0.894499   -0.007389
     0.908121   -0.006700
     0.921674   -0.005977
     0.935123   -0.005207
     0.948401   -0.004369
     0.961363   -0.003436
     0.973867   -0.002386
     0.985636   -0.001270
     0.995247   -0.000381
     1.000000    0.000000
