     1.000000    0.000000
     0.994285    0.000756
     0.984003    0.002401
     0.971982    0.004547
     0.958974    0.006940
     0.945698    0.009348
     0.932359    0.011681
     0.918914    0.013947
     0.905348    0.016161
     0.891679    0.018347
     0.877947    0.020520
     0.864195    0.022681
     0.850439    0.024829
     0.836677    0.026967
     0.822904    0.029096
     0.809122    0.031220
     0.795339    0.033336
     0.781561    0.035443
     0.767789    0.037538
     0.754019    0.039623
     0.740250    0.041695
     0.726481    0.043756
     0.712709    0.045804
     0.698937    0.047838
     0.685167    0.049858
     0.671401    0.051863
     0.657645    0.053849
     0.643899    0.055813
     0.630163    0.057752
     0.616431    0.059664
     0.602702    0.061547
     0.588976    0.063400
     0.575253    0.065220
     0.561540    0.067004
     0.547840    0.068747
     0.534160    0.070441
     0.520506    0.072080
     0.506882    0.073657
     0.493289    0.075160
     0.479726    0.076580
     0.466190    0.077911
     0.452674    0.079144
     0.439177    0.080273
     0.425697    0.081293
     0.412233    0.082197
     0.398785    0.082979
     0.385356    0.083634
     0.371948    0.084156
     0.358563    0.084538
     0.345201    0.084776
     0.331860    0.084863
     0.318541    0.084795
     0.305242    0.084565
     0.291970    0.084171
     0.278731    0.083608
     0.265527    0.082870
     0.252354    0.081953
     0.239199    0.080851
     0.226054    0.079565
     0.212922    0.078097
     0.199820    0.076449
     0.186766    0.074618
     0.173776    0.072600
     0.160865    0.070391
     0.148043    0.067982
     0.135322    0.065365
     0.122717    0.062527
     0.110265    0.059462
     0.098022    0.056165
     0.086036    0.052622
     0.074319    0.048808
     0.062948    0.044712
     0.052183    0.040401
     0.042281    0.035966
     0.033238    0.031403
     0.025275    0.026831
     0.019016    0.022734
     0.014333    0.019245
     0.010689    0.016146
     0.007723    0.013253
     0.005326    0.010544
     0.003483    0.008137
     0.002090    0.006065
     0.001085    0.004274
     0.000421    0.002675
     0.000063    0.001191
     0.000006   -0.000239
     0.000267   -0.001668
     0.000842   -0.003137
     0.001755   -0.004673
     0.003065   -0.006287
     0.004849   -0.007937
     0.007251   -0.009595
     0.010413   -0.011259
     0.014383   -0.013030
     0.019297   -0.015029
     0.025451   -0.017230
     0.033165   -0.019507
     0.042623   -0.021752
     0.053550   -0.023909
     0.065390   -0.025889
     0.077696   -0.027618
     0.090360   -0.029115
     0.103324   -0.030410
     0.116488   -0.031528
     0.129772   -0.032484
     0.143138   -0.033297
     0.156578   -0.033983
     0.170083   -0.034554
     0.183643   -0.035023
     0.197249   -0.035397
     0.210890   -0.035687
     0.224557   -0.035899
     0.238243   -0.036038
     0.251945   -0.036108
     0.265662   -0.036112
     0.279394   -0.036054
     0.293137   -0.035936
     0.306883   -0.035761
     0.320620   -0.035530
     0.334344   -0.035239
     0.348055   -0.034886
     0.361764   -0.034468
     0.375481   -0.033988
     0.389217   -0.033451
     0.402976   -0.032860
     0.416761   -0.032222
     0.430573   -0.031541
     0.444409   -0.030825
     0.458268   -0.030082
     0.472145   -0.029316
     0.486034   -0.028532
     0.499933   -0.027732
     0.513841   -0.026920
     0.527756   -0.026097
     0.541678   -0.025267
     0.555605   -0.024431
     0.569536   -0.023589
     0.583471   -0.022745
     0.597409   -0.021899
     0.611348   -0.021053
     0.625287   -0.020209
     0.639225   -0.019367
     0.653161   -0.018528
     0.667094   -0.017693
     0.681023   -0.016863
     0.694948   -0.016038
     0.708869   -0.015219
     0.722787   -0.014408
     0.736704   -0.013605
     0.750621   -0.012810
     0.764538   -0.012024
     0.778454   -0.011246
     0.792368   -0.010478
     0.806278   -0.009721
     0.820186   -0.008975
     0.834090   -0.008240
     0.847995   -0.007517
     0.861909   -0.006804
     0.875836   -0.006100
     0.889765   -0.005402
     0.903676   -0.004705
     0.917541   -0.003998
     0.931335   -0.003268
     0.945027   -0.002504
     0.958563   -0.001706
     0.971693   -0.000946
     0.983826   -0.000346
     0.994232   -0.000026
     1.000000    0.000000
