     1.000000    0.000000
     0.994231    0.000331
     0.984316    0.001215
     0.972769    0.002442
     0.959897    0.003816
     0.946157    0.005209
     0.931916    0.006597
     0.917399    0.008000
     0.902774    0.009443
     0.888138    0.010931
     0.873515    0.012470
     0.858886    0.014062
     0.844238    0.015707
     0.829571    0.017402
     0.814889    0.019144
     0.800196    0.020928
     0.785496    0.022752
     0.770788    0.024614
     0.756070    0.026513
     0.741336    0.028446
     0.726584    0.030411
     0.711811    0.032405
     0.697021    0.034422
     0.682215    0.036460
     0.667396    0.038516
     0.652564    0.040586
     0.637720    0.042668
     0.622865    0.044754
     0.608006    0.046839
     0.593149    0.048916
     0.578303    0.050983
     0.563478    0.053035
     0.548681    0.055066
     0.533920    0.057072
     0.519196    0.059044
     0.504506    0.060978
     0.489841    0.062868
     0.475198    0.064710
     0.460580    0.066500
     0.445995    0.068233
     0.431455    0.069899
     0.416965    0.071489
     0.402523    0.072995
     0.388125    0.074410
     0.373767    0.075727
     0.359455    0.076938
     0.345202    0.078035
     0.331023    0.079005
     0.316930    0.079835
     0.302937    0.080512
     0.289052    0.081020
     0.275278    0.081346
     0.261610    0.081474
     0.248043    0.081392
     0.234570    0.081090
     0.221192    0.080559
     0.207911    0.079788
     0.194734    0.078769
     0.181674    0.077496
     0.168747    0.075960
     0.155960    0.074152
     0.143316    0.072065
     0.130833    0.069693
     0.118550    0.067041
     0.106530    0.064113
     0.094842    0.060914
     0.083558    0.057457
     0.072782    0.053771
     0.062640    0.049909
     0.053279    0.045941
     0.044831    0.041964
     0.037375    0.038068
     0.030937    0.034337
     0.025453    0.030825
     0.020827    0.027550
     0.016935    0.024514
     0.013657    0.021698
     0.010896    0.019077
     0.008571    0.016629
     0.006609    0.014335
     0.004959    0.012178
     0.003589    0.010138
     0.002467    0.008198
     0.001563    0.006346
     0.000858    0.004569
     0.000356    0.002864
     0.000071    0.001224
     0.000017   -0.000372
     0.000230   -0.001947
     0.001007   -0.003383
     0.002330   -0.004522
     0.003932   -0.005518
     0.005772   -0.006437
     0.007867   -0.007313
     0.010239   -0.008200
     0.012942   -0.009106
     0.016049   -0.010033
     0.019662   -0.010981
     0.023919   -0.011955
     0.028998   -0.012962
     0.035111   -0.014025
     0.042503   -0.015160
     0.051358   -0.016344
     0.061701   -0.017549
     0.073431   -0.018738
     0.086255   -0.019877
     0.099884   -0.020958
     0.114059   -0.021989
     0.128550   -0.022984
     0.143201   -0.023943
     0.157929   -0.024866
     0.172712   -0.025757
     0.187540   -0.026619
     0.202396   -0.027457
     0.217256   -0.028269
     0.232107   -0.029052
     0.246944   -0.029805
     0.261771   -0.030526
     0.276590   -0.031213
     0.291403   -0.031864
     0.306212   -0.032478
     0.321018   -0.033056
     0.335823   -0.033596
     0.350630   -0.034098
     0.365441   -0.034562
     0.380254   -0.034990
     0.395067   -0.035381
     0.409878   -0.035734
     0.424685   -0.036049
     0.439490   -0.036325
     0.454294   -0.036563
     0.469101   -0.036761
     0.483908   -0.036921
     0.498714   -0.037042
     0.513517   -0.037124
     0.528312   -0.037166
     0.543100   -0.037166
     0.557881   -0.037124
     0.572654   -0.037039
     0.587419   -0.036909
     0.602175   -0.036733
     0.616923   -0.036510
     0.631659   -0.036239
     0.646382   -0.035917
     0.661088   -0.035544
     0.675773   -0.035116
     0.690434   -0.034631
     0.705067   -0.034085
     0.719666   -0.033475
     0.734229   -0.032797
     0.748750   -0.032046
     0.763218   -0.031215
     0.777596   -0.030297
     0.791830   -0.029282
     0.805879   -0.028151
     0.819749   -0.026873
     0.833493   -0.025421
     0.847194   -0.023783
     0.860942   -0.021948
     0.874840   -0.019913
     0.888960   -0.017709
     0.903306   -0.015379
     0.917803   -0.012973
     0.932291   -0.010548
     0.946545   -0.008149
     0.960306   -0.005818
     0.973124   -0.003669
     0.984488   -0.001874
     0.994263   -0.000569
     1.000000    0.000000
