     1.000000    0.000000
     0.994689    0.000503
     0.985551    0.001693
     0.974733    0.003331
     0.962438    0.005199
     0.948995    0.007098
     0.934668    0.008989
     0.919661    0.010892
     0.904267    0.012842
     0.888792    0.014834
     0.873357    0.016867
     0.857930    0.018949
     0.842479    0.021084
     0.827008    0.023272
     0.811529    0.025508
     0.796045    0.027791
     0.780553    0.030118
     0.765048    0.032489
     0.749526    0.034902
     0.733980    0.037355
     0.718408    0.039844
     0.702805    0.042366
     0.687169    0.044917
     0.671502    0.047492
     0.655804    0.050085
     0.640080    0.052693
     0.624340    0.055308
     0.608596    0.057924
     0.592868    0.060533
     0.577174    0.063126
     0.561526    0.065695
     0.545929    0.068233
     0.530386    0.070734
     0.514894    0.073190
     0.499454    0.075594
     0.484064    0.077939
     0.468727    0.080219
     0.453448    0.082423
     0.438238    0.084544
     0.423104    0.086571
     0.408055    0.088491
     0.393092    0.090295
     0.378219    0.091972
     0.363439    0.093510
     0.348758    0.094901
     0.334187    0.096130
     0.319752    0.097180
     0.305498    0.098036
     0.291474    0.098678
     0.277696    0.099082
     0.264143    0.099226
     0.250767    0.099098
     0.237527    0.098688
     0.224397    0.097990
     0.211362    0.096996
     0.198420    0.095704
     0.185583    0.094113
     0.172869    0.092222
     0.160298    0.090030
     0.147889    0.087537
     0.135665    0.084743
     0.123663    0.081655
     0.111933    0.078281
     0.100531    0.074632
     0.089518    0.070728
     0.078964    0.066592
     0.068959    0.062268
     0.059600    0.057813
     0.050988    0.053298
     0.043196    0.048806
     0.036277    0.044415
     0.030233    0.040199
     0.025021    0.036203
     0.020568    0.032452
     0.016777    0.028949
     0.013558    0.025683
     0.010840    0.022639
     0.008548    0.019803
     0.006619    0.017157
     0.005006    0.014680
     0.003669    0.012348
     0.002570    0.010139
     0.001678    0.008036
     0.000980    0.006029
     0.000476    0.004118
     0.000158    0.002305
     0.000022    0.000580
     0.000076   -0.001108
     0.000371   -0.002792
     0.001062   -0.004401
     0.002300   -0.005760
     0.003863   -0.006953
     0.005681   -0.008063
     0.007744   -0.009144
     0.010083   -0.010223
     0.012748   -0.011313
     0.015807   -0.012430
     0.019356   -0.013579
     0.023516   -0.014766
     0.028436   -0.016006
     0.034295   -0.017329
     0.041326   -0.018745
     0.049727   -0.020240
     0.059612   -0.021793
     0.070998   -0.023367
     0.083686   -0.024924
     0.097409   -0.026440
     0.111870   -0.027905
     0.126799   -0.029320
     0.141999   -0.030681
     0.157348   -0.031987
     0.172787   -0.033240
     0.188286   -0.034443
     0.203824   -0.035596
     0.219386   -0.036702
     0.234960   -0.037759
     0.250529   -0.038767
     0.266086   -0.039724
     0.281630   -0.040627
     0.297165   -0.041474
     0.312699   -0.042267
     0.328239   -0.043004
     0.343785   -0.043686
     0.359341   -0.044314
     0.374904   -0.044888
     0.390472   -0.045409
     0.406040   -0.045878
     0.421607   -0.046293
     0.437171   -0.046654
     0.452732   -0.046961
     0.468290   -0.047213
     0.483845   -0.047410
     0.499393   -0.047551
     0.514934   -0.047636
     0.530465   -0.047662
     0.545987   -0.047630
     0.561497   -0.047538
     0.576994   -0.047384
     0.592474   -0.047167
     0.607935   -0.046886
     0.623371   -0.046538
     0.638782   -0.046120
     0.654164   -0.045630
     0.669511   -0.045064
     0.684813   -0.044420
     0.700054   -0.043692
     0.715219   -0.042876
     0.730306   -0.041965
     0.745315   -0.040952
     0.760226   -0.039826
     0.774962   -0.038583
     0.789411   -0.037217
     0.803509   -0.035697
     0.817294   -0.033983
     0.830881   -0.032040
     0.844421   -0.029848
     0.858093   -0.027378
     0.872083   -0.024616
     0.886427   -0.021608
     0.900913   -0.018469
     0.915327   -0.015328
     0.929640   -0.012260
     0.943288   -0.009345
     0.955177   -0.006824
     0.965290   -0.004911
     0.974236   -0.003522
     0.982233   -0.002183
     0.989160   -0.000655
     0.995445    0.000281
     1.000000    0.000000
