     1.000000    0.000000
     0.994274    0.000315
     0.984345    0.001045
     0.972723    0.002055
     0.959629    0.003280
     0.945531    0.004649
     0.930885    0.006102
     0.916006    0.007614
     0.901066    0.009177
     0.886136    0.010795
     0.871219    0.012478
     0.856303    0.014227
     0.841389    0.016042
     0.826489    0.017922
     0.811606    0.019868
     0.796731    0.021883
     0.781849    0.023967
     0.766957    0.026118
     0.752060    0.028331
     0.737167    0.030605
     0.722283    0.032940
     0.707407    0.035335
     0.692531    0.037792
     0.677650    0.040307
     0.662762    0.042881
     0.647870    0.045511
     0.632975    0.048194
     0.618076    0.050929
     0.603170    0.053716
     0.588251    0.056552
     0.573315    0.059436
     0.558362    0.062363
     0.543392    0.065329
     0.528406    0.068331
     0.513401    0.071364
     0.498372    0.074424
     0.483326    0.077498
     0.468309    0.080563
     0.453417    0.083583
     0.438761    0.086507
     0.424408    0.089272
     0.410369    0.091834
     0.396615    0.094163
     0.383100    0.096240
     0.369768    0.098046
     0.356556    0.099569
     0.343408    0.100806
     0.330293    0.101758
     0.317199    0.102421
     0.304126    0.102794
     0.291066    0.102874
     0.277995    0.102661
     0.264880    0.102156
     0.251705    0.101367
     0.238479    0.100305
     0.225234    0.098975
     0.212004    0.097384
     0.198822    0.095538
     0.185722    0.093439
     0.172734    0.091088
     0.159887    0.088483
     0.147210    0.085624
     0.134728    0.082509
     0.122473    0.079138
     0.110499    0.075520
     0.098881    0.071672
     0.087700    0.067609
     0.077024    0.063353
     0.066934    0.058942
     0.057555    0.054450
     0.049005    0.049965
     0.041365    0.045568
     0.034642    0.041326
     0.028817    0.037295
     0.023833    0.033519
     0.019599    0.030011
     0.016012    0.026754
     0.012968    0.023726
     0.010375    0.020896
     0.008174    0.018242
     0.006314    0.015748
     0.004748    0.013401
     0.003439    0.011191
     0.002368    0.009102
     0.001517    0.007118
     0.000864    0.005219
     0.000394    0.003391
     0.000106    0.001635
     0.000010   -0.000032
     0.000132   -0.001679
     0.000626   -0.003303
     0.001682   -0.004726
     0.003074   -0.005996
     0.004709   -0.007181
     0.006569   -0.008316
     0.008668   -0.009415
     0.011035   -0.010481
     0.013718   -0.011513
     0.016767   -0.012514
     0.020244   -0.013491
     0.024228   -0.014445
     0.028827   -0.015359
     0.034170   -0.016216
     0.040411   -0.017001
     0.047734   -0.017681
     0.056283   -0.018215
     0.066132   -0.018570
     0.077260   -0.018709
     0.089514   -0.018622
     0.102746   -0.018326
     0.116774   -0.017862
     0.131365   -0.017286
     0.146303   -0.016633
     0.161441   -0.015929
     0.176722   -0.015193
     0.192102   -0.014440
     0.207523   -0.013681
     0.222927   -0.012931
     0.238278   -0.012198
     0.253570   -0.011492
     0.268812   -0.010819
     0.284018   -0.010185
     0.299200   -0.009594
     0.314371   -0.009050
     0.329544   -0.008551
     0.344733   -0.008096
     0.359951   -0.007683
     0.375209   -0.007306
     0.390509   -0.006960
     0.405847   -0.006639
     0.421214   -0.006338
     0.436600   -0.006056
     0.452000   -0.005790
     0.467412   -0.005537
     0.482836   -0.005297
     0.498269   -0.005068
     0.513706   -0.004849
     0.529143   -0.004640
     0.544575   -0.004442
     0.560004   -0.004254
     0.575437   -0.004077
     0.590881   -0.003911
     0.606340   -0.003753
     0.621810   -0.003601
     0.637282   -0.003454
     0.652749   -0.003313
     0.668210   -0.003178
     0.683670   -0.003050
     0.699139   -0.002930
     0.714620   -0.002814
     0.730107   -0.002701
     0.745592   -0.002591
     0.761069   -0.002486
     0.776539   -0.002386
     0.792011   -0.002291
     0.807488   -0.002199
     0.822974   -0.002106
     0.838465   -0.002010
     0.853949   -0.001914
     0.869404   -0.001818
     0.884801   -0.001716
     0.900104   -0.001600
     0.915267   -0.001460
     0.930214   -0.001278
     0.944833   -0.001046
     0.958975   -0.000757
     0.972291   -0.000441
     0.984159   -0.000166
     0.994241   -0.000014
     1.000000    0.000000
