     1.000000    0.000000
     0.995120    0.001603
     0.987214    0.004108
     0.978483    0.006744
     0.968786    0.009514
     0.957988    0.012405
     0.946018    0.015375
     0.932966    0.018352
     0.919114    0.021289
     0.904811    0.024166
     0.890330    0.027011
     0.875786    0.029851
     0.861218    0.032677
     0.846655    0.035478
     0.832116    0.038246
     0.817613    0.040974
     0.803150    0.043657
     0.788722    0.046290
     0.774322    0.048873
     0.759945    0.051401
     0.745584    0.053872
     0.731234    0.056283
     0.716891    0.058631
     0.702551    0.060913
     0.688208    0.063125
     0.673862    0.065264
     0.659509    0.067329
     0.645151    0.069318
     0.630790    0.071228
     0.616431    0.073057
     0.602081    0.074802
     0.587748    0.076461
     0.573440    0.078029
     0.559164    0.079501
     0.544918    0.080872
     0.530698    0.082139
     0.516498    0.083296
     0.502304    0.084341
     0.488099    0.085271
     0.473867    0.086087
     0.459599    0.086794
     0.445290    0.087395
     0.430945    0.087894
     0.416573    0.088293
     0.402192    0.088597
     0.387827    0.088805
     0.373503    0.088912
     0.359237    0.088906
     0.345040    0.088778
     0.330916    0.088521
     0.316862    0.088126
     0.302869    0.087583
     0.288924    0.086888
     0.275014    0.086037
     0.261130    0.085028
     0.247260    0.083855
     0.233397    0.082518
     0.219538    0.081017
     0.205687    0.079356
     0.191859    0.077539
     0.178078    0.075563
     0.164398    0.073417
     0.150902    0.071097
     0.137692    0.068607
     0.124844    0.065939
     0.112329    0.063058
     0.100020    0.059905
     0.087751    0.056421
     0.075529    0.052627
     0.063666    0.048655
     0.052663    0.044634
     0.042915    0.040586
     0.034517    0.036563
     0.027361    0.032751
     0.021215    0.029270
     0.016067    0.025936
     0.012048    0.022807
     0.008954    0.019954
     0.006519    0.017375
     0.004597    0.015064
     0.003072    0.012972
     0.001863    0.011056
     0.000919    0.009281
     0.000207    0.007620
    -0.000291    0.006055
    -0.000585    0.004571
    -0.000676    0.003155
    -0.000555    0.001798
    -0.000204    0.000492
     0.000410   -0.000772
     0.001307   -0.002009
     0.002506   -0.003235
     0.004042   -0.004466
     0.005976   -0.005720
     0.008396   -0.007012
     0.011402   -0.008338
     0.015221   -0.009671
     0.020234   -0.010951
     0.026836   -0.012132
     0.035658   -0.013339
     0.048068   -0.014544
     0.061197   -0.015332
     0.073647   -0.015747
     0.086805   -0.015963
     0.101253   -0.016086
     0.115131   -0.016219
     0.128724   -0.016366
     0.142640   -0.016482
     0.157045   -0.016520
     0.171726   -0.016464
     0.186433   -0.016327
     0.201015   -0.016123
     0.215426   -0.015854
     0.229684   -0.015501
     0.243836   -0.015040
     0.257957   -0.014451
     0.272138   -0.013732
     0.286444   -0.012900
     0.300908   -0.011976
     0.315521   -0.010983
     0.330242   -0.009943
     0.345022   -0.008871
     0.359824   -0.007781
     0.374615   -0.006688
     0.389376   -0.005608
     0.404095   -0.004551
     0.418770   -0.003525
     0.433403   -0.002516
     0.447994   -0.001507
     0.462546   -0.000482
     0.477062    0.000574
     0.491547    0.001677
     0.506005    0.002843
     0.520442    0.004071
     0.534868    0.005341
     0.549290    0.006634
     0.563716    0.007927
     0.578153    0.009202
     0.592609    0.010436
     0.607089    0.011611
     0.621599    0.012719
     0.636137    0.013761
     0.650698    0.014737
     0.665273    0.015649
     0.679846    0.016495
     0.694398    0.017277
     0.708905    0.017990
     0.723348    0.018624
     0.737715    0.019167
     0.752001    0.019608
     0.766209    0.019938
     0.780346    0.020147
     0.794428    0.020226
     0.808473    0.020165
     0.822505    0.019957
     0.836541    0.019603
     0.850587    0.019104
     0.864638    0.018459
     0.878679    0.017671
     0.892681    0.016741
     0.906604    0.015670
     0.920338    0.014419
     0.933652    0.012949
     0.946262    0.011259
     0.957939    0.009385
     0.968590    0.007402
     0.978255    0.005373
     0.987033    0.003340
     0.995037    0.001326
     1.000000    0.000000
