     1.000000    0.000000
     0.993762    0.002336
     0.983517    0.005637
     0.971937    0.009270
     0.958960    0.013324
     0.944597    0.017851
     0.929023    0.022758
     0.912577    0.027990
     0.895503    0.033514
     0.877948    0.039271
     0.860098    0.045168
     0.842161    0.051077
     0.824313    0.056900
     0.806666    0.062573
     0.789332    0.068032
     0.772347    0.073204
     0.755591    0.078073
     0.738901    0.082662
     0.722122    0.087013
     0.705119    0.091177
     0.687807    0.095208
     0.670188    0.099144
     0.652315    0.102996
     0.634263    0.106766
     0.616097    0.110444
     0.597867    0.114019
     0.579599    0.117483
     0.561314    0.120833
     0.543034    0.124065
     0.524801    0.127171
     0.506660    0.130136
     0.488626    0.132945
     0.470697    0.135594
     0.452914    0.138077
     0.435337    0.140375
     0.418000    0.142472
     0.400948    0.144359
     0.384261    0.146017
     0.368026    0.147415
     0.352305    0.148520
     0.337082    0.149291
     0.322258    0.149703
     0.307744    0.149752
     0.293479    0.149436
     0.279419    0.148755
     0.265513    0.147708
     0.251733    0.146311
     0.238102    0.144582
     0.224677    0.142535
     0.211525    0.140180
     0.198691    0.137509
     0.186161    0.134500
     0.173894    0.131144
     0.161872    0.127445
     0.150096    0.123419
     0.138586    0.119091
     0.127374    0.114499
     0.116525    0.109702
     0.106123    0.104761
     0.096245    0.099737
     0.086951    0.094683
     0.078279    0.089644
     0.070246    0.084663
     0.062851    0.079777
     0.056081    0.075012
     0.049913    0.070386
     0.044312    0.065910
     0.039238    0.061585
     0.034644    0.057411
     0.030486    0.053388
     0.026720    0.049521
     0.023312    0.045812
     0.020232    0.042253
     0.017451    0.038835
     0.014943    0.035545
     0.012685    0.032375
     0.010661    0.029316
     0.008851    0.026363
     0.007240    0.023509
     0.005809    0.020747
     0.004543    0.018069
     0.003427    0.015466
     0.002463    0.012931
     0.001657    0.010464
     0.001012    0.008069
     0.000527    0.005754
     0.000200    0.003516
     0.000029    0.001340
     0.000013   -0.000801
     0.000160   -0.002936
     0.000486   -0.005076
     0.001015   -0.007218
     0.001768   -0.009343
     0.002749   -0.011424
     0.003955   -0.013436
     0.005385   -0.015357
     0.007040   -0.017162
     0.008926   -0.018823
     0.011051   -0.020306
     0.013411   -0.021604
     0.015995   -0.022731
     0.018787   -0.023702
     0.021784   -0.024530
     0.025002   -0.025230
     0.028456   -0.025824
     0.032170   -0.026325
     0.036175   -0.026735
     0.040510   -0.027061
     0.045223   -0.027307
     0.050372   -0.027474
     0.056018   -0.027566
     0.062230   -0.027572
     0.069084   -0.027464
     0.076680   -0.027212
     0.085134   -0.026791
     0.094554   -0.026176
     0.105038   -0.025331
     0.116687   -0.024220
     0.129573   -0.022829
     0.143682   -0.021155
     0.158942   -0.019194
     0.175256   -0.016965
     0.192455   -0.014504
     0.210400   -0.011837
     0.228983   -0.009021
     0.247964   -0.006138
     0.267135   -0.003249
     0.286406   -0.000382
     0.305726    0.002453
     0.325024    0.005247
     0.344234    0.007979
     0.363339    0.010632
     0.382332    0.013195
     0.401199    0.015651
     0.419979    0.017989
     0.438720    0.020213
     0.457431    0.022328
     0.476108    0.024332
     0.494736    0.026225
     0.513283    0.028000
     0.531714    0.029646
     0.550028    0.031148
     0.568233    0.032501
     0.586319    0.033702
     0.604259    0.034740
     0.622019    0.035604
     0.639606    0.036278
     0.657045    0.036761
     0.674284    0.037058
     0.691238    0.037150
     0.707883    0.037011
     0.724240    0.036612
     0.740370    0.035925
     0.756386    0.034918
     0.772459    0.033576
     0.788736    0.031898
     0.805339    0.029897
     0.822418    0.027596
     0.839981    0.025083
     0.857768    0.022446
     0.875531    0.019711
     0.893156    0.016878
     0.910461    0.014005
     0.927188    0.011133
     0.943082    0.008372
     0.957780    0.005858
     0.971080    0.003593
     0.982939    0.001623
     0.993439    0.000129
     1.000000    0.000000
