     1.000000    0.000000
     0.995119    0.004332
     0.986527    0.009230
     0.977190    0.013749
     0.967048    0.018103
     0.956037    0.022387
     0.944107    0.026651
     0.931257    0.030927
     0.917551    0.035210
     0.903062    0.039469
     0.887859    0.043693
     0.872044    0.047862
     0.855674    0.051969
     0.838845    0.056025
     0.821675    0.060002
     0.804198    0.063900
     0.786464    0.067724
     0.768523    0.071471
     0.750390    0.075152
     0.732135    0.078768
     0.713810    0.082300
     0.695377    0.085755
     0.676831    0.089149
     0.658216    0.092485
     0.639557    0.095758
     0.620871    0.098969
     0.602182    0.102112
     0.583501    0.105182
     0.564835    0.108177
     0.546200    0.111094
     0.527619    0.113927
     0.509122    0.116664
     0.490731    0.119293
     0.472461    0.121801
     0.454329    0.124179
     0.436361    0.126415
     0.418593    0.128498
     0.401090    0.130414
     0.383955    0.132139
     0.367273    0.133629
     0.351080    0.134845
     0.335359    0.135745
     0.320045    0.136300
     0.305057    0.136492
     0.290302    0.136310
     0.275707    0.135760
     0.261231    0.134849
     0.246877    0.133599
     0.232698    0.132028
     0.218766    0.130141
     0.205144    0.127937
     0.191852    0.125398
     0.178866    0.122506
     0.166158    0.119256
     0.153720    0.115657
     0.141559    0.111733
     0.129710    0.107523
     0.118242    0.103088
     0.107255    0.098499
     0.096849    0.093822
     0.087101    0.089114
     0.078045    0.084413
     0.069687    0.079767
     0.062032    0.075227
     0.055071    0.070821
     0.048770    0.066555
     0.043078    0.062430
     0.037943    0.058446
     0.033316    0.054603
     0.029158    0.050891
     0.025425    0.047297
     0.022076    0.043812
     0.019074    0.040433
     0.016381    0.037153
     0.013969    0.033969
     0.011809    0.030881
     0.009881    0.027891
     0.008163    0.024998
     0.006640    0.022202
     0.005293    0.019495
     0.004106    0.016868
     0.003069    0.014312
     0.002180    0.011822
     0.001441    0.009406
     0.000850    0.007071
     0.000411    0.004825
     0.000128    0.002660
     0.000005    0.000549
     0.000051   -0.001543
     0.000281   -0.003643
     0.000717   -0.005758
     0.001388   -0.007875
     0.002308   -0.009965
     0.003471   -0.012003
     0.004866   -0.013965
     0.006491   -0.015836
     0.008344   -0.017606
     0.010426   -0.019264
     0.012735   -0.020797
     0.015274   -0.022201
     0.018042   -0.023473
     0.021045   -0.024614
     0.024300   -0.025633
     0.027825   -0.026547
     0.031642   -0.027369
     0.035788   -0.028108
     0.040306   -0.028778
     0.045248   -0.029391
     0.050680   -0.029949
     0.056670   -0.030460
     0.063297   -0.030919
     0.070643   -0.031310
     0.078794   -0.031611
     0.087825   -0.031793
     0.097793   -0.031817
     0.108739   -0.031629
     0.120707   -0.031185
     0.133712   -0.030464
     0.147720   -0.029449
     0.162704   -0.028132
     0.178621   -0.026540
     0.195352   -0.024710
     0.212756   -0.022678
     0.230728   -0.020473
     0.249199   -0.018132
     0.268035   -0.015712
     0.287083   -0.013239
     0.306280   -0.010723
     0.325578   -0.008180
     0.344906   -0.005626
     0.364191   -0.003080
     0.383393   -0.000570
     0.402514    0.001888
     0.421567    0.004286
     0.440569    0.006619
     0.459538    0.008888
     0.478473    0.011095
     0.497350    0.013235
     0.516139    0.015298
     0.534823    0.017270
     0.553417    0.019139
     0.571927    0.020904
     0.590329    0.022554
     0.608626    0.024076
     0.626843    0.025465
     0.644970    0.026717
     0.662990    0.027821
     0.680933    0.028768
     0.698806    0.029566
     0.716562    0.030210
     0.734149    0.030687
     0.751545    0.030978
     0.768777    0.031066
     0.785845    0.030949
     0.802713    0.030616
     0.819414    0.030048
     0.835971    0.029271
     0.852261    0.028314
     0.868086    0.027181
     0.883356    0.025818
     0.898120    0.024199
     0.912326    0.022338
     0.925953    0.020214
     0.939015    0.017862
     0.951412    0.015336
     0.963038    0.012625
     0.973964    0.009657
     0.984190    0.006416
     0.993890    0.002863
     1.000000    0.000000
