     1.000000    0.000000
     0.995898    0.002540
     0.988488    0.004832
     0.979712    0.007085
     0.969355    0.009608
     0.957452    0.012295
     0.944153    0.015164
     0.929864    0.018168
     0.914984    0.021276
     0.899853    0.024458
     0.884649    0.027692
     0.869456    0.030974
     0.854264    0.034312
     0.839100    0.037695
     0.824022    0.041122
     0.809042    0.044606
     0.794127    0.048173
     0.779209    0.051837
     0.764196    0.055606
     0.749077    0.059444
     0.734043    0.063250
     0.719280    0.066916
     0.704811    0.070383
     0.690563    0.073621
     0.676429    0.076620
     0.662312    0.079392
     0.648145    0.081948
     0.633883    0.084303
     0.619486    0.086478
     0.604926    0.088492
     0.590220    0.090365
     0.575420    0.092106
     0.560570    0.093713
     0.545690    0.095185
     0.530790    0.096524
     0.515871    0.097728
     0.500941    0.098797
     0.486026    0.099730
     0.471144    0.100520
     0.456289    0.101160
     0.441448    0.101649
     0.426630    0.101985
     0.411857    0.102163
     0.397132    0.102174
     0.382434    0.102014
     0.367750    0.101682
     0.353085    0.101177
     0.338443    0.100496
     0.323817    0.099637
     0.309193    0.098601
     0.294559    0.097389
     0.279920    0.096007
     0.265317    0.094461
     0.250784    0.092748
     0.236302    0.090857
     0.221854    0.088787
     0.207479    0.086546
     0.193212    0.084128
     0.179039    0.081522
     0.164974    0.078735
     0.151103    0.075775
     0.137497    0.072638
     0.124202    0.069312
     0.111280    0.065792
     0.098795    0.062072
     0.086800    0.058154
     0.075384    0.054070
     0.064697    0.049893
     0.054923    0.045724
     0.046194    0.041662
     0.038567    0.037799
     0.032028    0.034204
     0.026490    0.030885
     0.021811    0.027819
     0.017850    0.024976
     0.014480    0.022322
     0.011610    0.019826
     0.009170    0.017464
     0.007100    0.015221
     0.005349    0.013072
     0.003871    0.010995
     0.002638    0.008970
     0.001648    0.006998
     0.000898    0.005094
     0.000380    0.003274
     0.000083    0.001532
     0.000002   -0.000164
     0.000145   -0.001862
     0.000527   -0.003587
     0.001185   -0.005335
     0.002149   -0.007070
     0.003414   -0.008767
     0.004957   -0.010409
     0.006772   -0.011996
     0.008886   -0.013543
     0.011325   -0.015067
     0.014125   -0.016577
     0.017342   -0.018083
     0.021041   -0.019600
     0.025327   -0.021135
     0.030335   -0.022694
     0.036235   -0.024288
     0.043213   -0.025934
     0.051429   -0.027625
     0.060980   -0.029327
     0.071853   -0.030995
     0.083884   -0.032573
     0.096852   -0.034020
     0.110538   -0.035322
     0.124712   -0.036478
     0.139199   -0.037486
     0.153902   -0.038348
     0.168772   -0.039072
     0.183778   -0.039671
     0.198893   -0.040156
     0.214099   -0.040537
     0.229375   -0.040823
     0.244699   -0.041021
     0.260063   -0.041135
     0.275467   -0.041172
     0.290878   -0.041136
     0.306252   -0.041025
     0.321584   -0.040829
     0.336889   -0.040543
     0.352168   -0.040165
     0.367412   -0.039692
     0.382615   -0.039116
     0.397786   -0.038433
     0.412964   -0.037636
     0.428195   -0.036729
     0.443497   -0.035724
     0.458857   -0.034632
     0.474271   -0.033462
     0.489742   -0.032222
     0.505258   -0.030925
     0.520782   -0.029578
     0.536273   -0.028184
     0.551699   -0.026738
     0.567039   -0.025231
     0.582285   -0.023651
     0.597440   -0.021982
     0.612522   -0.020212
     0.627570   -0.018329
     0.642656   -0.016321
     0.657854   -0.014199
     0.673188   -0.011989
     0.688605   -0.009739
     0.703958   -0.007516
     0.719109   -0.005388
     0.734058   -0.003398
     0.748872   -0.001563
     0.763598    0.000103
     0.778267    0.001596
     0.792919    0.002911
     0.807582    0.004055
     0.822257    0.005031
     0.836923    0.005839
     0.851548    0.006476
     0.866103    0.006935
     0.880547    0.007205
     0.894831    0.007268
     0.908968    0.007102
     0.922956    0.006708
     0.936688    0.006091
     0.950038    0.005258
     0.962725    0.004240
     0.974513    0.003080
     0.984938    0.001782
     0.994253    0.000373
     1.000000    0.000000
