     1.000000    0.000000
     0.993879    0.001262
     0.983050    0.003511
     0.970638    0.006135
     0.957363    0.009031
     0.943768    0.012134
     0.930023    0.015428
     0.916183    0.018885
     0.902300    0.022474
     0.888422    0.026179
     0.874567    0.029999
     0.860694    0.033946
     0.846750    0.038015
     0.832732    0.042182
     0.818655    0.046421
     0.804541    0.050711
     0.790413    0.055038
     0.776280    0.059397
     0.762142    0.063784
     0.748011    0.068191
     0.733932    0.072590
     0.719956    0.076925
     0.706131    0.081140
     0.692467    0.085184
     0.678921    0.089027
     0.665446    0.092657
     0.652027    0.096058
     0.638666    0.099208
     0.625343    0.102092
     0.612023    0.104703
     0.598665    0.107047
     0.585230    0.109129
     0.571697    0.110964
     0.558074    0.112564
     0.544389    0.113934
     0.530654    0.115075
     0.516860    0.115995
     0.502990    0.116704
     0.489033    0.117216
     0.474993    0.117544
     0.460896    0.117702
     0.446784    0.117696
     0.432677    0.117524
     0.418565    0.117186
     0.404436    0.116683
     0.390294    0.116022
     0.376151    0.115204
     0.362017    0.114231
     0.347890    0.113103
     0.333761    0.111821
     0.319617    0.110388
     0.305468    0.108813
     0.291360    0.107103
     0.277334    0.105251
     0.263404    0.103244
     0.249562    0.101068
     0.235780    0.098707
     0.222037    0.096157
     0.208334    0.093418
     0.194673    0.090491
     0.181044    0.087374
     0.167450    0.084076
     0.153946    0.080611
     0.140606    0.076984
     0.127494    0.073184
     0.114637    0.069180
     0.102013    0.064935
     0.089580    0.060424
     0.077378    0.055686
     0.065628    0.050819
     0.054674    0.045947
     0.044837    0.041151
     0.036254    0.036481
     0.028914    0.032003
     0.022826    0.027889
     0.017909    0.024192
     0.013952    0.020849
     0.010764    0.017816
     0.008199    0.015070
     0.006119    0.012582
     0.004400    0.010308
     0.002965    0.008199
     0.001813    0.006216
     0.000948    0.004354
     0.000361    0.002621
     0.000051    0.000997
     0.000025   -0.000578
     0.000291   -0.002178
     0.000853   -0.003849
     0.001729   -0.005590
     0.002928   -0.007371
     0.004437   -0.009185
     0.006245   -0.011050
     0.008420   -0.012971
     0.011070   -0.014938
     0.014325   -0.016949
     0.018332   -0.019041
     0.023298   -0.021287
     0.029511   -0.023796
     0.037186   -0.026632
     0.046359   -0.029719
     0.056865   -0.032906
     0.068350   -0.036007
     0.080607   -0.038915
     0.093518   -0.041651
     0.106882   -0.044223
     0.120600   -0.046657
     0.134530   -0.048980
     0.148479   -0.051156
     0.162426   -0.053161
     0.176441   -0.055001
     0.190588   -0.056698
     0.204875   -0.058286
     0.219260   -0.059784
     0.233694   -0.061200
     0.248135   -0.062534
     0.262549   -0.063777
     0.276916   -0.064915
     0.291246   -0.065934
     0.305565   -0.066832
     0.319912   -0.067608
     0.334320   -0.068274
     0.348798   -0.068845
     0.363333   -0.069334
     0.377894   -0.069750
     0.392439   -0.070092
     0.406942   -0.070351
     0.421400   -0.070517
     0.435811   -0.070581
     0.450171   -0.070531
     0.464491   -0.070359
     0.478800   -0.070057
     0.493133   -0.069627
     0.507494   -0.069081
     0.521862   -0.068422
     0.536204   -0.067651
     0.550487   -0.066767
     0.564684   -0.065754
     0.578780   -0.064598
     0.592772   -0.063282
     0.606672   -0.061786
     0.620499   -0.060098
     0.634289   -0.058207
     0.648081   -0.056107
     0.661907   -0.053805
     0.675775   -0.051313
     0.689701   -0.048644
     0.703717   -0.045810
     0.717857   -0.042834
     0.732110   -0.039756
     0.746429   -0.036636
     0.760755   -0.033541
     0.775033   -0.030515
     0.789252   -0.027584
     0.803442   -0.024753
     0.817672   -0.022019
     0.831977   -0.019355
     0.846302   -0.016757
     0.860579   -0.014241
     0.874758   -0.011833
     0.888751   -0.009574
     0.902511   -0.007530
     0.916089   -0.005746
     0.929531   -0.004256
     0.942948   -0.003079
     0.956477   -0.002166
     0.969927   -0.001420
     0.982632   -0.000796
     0.993748   -0.000277
     1.000000    0.000000
