     1.000000    0.000000
     0.996410    0.001171
     0.990446    0.001554
     0.983445    0.001996
     0.974502    0.002585
     0.963466    0.003330
     0.950690    0.004195
     0.936956    0.005138
     0.922850    0.006117
     0.908628    0.007128
     0.894399    0.008170
     0.880166    0.009251
     0.865908    0.010368
     0.851640    0.011515
     0.837382    0.012691
     0.823129    0.013898
     0.808845    0.015138
     0.794537    0.016399
     0.780245    0.017678
     0.765961    0.018980
     0.751653    0.020306
     0.737328    0.021647
     0.723010    0.023002
     0.708692    0.024373
     0.694355    0.025758
     0.679996    0.027152
     0.665626    0.028552
     0.651252    0.029953
     0.636884    0.031353
     0.622531    0.032748
     0.608204    0.034131
     0.593906    0.035496
     0.579631    0.036837
     0.565379    0.038149
     0.551159    0.039426
     0.536979    0.040658
     0.522829    0.041837
     0.508696    0.042959
     0.494580    0.044020
     0.480492    0.045015
     0.466435    0.045934
     0.452401    0.046773
     0.438378    0.047528
     0.424356    0.048198
     0.410334    0.048780
     0.396317    0.049276
     0.382314    0.049682
     0.368329    0.049994
     0.354351    0.050208
     0.340372    0.050325
     0.326391    0.050344
     0.312407    0.050267
     0.298411    0.050094
     0.284396    0.049829
     0.270380    0.049476
     0.256389    0.049034
     0.242427    0.048496
     0.228472    0.047858
     0.214528    0.047122
     0.200616    0.046287
     0.186744    0.045344
     0.172909    0.044290
     0.159119    0.043119
     0.145396    0.041826
     0.131762    0.040401
     0.118235    0.038832
     0.104842    0.037108
     0.091669    0.035220
     0.078807    0.033150
     0.066356    0.030888
     0.054626    0.028478
     0.044006    0.025968
     0.034820    0.023446
     0.027236    0.021008
     0.021154    0.018711
     0.016309    0.016564
     0.012429    0.014550
     0.009315    0.012646
     0.006808    0.010835
     0.004777    0.009083
     0.003124    0.007360
     0.001832    0.005648
     0.000905    0.003960
     0.000320    0.002328
     0.000036    0.000766
     0.000036   -0.000766
     0.000320   -0.002328
     0.000905   -0.003960
     0.001832   -0.005648
     0.003124   -0.007360
     0.004777   -0.009083
     0.006808   -0.010835
     0.009315   -0.012646
     0.012429   -0.014550
     0.016309   -0.016564
     0.021154   -0.018711
     0.027236   -0.021008
     0.034820   -0.023446
     0.044006   -0.025968
     0.054626   -0.028478
     0.066356   -0.030888
     0.078807   -0.033150
     0.091669   -0.035220
     0.104842   -0.037108
     0.118235   -0.038832
     0.131762   -0.040401
     0.145395   -0.041826
     0.159118   -0.043119
     0.172908   -0.044290
     0.186744   -0.045344
     0.200616   -0.046287
     0.214528   -0.047122
     0.228472   -0.047858
     0.242426   -0.048496
     0.256389   -0.049034
     0.270379   -0.049476
     0.284396   -0.049829
     0.298411   -0.050094
     0.312407   -0.050267
     0.326391   -0.050344
     0.340372   -0.050325
     0.354351   -0.050208
     0.368328   -0.049994
     0.382314   -0.049682
     0.396316   -0.049276
     0.410334   -0.048780
     0.424356   -0.048198
     0.438377   -0.047528
     0.452401   -0.046773
     0.466435   -0.045934
     0.480492   -0.045015
     0.494580   -0.044020
     0.508696   -0.042959
     0.522828   -0.041837
     0.536978   -0.040658
     0.551159   -0.039426
     0.565379   -0.038149
     0.579631   -0.036837
     0.593906   -0.035496
     0.608204   -0.034131
     0.622530   -0.032748
     0.636884   -0.031353
     0.651252   -0.029953
     0.665626   -0.028552
     0.679996   -0.027152
     0.694355   -0.025758
     0.708691   -0.024373
     0.723010   -0.023002
     0.737328   -0.021647
     0.751653   -0.020306
     0.765961   -0.018980
     0.780245   -0.017678
     0.794537   -0.016399
     0.808845   -0.015138
     0.823129   -0.013898
     0.837382   -0.012691
     0.851640   -0.011515
     0.865908   -0.010368
     0.880165   -0.009251
     0.894399   -0.008170
     0.908628   -0.007128
     0.922850   -0.006117
     0.936955   -0.005138
     0.950690   -0.004195
     0.963465   -0.003330
     0.974502   -0.002585
     0.983445   -0.001996
     0.990446   -0.001554
     0.996410   -0.001171
     1.000000    0.000000
