     1.000000    0.000000
     0.994421    0.001768
     0.984337    0.004026
     0.972112    0.006435
     0.958906    0.008885
     0.945221    0.011411
     0.931470    0.013926
     0.917686    0.016422
     0.903885    0.018934
     0.890077    0.021472
     0.876272    0.024031
     0.862469    0.026607
     0.848674    0.029178
     0.834916    0.031740
     0.821208    0.034331
     0.807525    0.036932
     0.793856    0.039486
     0.780218    0.042029
     0.766603    0.044638
     0.752972    0.047279
     0.739309    0.049882
     0.725635    0.052465
     0.711972    0.055090
     0.698319    0.057737
     0.684669    0.060343
     0.671031    0.062910
     0.657426    0.065512
     0.643862    0.068172
     0.630314    0.070811
     0.616740    0.073365
     0.603133    0.075892
     0.589547    0.078468
     0.576033    0.081062
     0.562560    0.083569
     0.549035    0.085957
     0.535438    0.088324
     0.521862    0.090747
     0.508394    0.093148
     0.494977    0.095410
     0.481471    0.097534
     0.467866    0.099646
     0.454330    0.101811
     0.440966    0.103906
     0.427614    0.105805
     0.414010    0.107520
     0.400201    0.109137
     0.386629    0.110632
     0.373464    0.111842
     0.360354    0.112666
     0.346868    0.113183
     0.333137    0.113536
     0.319792    0.113700
     0.306873    0.113494
     0.293798    0.112821
     0.280169    0.111828
     0.266531    0.110729
     0.253541    0.109420
     0.240852    0.107665
     0.227797    0.105491
     0.214485    0.103216
     0.201701    0.100904
     0.189406    0.098216
     0.176944    0.095064
     0.164260    0.091861
     0.152100    0.088746
     0.140486    0.085229
     0.128742    0.081185
     0.116881    0.077211
     0.105704    0.073354
     0.095051    0.068929
     0.084224    0.064102
     0.073669    0.059665
     0.063957    0.055003
     0.054294    0.049457
     0.044563    0.043958
     0.035870    0.038533
     0.027670    0.032446
     0.020046    0.026895
     0.013982    0.021900
     0.009432    0.017317
     0.006336    0.013628
     0.004250    0.010570
     0.002776    0.007840
     0.001655    0.005430
     0.000765    0.003419
     0.000159    0.001755
    -0.000025    0.000285
     0.000325   -0.001156
     0.001158   -0.002732
     0.002326   -0.004509
     0.003869   -0.006421
     0.005911   -0.008397
     0.008680   -0.010410
     0.012579   -0.012367
     0.018230   -0.014421
     0.025811   -0.016936
     0.035121   -0.019324
     0.045986   -0.021895
     0.056843   -0.024001
     0.067903   -0.025772
     0.079010   -0.027963
     0.090112   -0.029731
     0.101667   -0.031065
     0.113545   -0.032762
     0.125428   -0.034427
     0.137572   -0.035581
     0.150147   -0.036721
     0.162832   -0.038107
     0.175514   -0.039282
     0.188466   -0.040129
     0.201697   -0.041015
     0.214865   -0.041988
     0.227948   -0.042730
     0.241265   -0.043191
     0.254873   -0.043611
     0.268413   -0.044063
     0.281777   -0.044347
     0.295274   -0.044366
     0.309095   -0.044245
     0.322963   -0.044097
     0.336565   -0.043831
     0.350011   -0.043333
     0.363558   -0.042600
     0.377217   -0.041686
     0.390781   -0.040607
     0.404195   -0.039315
     0.417632   -0.037771
     0.431263   -0.036026
     0.445061   -0.034165
     0.458863   -0.032230
     0.472592   -0.030218
     0.486280   -0.028150
     0.499994   -0.026086
     0.513783   -0.024076
     0.527648   -0.022096
     0.541520   -0.020115
     0.555318   -0.018159
     0.569061   -0.016278
     0.582846   -0.014481
     0.596714   -0.012738
     0.610584   -0.011035
     0.624374   -0.009408
     0.638136   -0.007882
     0.651974   -0.006440
     0.665870   -0.005053
     0.679697   -0.003733
     0.693439   -0.002523
     0.707236   -0.001432
     0.721164   -0.000409
     0.735077    0.000570
     0.748860    0.001455
     0.762640    0.002210
     0.776554    0.002876
     0.790479    0.003493
     0.804280    0.004018
     0.818105    0.004417
     0.832069    0.004743
     0.845967    0.005023
     0.859729    0.005184
     0.873560    0.005214
     0.887448    0.005163
     0.901259    0.005014
     0.915074    0.004745
     0.928881    0.004373
     0.942621    0.003881
     0.956266    0.003257
     0.969627    0.002468
     0.982413    0.001492
     0.993648    0.000411
     1.000000    0.000000
