     0.999986    0.000185
     0.994817    0.000716
     0.986303    0.001590
     0.976698    0.002576
     0.965809    0.003693
     0.953552    0.004949
     0.940307    0.006305
     0.927229    0.007645
     0.914135    0.008991
     0.900779    0.010370
     0.887407    0.011764
     0.874165    0.013172
     0.860952    0.014621
     0.847712    0.016138
     0.834437    0.017734
     0.821133    0.019402
     0.807809    0.021131
     0.794467    0.022908
     0.781110    0.024720
     0.767740    0.026549
     0.754364    0.028375
     0.740994    0.030178
     0.727642    0.031945
     0.714313    0.033666
     0.701004    0.035334
     0.687700    0.036944
     0.674387    0.038495
     0.661058    0.039993
     0.647715    0.041438
     0.634366    0.042830
     0.621022    0.044166
     0.607684    0.045443
     0.594347    0.046659
     0.581002    0.047814
     0.567639    0.048911
     0.554258    0.049956
     0.540864    0.050950
     0.527465    0.051894
     0.514069    0.052784
     0.500682    0.053618
     0.487306    0.054393
     0.473941    0.055105
     0.460588    0.055748
     0.447250    0.056317
     0.433931    0.056806
     0.420631    0.057211
     0.407347    0.057527
     0.394069    0.057747
     0.380785    0.057872
     0.367482    0.057908
     0.354155    0.057860
     0.340799    0.057735
     0.327416    0.057539
     0.314013    0.057278
     0.300598    0.056958
     0.287184    0.056584
     0.273785    0.056153
     0.260411    0.055659
     0.247066    0.055095
     0.233749    0.054456
     0.220460    0.053732
     0.207203    0.052916
     0.193985    0.052001
     0.180817    0.050976
     0.167712    0.049826
     0.154678    0.048535
     0.141723    0.047090
     0.128861    0.045467
     0.116116    0.043641
     0.103520    0.041589
     0.091117    0.039291
     0.078942    0.036722
     0.066985    0.033842
     0.055246    0.030621
     0.043879    0.027091
     0.033263    0.023323
     0.023906    0.019468
     0.016250    0.015765
     0.010863    0.012647
     0.007242    0.010171
     0.004672    0.008068
     0.002778    0.006148
     0.001474    0.004458
     0.000618    0.002940
     0.000132    0.001530
    -0.000009    0.000184
     0.000212   -0.001142
     0.000793   -0.002493
     0.001757   -0.003909
     0.003190   -0.005435
     0.005237   -0.007095
     0.007991   -0.008803
     0.011820   -0.010721
     0.017456   -0.013036
     0.025460   -0.015665
     0.035293   -0.018293
     0.046413   -0.020715
     0.058240   -0.022832
     0.070508   -0.024661
     0.083103   -0.026239
     0.095938   -0.027611
     0.108948   -0.028816
     0.122084   -0.029883
     0.135312   -0.030830
     0.148604   -0.031679
     0.161942   -0.032450
     0.175315   -0.033154
     0.188716   -0.033799
     0.202138   -0.034392
     0.215576   -0.034939
     0.229027   -0.035445
     0.242490   -0.035911
     0.255965   -0.036343
     0.269454   -0.036743
     0.282959   -0.037115
     0.296475   -0.037462
     0.309995   -0.037788
     0.323511   -0.038093
     0.337021   -0.038377
     0.350532   -0.038640
     0.364060   -0.038882
     0.377614   -0.039109
     0.391189   -0.039327
     0.404761   -0.039544
     0.418290   -0.039756
     0.431749   -0.039941
     0.445136   -0.040076
     0.458470   -0.040139
     0.471786   -0.040123
     0.485110   -0.040029
     0.498456   -0.039860
     0.511828   -0.039621
     0.525218   -0.039315
     0.538621   -0.038946
     0.552032   -0.038520
     0.565445   -0.038039
     0.578860   -0.037507
     0.592273   -0.036923
     0.605689   -0.036288
     0.619108   -0.035603
     0.632533   -0.034872
     0.645963   -0.034095
     0.659397   -0.033276
     0.672829   -0.032416
     0.686254   -0.031512
     0.699669   -0.030564
     0.713070   -0.029571
     0.726456   -0.028530
     0.739830   -0.027439
     0.753197   -0.026296
     0.766567   -0.025099
     0.779951   -0.023854
     0.793359   -0.022569
     0.806799   -0.021250
     0.820274   -0.019904
     0.833774   -0.018532
     0.847269   -0.017142
     0.860713   -0.015740
     0.874076   -0.014331
     0.887394   -0.012911
     0.900768   -0.011470
     0.914159   -0.010011
     0.927309   -0.008561
     0.940435   -0.007096
     0.953663   -0.005599
     0.965885   -0.004197
     0.976752   -0.002934
     0.986341   -0.001808
     0.994840   -0.000801
     1.000000   -0.000185
