     1.000000    0.001350
     0.995187    0.002000
     0.987227    0.003075
     0.978171    0.004299
     0.967758    0.005706
     0.955771    0.007326
     0.942444    0.009128
     0.929286    0.010909
     0.916191    0.012686
     0.902782    0.014514
     0.889195    0.016376
     0.875863    0.018209
     0.862666    0.020025
     0.849496    0.021831
     0.836272    0.023633
     0.822939    0.025431
     0.809472    0.027223
     0.795873    0.029001
     0.782176    0.030754
     0.768427    0.032475
     0.754662    0.034157
     0.740906    0.035798
     0.727177    0.037396
     0.713479    0.038948
     0.699806    0.040455
     0.686142    0.041920
     0.672468    0.043347
     0.658770    0.044745
     0.645039    0.046120
     0.631274    0.047478
     0.617482    0.048823
     0.603680    0.050160
     0.589880    0.051494
     0.576105    0.052818
     0.562376    0.054119
     0.548700    0.055381
     0.535078    0.056592
     0.521502    0.057740
     0.507956    0.058814
     0.494416    0.059803
     0.480854    0.060701
     0.467242    0.061517
     0.453566    0.062263
     0.439823    0.062949
     0.426020    0.063585
     0.412179    0.064181
     0.398336    0.064749
     0.384540    0.065294
     0.370837    0.065801
     0.357252    0.066246
     0.343792    0.066606
     0.330441    0.066860
     0.317168    0.066988
     0.303925    0.066968
     0.290646    0.066780
     0.277254    0.066410
     0.263687    0.065873
     0.249927    0.065183
     0.236191    0.064372
     0.222563    0.063470
     0.208933    0.062494
     0.195183    0.061459
     0.181666    0.060391
     0.168591    0.059230
     0.155874    0.057884
     0.143306    0.056252
     0.130583    0.054242
     0.117500    0.051846
     0.104165    0.049127
     0.091120    0.046260
     0.078878    0.043331
     0.067050    0.040099
     0.054769    0.036199
     0.043121    0.031986
     0.033766    0.028178
     0.025747    0.024455
     0.017269    0.019740
     0.010525    0.014939
     0.006905    0.011883
     0.004579    0.009632
     0.002925    0.007785
     0.001713    0.006185
     0.000837    0.004755
     0.000242    0.003450
    -0.000095    0.002243
    -0.000181    0.001113
    -0.000004    0.000045
     0.000462   -0.000975
     0.001228   -0.001970
     0.002324   -0.002964
     0.003818   -0.003988
     0.005851   -0.005096
     0.008763   -0.006399
     0.013676   -0.008308
     0.023735   -0.012174
     0.032943   -0.015472
     0.042000   -0.018407
     0.053092   -0.021685
     0.066259   -0.025202
     0.079117   -0.028286
     0.091634   -0.031004
     0.104506   -0.033569
     0.117720   -0.035996
     0.130956   -0.038204
     0.144042   -0.040144
     0.156992   -0.041805
     0.169947   -0.043213
     0.183044   -0.044423
     0.196354   -0.045483
     0.209883   -0.046436
     0.223566   -0.047297
     0.237332   -0.048055
     0.251115   -0.048703
     0.264866   -0.049232
     0.278551   -0.049639
     0.292151   -0.049920
     0.305663   -0.050073
     0.319097   -0.050097
     0.332464   -0.049984
     0.345777   -0.049730
     0.359050   -0.049326
     0.372296   -0.048766
     0.385530   -0.048040
     0.398769   -0.047141
     0.412028   -0.046058
     0.425327   -0.044803
     0.438684   -0.043397
     0.452109   -0.041866
     0.465609   -0.040236
     0.479184   -0.038533
     0.492826   -0.036789
     0.506521   -0.035033
     0.520248   -0.033291
     0.533985   -0.031573
     0.547715   -0.029887
     0.561425   -0.028242
     0.575107   -0.026643
     0.588758   -0.025097
     0.602381   -0.023609
     0.615982   -0.022182
     0.629567   -0.020814
     0.643145   -0.019504
     0.656725   -0.018249
     0.670317   -0.017046
     0.683930   -0.015893
     0.697578   -0.014788
     0.711272   -0.013729
     0.725022   -0.012714
     0.738829   -0.011742
     0.752646   -0.010815
     0.766444   -0.009933
     0.780252   -0.009093
     0.794072   -0.008294
     0.807798   -0.007540
     0.821375   -0.006833
     0.834787   -0.006175
     0.848055   -0.005568
     0.861230   -0.005009
     0.874393   -0.004498
     0.887655   -0.004033
     0.901170   -0.003614
     0.914855   -0.003245
     0.928185   -0.002924
     0.941462   -0.002629
     0.954968   -0.002337
     0.967233   -0.002070
     0.977867   -0.001838
     0.987077   -0.001635
     0.995140   -0.001458
     1.000000   -0.001350
