     1.000000    0.000000
     0.994564    0.001559
     0.986006    0.003979
     0.976909    0.006505
     0.967212    0.009146
     0.956853    0.011909
     0.945768    0.014798
     0.933904    0.017814
     0.921231    0.020949
     0.907763    0.024182
     0.893578    0.027479
     0.878838    0.030792
     0.863785    0.034068
     0.848755    0.037242
     0.833687    0.040337
     0.818559    0.043369
     0.803551    0.046312
     0.788666    0.049177
     0.773858    0.051974
     0.759083    0.054709
     0.744312    0.057382
     0.729524    0.059994
     0.714710    0.062542
     0.699871    0.065021
     0.685018    0.067426
     0.670166    0.069749
     0.655325    0.071985
     0.640503    0.074129
     0.625698    0.076178
     0.610909    0.078127
     0.596126    0.079974
     0.581340    0.081719
     0.566539    0.083362
     0.551720    0.084905
     0.536880    0.086348
     0.522024    0.087692
     0.507158    0.088936
     0.492296    0.090081
     0.477451    0.091119
     0.462636    0.092044
     0.447862    0.092844
     0.433135    0.093513
     0.418459    0.094042
     0.403837    0.094425
     0.389267    0.094653
     0.374747    0.094725
     0.360272    0.094638
     0.345833    0.094391
     0.331421    0.093980
     0.317019    0.093403
     0.302610    0.092654
     0.288173    0.091730
     0.273687    0.090629
     0.259144    0.089354
     0.244551    0.087907
     0.229930    0.086294
     0.215323    0.084523
     0.200785    0.082608
     0.186387    0.080556
     0.172207    0.078343
     0.158306    0.075936
     0.144725    0.073303
     0.131486    0.070421
     0.118598    0.067266
     0.106058    0.063816
     0.093856    0.060052
     0.081987    0.055976
     0.070445    0.051607
     0.059302    0.046974
     0.049007    0.042278
     0.040088    0.037833
     0.032617    0.033749
     0.026327    0.029968
     0.020949    0.026396
     0.016360    0.022990
     0.012604    0.019899
     0.009584    0.017191
     0.007189    0.014826
     0.005277    0.012717
     0.003741    0.010795
     0.002512    0.009010
     0.001545    0.007329
     0.000812    0.005729
     0.000298    0.004189
    -0.000005    0.002695
    -0.000096    0.001231
     0.000034   -0.000214
     0.000396   -0.001654
     0.000986   -0.003100
     0.001806   -0.004561
     0.002867   -0.006045
     0.004190   -0.007561
     0.005809   -0.009115
     0.007773   -0.010710
     0.010151   -0.012338
     0.013014   -0.013955
     0.016422   -0.015465
     0.020489   -0.016799
     0.025341   -0.017951
     0.031217   -0.019017
     0.038536   -0.020029
     0.047757   -0.021026
     0.058588   -0.022084
     0.069674   -0.022917
     0.080712   -0.023182
     0.092811   -0.022847
     0.107132   -0.022140
     0.120920   -0.021436
     0.133766   -0.020758
     0.146411   -0.020059
     0.159327   -0.019302
     0.172900   -0.018446
     0.187458   -0.017444
     0.202452   -0.016306
     0.216760   -0.015110
     0.230728   -0.013856
     0.244637   -0.012541
     0.258688   -0.011162
     0.273028   -0.009724
     0.287746   -0.008234
     0.302857   -0.006714
     0.318178   -0.005199
     0.333367   -0.003722
     0.348494   -0.002275
     0.363645   -0.000848
     0.378884    0.000568
     0.394242    0.001976
     0.409536    0.003362
     0.424688    0.004709
     0.439713    0.006006
     0.454633    0.007238
     0.469479    0.008396
     0.484286    0.009468
     0.499094    0.010444
     0.513954    0.011315
     0.528908    0.012094
     0.543983    0.012798
     0.559188    0.013444
     0.574510    0.014048
     0.589912    0.014627
     0.605332    0.015197
     0.620690    0.015756
     0.635924    0.016277
     0.651001    0.016734
     0.665911    0.017103
     0.680673    0.017361
     0.695320    0.017490
     0.709906    0.017469
     0.724492    0.017306
     0.739135    0.017019
     0.753881    0.016629
     0.768770    0.016155
     0.783833    0.015617
     0.799090    0.015035
     0.814497    0.014430
     0.829783    0.013802
     0.844961    0.013131
     0.860142    0.012393
     0.875469    0.011561
     0.890620    0.010635
     0.905182    0.009628
     0.919002    0.008557
     0.932004    0.007446
     0.944181    0.006315
     0.955566    0.005178
     0.966216    0.004044
     0.976194    0.002920
     0.985565    0.001811
     0.994390    0.000719
     1.000000    0.000000
