     1.000000    0.000000
     0.994980    0.001341
     0.986753    0.003474
     0.977534    0.005768
     0.967140    0.008234
     0.955444    0.010857
     0.942510    0.013574
     0.928742    0.016283
     0.914845    0.018881
     0.900883    0.021410
     0.887022    0.023887
     0.873276    0.026319
     0.859585    0.028712
     0.845900    0.031071
     0.832189    0.033395
     0.818430    0.035685
     0.804613    0.037935
     0.790742    0.040141
     0.776831    0.042299
     0.762895    0.044407
     0.748945    0.046465
     0.734989    0.048474
     0.721032    0.050434
     0.707077    0.052346
     0.693121    0.054212
     0.679162    0.056033
     0.665195    0.057809
     0.651220    0.059538
     0.637239    0.061218
     0.623254    0.062850
     0.609272    0.064430
     0.595300    0.065956
     0.581348    0.067427
     0.567422    0.068834
     0.553525    0.070174
     0.539654    0.071441
     0.525802    0.072629
     0.511957    0.073736
     0.498103    0.074756
     0.484220    0.075688
     0.470291    0.076538
     0.456306    0.077314
     0.442265    0.078023
     0.428177    0.078672
     0.414061    0.079268
     0.399947    0.079818
     0.385873    0.080325
     0.371875    0.080776
     0.357972    0.081153
     0.344168    0.081437
     0.330455    0.081615
     0.316808    0.081669
     0.303193    0.081585
     0.289563    0.081344
     0.275869    0.080941
     0.262083    0.080371
     0.248206    0.079634
     0.234271    0.078729
     0.220343    0.077661
     0.206518    0.076440
     0.192915    0.075084
     0.179631    0.073593
     0.166646    0.071936
     0.153808    0.070065
     0.140845    0.067900
     0.127468    0.065354
     0.113774    0.062412
     0.100519    0.059237
     0.088607    0.056068
     0.077982    0.052766
     0.067596    0.048832
     0.056069    0.043684
     0.044645    0.038150
     0.036009    0.033659
     0.029188    0.029637
     0.023008    0.025321
     0.016420    0.019868
     0.011159    0.015343
     0.007769    0.012404
     0.005416    0.010196
     0.003675    0.008362
     0.002356    0.006750
     0.001365    0.005285
     0.000650    0.003921
     0.000185    0.002626
    -0.000040    0.001379
    -0.000021    0.000160
     0.000255   -0.001050
     0.000788   -0.002265
     0.001582   -0.003500
     0.002656   -0.004770
     0.004053   -0.006092
     0.005846   -0.007488
     0.008170   -0.008988
     0.011282   -0.010624
     0.015623   -0.012352
     0.021866   -0.013935
     0.030130   -0.015282
     0.040187   -0.016587
     0.051565   -0.017666
     0.063597   -0.018349
     0.076013   -0.018614
     0.088787   -0.018502
     0.101921   -0.018075
     0.115345   -0.017406
     0.128971   -0.016580
     0.142720   -0.015694
     0.156529   -0.014848
     0.170350   -0.014066
     0.184141   -0.013290
     0.197876   -0.012454
     0.211541   -0.011506
     0.225138   -0.010464
     0.238674   -0.009371
     0.252163   -0.008273
     0.265618   -0.007211
     0.279061   -0.006229
     0.292514   -0.005366
     0.306005   -0.004665
     0.319563   -0.004137
     0.333210   -0.003758
     0.346962   -0.003502
     0.360828   -0.003341
     0.374806   -0.003249
     0.388886   -0.003195
     0.403049   -0.003150
     0.417265   -0.003092
     0.431505   -0.003025
     0.445747   -0.002954
     0.459975   -0.002884
     0.474180   -0.002823
     0.488361   -0.002775
     0.502523   -0.002747
     0.516676   -0.002740
     0.530831   -0.002751
     0.544995   -0.002775
     0.559172   -0.002807
     0.573362   -0.002843
     0.587563   -0.002876
     0.601768   -0.002903
     0.615966   -0.002920
     0.630151   -0.002931
     0.644318   -0.002940
     0.658468   -0.002953
     0.672608   -0.002973
     0.686748   -0.003005
     0.700904   -0.003053
     0.715095   -0.003122
     0.729323   -0.003206
     0.743519   -0.003302
     0.757675   -0.003404
     0.771816   -0.003507
     0.785980   -0.003608
     0.800193   -0.003701
     0.814308   -0.003780
     0.828247   -0.003835
     0.842008   -0.003856
     0.855624   -0.003835
     0.869159   -0.003762
     0.882707   -0.003628
     0.896397   -0.003419
     0.910394   -0.003122
     0.924437   -0.002747
     0.938343   -0.002316
     0.952285   -0.001841
     0.965081   -0.001380
     0.976335   -0.000954
     0.986158   -0.000568
     0.994790   -0.000217
     1.000000    0.000000
