     1.000000    0.000000
     0.993600    0.002293
     0.983088    0.006073
     0.971313    0.010325
     0.958158    0.015099
     0.943707    0.020372
     0.928373    0.025974
     0.912688    0.031651
     0.896978    0.037219
     0.881252    0.042635
     0.865416    0.047958
     0.849397    0.053248
     0.833159    0.058554
     0.816701    0.063916
     0.800074    0.069360
     0.783371    0.074888
     0.766692    0.080445
     0.750110    0.085962
     0.733667    0.091382
     0.717377    0.096660
     0.701230    0.101762
     0.685194    0.106666
     0.669237    0.111371
     0.653326    0.115883
     0.637428    0.120209
     0.621511    0.124353
     0.605541    0.128319
     0.589480    0.132108
     0.573296    0.135728
     0.556970    0.139187
     0.540509    0.142489
     0.523945    0.145633
     0.507336    0.148616
     0.490769    0.151432
     0.474342    0.154060
     0.458128    0.156466
     0.442158    0.158622
     0.426431    0.160509
     0.410918    0.162115
     0.395567    0.163427
     0.380314    0.164437
     0.365104    0.165143
     0.349912    0.165544
     0.334739    0.165633
     0.319615    0.165407
     0.304596    0.164863
     0.289759    0.164007
     0.275189    0.162841
     0.260948    0.161358
     0.247050    0.159554
     0.233479    0.157420
     0.220194    0.154945
     0.207138    0.152106
     0.194236    0.148873
     0.181404    0.145212
     0.168591    0.141124
     0.155838    0.136640
     0.143272    0.131833
     0.131094    0.126785
     0.119476    0.121533
     0.108499    0.116091
     0.098173    0.110461
     0.088471    0.104635
     0.079353    0.098619
     0.070774    0.092414
     0.062686    0.086024
     0.055094    0.079534
     0.048084    0.073119
     0.041758    0.066975
     0.036167    0.061223
     0.031266    0.055884
     0.026970    0.050929
     0.023193    0.046315
     0.019838    0.041985
     0.016808    0.037901
     0.014057    0.034080
     0.011555    0.030541
     0.009295    0.027289
     0.007308    0.024313
     0.005590    0.021577
     0.004120    0.019040
     0.002876    0.016668
     0.001840    0.014432
     0.000998    0.012308
     0.000340    0.010278
    -0.000139    0.008328
    -0.000442    0.006443
    -0.000567    0.004612
    -0.000509    0.002825
    -0.000258    0.001072
     0.000201   -0.000657
     0.000877   -0.002372
     0.001767   -0.004081
     0.002872   -0.005792
     0.004196   -0.007510
     0.005747   -0.009236
     0.007531   -0.010972
     0.009557   -0.012711
     0.011819   -0.014435
     0.014294   -0.016116
     0.016964   -0.017709
     0.019834   -0.019174
     0.022916   -0.020472
     0.026243   -0.021569
     0.029876   -0.022443
     0.033892   -0.023093
     0.038396   -0.023522
     0.043535   -0.023732
     0.049503   -0.023751
     0.056486   -0.023651
     0.064616   -0.023457
     0.073912   -0.023167
     0.084336   -0.022793
     0.095872   -0.022263
     0.108486   -0.021430
     0.122220   -0.020222
     0.137108   -0.018689
     0.153082   -0.016953
     0.169920   -0.015161
     0.187297   -0.013346
     0.204924   -0.011505
     0.222627   -0.009628
     0.240295   -0.007702
     0.257843   -0.005714
     0.275206   -0.003652
     0.292346   -0.001503
     0.309243    0.000745
     0.325904    0.003063
     0.342358    0.005394
     0.358657    0.007685
     0.374868    0.009889
     0.391076    0.011962
     0.407385    0.013861
     0.423909    0.015586
     0.440734    0.017174
     0.457906    0.018663
     0.475418    0.020092
     0.493193    0.021497
     0.511070    0.022910
     0.528855    0.024308
     0.546411    0.025643
     0.563683    0.026871
     0.580680    0.027963
     0.597463    0.028890
     0.614134    0.029635
     0.630800    0.030206
     0.647538    0.030616
     0.664396    0.030876
     0.681387    0.030996
     0.698492    0.030983
     0.715653    0.030846
     0.732796    0.030575
     0.749858    0.030157
     0.766788    0.029582
     0.783549    0.028842
     0.800121    0.027930
     0.816490    0.026840
     0.832660    0.025567
     0.848645    0.024107
     0.864475    0.022452
     0.880191    0.020593
     0.895846    0.018516
     0.911501    0.016206
     0.927127    0.013689
     0.942445    0.011050
     0.956994    0.008417
     0.970380    0.005899
     0.982475    0.003545
     0.993351    0.001363
     1.000000    0.000000
