     1.000000    0.000000
     0.995079    0.002515
     0.987251    0.006295
     0.978819    0.010073
     0.969699    0.013825
     0.959794    0.017520
     0.949003    0.021111
     0.937231    0.024557
     0.924431    0.027889
     0.910631    0.031180
     0.895965    0.034548
     0.880855    0.038028
     0.865993    0.041469
     0.851245    0.044893
     0.836442    0.048332
     0.821471    0.051803
     0.806306    0.055305
     0.791234    0.058761
     0.776299    0.062156
     0.761439    0.065501
     0.746605    0.068804
     0.731757    0.072068
     0.716866    0.075295
     0.701913    0.078486
     0.686889    0.081639
     0.671793    0.084755
     0.656633    0.087838
     0.641419    0.090890
     0.626172    0.093913
     0.610917    0.096906
     0.595685    0.099869
     0.580510    0.102793
     0.565418    0.105659
     0.550420    0.108449
     0.535520    0.111146
     0.520709    0.113738
     0.505969    0.116214
     0.491275    0.118565
     0.476601    0.120784
     0.461930    0.122862
     0.447265    0.124790
     0.432620    0.126555
     0.418025    0.128145
     0.403524    0.129548
     0.389169    0.130753
     0.375008    0.131747
     0.361056    0.132521
     0.347296    0.133067
     0.333684    0.133379
     0.320152    0.133447
     0.306609    0.133258
     0.292937    0.132787
     0.278996    0.132014
     0.264694    0.130916
     0.250027    0.129478
     0.235124    0.127699
     0.220278    0.125615
     0.205891    0.123304
     0.192355    0.120869
     0.179869    0.118322
     0.168316    0.115581
     0.157420    0.112540
     0.146851    0.109052
     0.136214    0.104942
     0.125133    0.100094
     0.113403    0.094443
     0.101240    0.088171
     0.089495    0.081835
     0.078676    0.075640
     0.068232    0.069147
     0.057338    0.061870
     0.046781    0.054571
     0.038271    0.048499
     0.031586    0.043368
     0.026040    0.038660
     0.021173    0.033994
     0.016718    0.029294
     0.012857    0.025037
     0.009690    0.021489
     0.007182    0.018546
     0.005190    0.016024
     0.003595    0.013793
     0.002318    0.011774
     0.001310    0.009915
     0.000538    0.008179
    -0.000019    0.006542
    -0.000370    0.004983
    -0.000520    0.003487
    -0.000466    0.002042
    -0.000199    0.000635
     0.000301   -0.000745
     0.001040   -0.002107
     0.002017   -0.003454
     0.003241   -0.004790
     0.004724   -0.006112
     0.006492   -0.007413
     0.008579   -0.008676
     0.011024   -0.009864
     0.013861   -0.010896
     0.017149   -0.011683
     0.021036   -0.012186
     0.025740   -0.012434
     0.031581   -0.012540
     0.038922   -0.012504
     0.047961   -0.012352
     0.058669   -0.012242
     0.071140   -0.012233
     0.085012   -0.012244
     0.099292   -0.012159
     0.113522   -0.011905
     0.127828   -0.011538
     0.142326   -0.011149
     0.157046   -0.010837
     0.171940   -0.010629
     0.186943   -0.010463
     0.202015   -0.010271
     0.217136   -0.010003
     0.232300   -0.009671
     0.247504   -0.009293
     0.262744   -0.008893
     0.278016   -0.008490
     0.293319   -0.008106
     0.308652   -0.007763
     0.324013   -0.007469
     0.339402   -0.007219
     0.354816   -0.007011
     0.370255   -0.006840
     0.385719   -0.006701
     0.401205   -0.006593
     0.416714   -0.006509
     0.432243   -0.006444
     0.447791   -0.006393
     0.463354   -0.006351
     0.478929   -0.006311
     0.494512   -0.006267
     0.510095   -0.006215
     0.525674   -0.006155
     0.541245   -0.006092
     0.556806   -0.006030
     0.572359   -0.005973
     0.587904   -0.005926
     0.603449   -0.005894
     0.618999   -0.005880
     0.634559   -0.005882
     0.650133   -0.005900
     0.665718   -0.005933
     0.681311   -0.005979
     0.696905   -0.006037
     0.712487   -0.006106
     0.728049   -0.006186
     0.743586   -0.006277
     0.759105   -0.006379
     0.774616   -0.006492
     0.790141   -0.006615
     0.805705   -0.006751
     0.821327   -0.006894
     0.836910   -0.007033
     0.852449   -0.007159
     0.868014   -0.007260
     0.883604   -0.007328
     0.898950   -0.007350
     0.913885   -0.007304
     0.928217   -0.007091
     0.941732   -0.006628
     0.954264   -0.005876
     0.965748   -0.004868
     0.976223   -0.003676
     0.985786   -0.002360
     0.994548   -0.000963
     1.000000    0.000000
