     1.000000    0.000000
     0.994160    0.002035
     0.984550    0.005401
     0.973758    0.009209
     0.961661    0.013511
     0.948332    0.018293
     0.934196    0.023395
     0.919854    0.028529
     0.905687    0.033474
     0.891728    0.038146
     0.877800    0.042592
     0.863739    0.046896
     0.849422    0.051120
     0.834768    0.055316
     0.819748    0.059519
     0.804403    0.063751
     0.788864    0.068008
     0.773320    0.072234
     0.757918    0.076352
     0.742739    0.080306
     0.727807    0.084062
     0.713097    0.087599
     0.698550    0.090909
     0.684076    0.093995
     0.669591    0.096881
     0.655030    0.099595
     0.640346    0.102155
     0.625509    0.104576
     0.610510    0.106868
     0.595360    0.109038
     0.580095    0.111091
     0.564753    0.113019
     0.549369    0.114819
     0.533972    0.116488
     0.518583    0.118024
     0.503217    0.119429
     0.487882    0.120702
     0.472577    0.121845
     0.457300    0.122860
     0.442039    0.123748
     0.426777    0.124510
     0.411492    0.125147
     0.396154    0.125658
     0.380728    0.126044
     0.365190    0.126300
     0.349550    0.126423
     0.333856    0.126409
     0.318192    0.126256
     0.302680    0.125967
     0.287461    0.125547
     0.272660    0.124976
     0.258324    0.124218
     0.244432    0.123244
     0.230916    0.122025
     0.217679    0.120529
     0.204601    0.118715
     0.191536    0.116525
     0.178332    0.113914
     0.164974    0.110886
     0.151670    0.107506
     0.138830    0.103914
     0.126818    0.100174
     0.115655    0.096241
     0.105153    0.092013
     0.095041    0.087329
     0.084999    0.082031
     0.074889    0.076167
     0.065009    0.070044
     0.055901    0.063942
     0.047838    0.057992
     0.040821    0.052264
     0.034739    0.046821
     0.029443    0.041662
     0.024799    0.036756
     0.020686    0.032070
     0.016986    0.027678
     0.013716    0.023789
     0.010873    0.020476
     0.008457    0.017661
     0.006451    0.015213
     0.004793    0.013025
     0.003428    0.011022
     0.002318    0.009155
     0.001436    0.007390
     0.000764    0.005700
     0.000294    0.004064
     0.000021    0.002465
    -0.000051    0.000888
     0.000086   -0.000683
     0.000436   -0.002259
     0.000990   -0.003845
     0.001749   -0.005446
     0.002716   -0.007064
     0.003903   -0.008701
     0.005328   -0.010355
     0.007018   -0.012021
     0.009008   -0.013682
     0.011344   -0.015305
     0.014071   -0.016818
     0.017254   -0.018154
     0.021005   -0.019319
     0.025458   -0.020407
     0.030734   -0.021609
     0.036909   -0.022940
     0.043936   -0.024291
     0.051703   -0.025490
     0.060344   -0.026403
     0.070286   -0.027038
     0.081875   -0.027455
     0.094781   -0.027671
     0.108324   -0.027645
     0.122206   -0.027368
     0.136326   -0.026833
     0.150659   -0.026036
     0.165271   -0.024981
     0.180270   -0.023719
     0.195710   -0.022326
     0.211562   -0.020896
     0.227678   -0.019482
     0.243760   -0.018110
     0.259823   -0.016779
     0.275957   -0.015480
     0.292068   -0.014220
     0.308003   -0.013011
     0.323745   -0.011865
     0.339299   -0.010805
     0.354682   -0.009850
     0.369923   -0.009019
     0.385060   -0.008330
     0.400140   -0.007801
     0.415219   -0.007445
     0.430351   -0.007250
     0.445575   -0.007203
     0.460919   -0.007289
     0.476396   -0.007494
     0.492004   -0.007803
     0.507722   -0.008200
     0.523517   -0.008666
     0.539357   -0.009180
     0.555217   -0.009718
     0.571079   -0.010260
     0.586937   -0.010782
     0.602788   -0.011263
     0.618641   -0.011687
     0.634499   -0.012051
     0.650364   -0.012354
     0.666230   -0.012593
     0.682088   -0.012769
     0.697921   -0.012879
     0.713708   -0.012922
     0.729430   -0.012891
     0.745078   -0.012779
     0.760651   -0.012576
     0.776162   -0.012275
     0.791629   -0.011868
     0.807082   -0.011345
     0.822557   -0.010713
     0.838081   -0.009994
     0.853669   -0.009214
     0.869320   -0.008398
     0.885021   -0.007574
     0.900740   -0.006771
     0.916416   -0.006000
     0.931835   -0.005213
     0.946598   -0.004370
     0.960291   -0.003457
     0.972700   -0.002506
     0.983845   -0.001552
     0.993863   -0.000613
     1.000000    0.000000
