     1.000000    0.000000
     0.992094    0.003073
     0.979275    0.008039
     0.965180    0.013475
     0.949743    0.019399
     0.933055    0.025765
     0.915378    0.032443
     0.897039    0.039270
     0.878287    0.046111
     0.859282    0.052886
     0.840142    0.059532
     0.820942    0.066010
     0.801704    0.072298
     0.782397    0.078391
     0.762964    0.084305
     0.743371    0.090052
     0.723632    0.095632
     0.703804    0.101033
     0.683993    0.106233
     0.664328    0.111196
     0.644886    0.115888
     0.625667    0.120293
     0.606608    0.124412
     0.587591    0.128256
     0.568452    0.131847
     0.549046    0.135229
     0.529307    0.138439
     0.509266    0.141493
     0.489074    0.144399
     0.468997    0.147140
     0.449308    0.149648
     0.430181    0.151857
     0.411696    0.153732
     0.393857    0.155255
     0.376627    0.156421
     0.359947    0.157236
     0.343748    0.157710
     0.327953    0.157851
     0.312478    0.157662
     0.297236    0.157140
     0.282136    0.156275
     0.267086    0.155058
     0.252052    0.153492
     0.237084    0.151590
     0.222315    0.149382
     0.207940    0.146921
     0.194169    0.144278
     0.181185    0.141529
     0.169091    0.138692
     0.157860    0.135724
     0.147383    0.132581
     0.137528    0.129218
     0.128170    0.125602
     0.119214    0.121750
     0.110612    0.117693
     0.102348    0.113464
     0.094427    0.109107
     0.086863    0.104668
     0.079670    0.100207
     0.072859    0.095794
     0.066449    0.091500
     0.060460    0.087365
     0.054914    0.083370
     0.049800    0.079479
     0.045088    0.075654
     0.040744    0.071866
     0.036724    0.068105
     0.032990    0.064383
     0.029516    0.060710
     0.026280    0.057098
     0.023263    0.053559
     0.020452    0.050101
     0.017834    0.046730
     0.015410    0.043434
     0.013177    0.040204
     0.011131    0.037032
     0.009268    0.033910
     0.007583    0.030838
     0.006075    0.027821
     0.004743    0.024860
     0.003581    0.021955
     0.002585    0.019103
     0.001751    0.016299
     0.001074    0.013539
     0.000552    0.010816
     0.000184    0.008126
    -0.000033    0.005463
    -0.000096    0.002819
    -0.000003    0.000190
     0.000249   -0.002431
     0.000657   -0.005040
     0.001218   -0.007634
     0.001932   -0.010206
     0.002800   -0.012749
     0.003824   -0.015256
     0.005008   -0.017718
     0.006357   -0.020125
     0.007881   -0.022462
     0.009588   -0.024716
     0.011489   -0.026866
     0.013601   -0.028891
     0.015940   -0.030762
     0.018515   -0.032474
     0.021314   -0.034068
     0.024317   -0.035598
     0.027491   -0.037130
     0.030791   -0.038740
     0.034202   -0.040442
     0.037731   -0.042214
     0.041389   -0.044027
     0.045192   -0.045847
     0.049165   -0.047636
     0.053346   -0.049351
     0.057787   -0.050947
     0.062540   -0.052420
     0.067650   -0.053790
     0.073166   -0.055083
     0.079129   -0.056334
     0.085555   -0.057580
     0.092455   -0.058813
     0.099848   -0.059999
     0.107776   -0.061099
     0.116330   -0.062086
     0.125630   -0.062960
     0.135809   -0.063730
     0.146991   -0.064416
     0.159218   -0.065059
     0.172349   -0.065671
     0.186125   -0.066170
     0.200331   -0.066457
     0.214928   -0.066436
     0.230076   -0.066069
     0.245987   -0.065359
     0.262890   -0.064307
     0.281001   -0.062918
     0.300455   -0.061225
     0.321140   -0.059304
     0.342645   -0.057213
     0.364513   -0.054981
     0.386438   -0.052630
     0.408341   -0.050161
     0.430362   -0.047561
     0.452683   -0.044833
     0.475405   -0.041993
     0.498519   -0.039073
     0.521884   -0.036125
     0.545280   -0.033201
     0.568534   -0.030339
     0.591551   -0.027569
     0.614309   -0.024907
     0.636841   -0.022361
     0.659203   -0.019929
     0.681467   -0.017610
     0.703723   -0.015402
     0.726069   -0.013299
     0.748543   -0.011288
     0.771058   -0.009363
     0.793395   -0.007529
     0.815238   -0.005798
     0.836304   -0.004228
     0.856493   -0.002875
     0.875845   -0.001772
     0.894480   -0.000939
     0.912549   -0.000384
     0.930121   -0.000060
     0.947044    0.000103
     0.963035    0.000163
     0.977880    0.000148
     0.991531    0.000075
     1.000000    0.000000
