     1.000000    0.000000
     0.993072    0.002079
     0.981805    0.005438
     0.969338    0.009124
     0.955544    0.013163
     0.940409    0.017549
     0.924124    0.022220
     0.907036    0.027078
     0.889503    0.032027
     0.871770    0.036992
     0.854004    0.041904
     0.836304    0.046716
     0.818700    0.051400
     0.801155    0.055948
     0.783574    0.060369
     0.765842    0.064699
     0.747879    0.068979
     0.729654    0.073234
     0.711190    0.077482
     0.692580    0.081726
     0.673972    0.085941
     0.655504    0.090075
     0.637258    0.094082
     0.619264    0.097935
     0.601507    0.101616
     0.583938    0.105117
     0.566493    0.108440
     0.549125    0.111590
     0.531806    0.114566
     0.514526    0.117364
     0.497292    0.119977
     0.480124    0.122398
     0.463048    0.124615
     0.446078    0.126621
     0.429213    0.128409
     0.412436    0.129976
     0.395723    0.131318
     0.379035    0.132430
     0.362342    0.133314
     0.345639    0.133968
     0.328957    0.134390
     0.312353    0.134582
     0.295913    0.134546
     0.279742    0.134285
     0.263945    0.133777
     0.248592    0.132992
     0.233720    0.131913
     0.219340    0.130528
     0.205445    0.128829
     0.192014    0.126814
     0.179025    0.124481
     0.166454    0.121835
     0.154276    0.118881
     0.142463    0.115620
     0.130991    0.112057
     0.119885    0.108218
     0.109224    0.104160
     0.099118    0.099960
     0.089665    0.095706
     0.080931    0.091451
     0.072908    0.087210
     0.065541    0.082978
     0.058764    0.078767
     0.052538    0.074606
     0.046839    0.070535
     0.041647    0.066588
     0.036950    0.062785
     0.032718    0.059126
     0.028908    0.055605
     0.025479    0.052208
     0.022391    0.048923
     0.019602    0.045732
     0.017056    0.042611
     0.014712    0.039547
     0.012543    0.036542
     0.010525    0.033601
     0.008653    0.030737
     0.006948    0.027972
     0.005421    0.025313
     0.004071    0.022760
     0.002894    0.020306
     0.001886    0.017943
     0.001042    0.015662
     0.000358    0.013456
    -0.000167    0.011317
    -0.000534    0.009237
    -0.000742    0.007210
    -0.000785    0.005230
    -0.000658    0.003289
    -0.000350    0.001382
     0.000154   -0.000497
     0.000863   -0.002357
     0.001775   -0.004206
     0.002887   -0.006051
     0.004201   -0.007898
     0.005719   -0.009751
     0.007444   -0.011614
     0.009376   -0.013483
     0.011507   -0.015355
     0.013820   -0.017213
     0.016291   -0.019035
     0.018923   -0.020793
     0.021729   -0.022461
     0.024730   -0.024014
     0.027963   -0.025434
     0.031474   -0.026718
     0.035308   -0.027887
     0.039520   -0.028964
     0.044172   -0.029987
     0.049326   -0.031014
     0.055006   -0.032133
     0.061206   -0.033373
     0.067919   -0.034673
     0.075155   -0.035942
     0.083021   -0.037076
     0.091714   -0.038057
     0.101447   -0.038912
     0.112324   -0.039676
     0.124248   -0.040311
     0.136981   -0.040755
     0.150274   -0.040962
     0.164047   -0.040905
     0.178380   -0.040574
     0.193360   -0.039962
     0.209024   -0.039065
     0.225340   -0.037887
     0.242241   -0.036440
     0.259633   -0.034748
     0.277413   -0.032848
     0.295472   -0.030788
     0.313711   -0.028620
     0.332049   -0.026391
     0.350418   -0.024142
     0.368767   -0.021914
     0.387060   -0.019746
     0.405283   -0.017670
     0.423434   -0.015711
     0.441523   -0.013873
     0.459567   -0.012158
     0.477599   -0.010565
     0.495657   -0.009096
     0.513795   -0.007752
     0.532062   -0.006522
     0.550487   -0.005392
     0.569065   -0.004352
     0.587759   -0.003389
     0.606491   -0.002493
     0.625163   -0.001667
     0.643698   -0.000928
     0.662074   -0.000291
     0.680308    0.000230
     0.698459    0.000623
     0.716623    0.000882
     0.734897    0.001029
     0.753348    0.001093
     0.772002    0.001105
     0.790837    0.001099
     0.809781    0.001108
     0.828719    0.001138
     0.847538    0.001166
     0.866146    0.001170
     0.884473    0.001132
     0.902473    0.001032
     0.920089    0.000868
     0.937090    0.000673
     0.953076    0.000484
     0.967708    0.000320
     0.980898    0.000183
     0.992751    0.000067
     1.000000    0.000000
