     1.000000    0.014000
     0.994552    0.015925
     0.985527    0.019120
     0.975271    0.022757
     0.963571    0.026915
     0.950388    0.031611
     0.936113    0.036701
     0.921500    0.041858
     0.907125    0.046810
     0.893111    0.051461
     0.879298    0.055851
     0.865524    0.060048
     0.851666    0.064100
     0.837635    0.068041
     0.823369    0.071894
     0.808843    0.075669
     0.794070    0.079369
     0.779103    0.082983
     0.764004    0.086500
     0.748825    0.089909
     0.733611    0.093207
     0.718390    0.096393
     0.703179    0.099470
     0.687982    0.102442
     0.672793    0.105312
     0.657605    0.108080
     0.642416    0.110745
     0.627219    0.113307
     0.612014    0.115765
     0.596797    0.118118
     0.581567    0.120365
     0.566325    0.122504
     0.551071    0.124533
     0.535806    0.126451
     0.520533    0.128256
     0.505257    0.129945
     0.489980    0.131518
     0.474708    0.132971
     0.459448    0.134298
     0.444205    0.135495
     0.428986    0.136558
     0.413800    0.137482
     0.398652    0.138264
     0.383552    0.138899
     0.368506    0.139379
     0.353519    0.139698
     0.338595    0.139849
     0.323736    0.139823
     0.308942    0.139617
     0.294213    0.139222
     0.279555    0.138621
     0.264995    0.137783
     0.250585    0.136680
     0.236391    0.135291
     0.222494    0.133606
     0.208975    0.131622
     0.195911    0.129349
     0.183354    0.126800
     0.171264    0.123968
     0.159500    0.120814
     0.147846    0.117258
     0.136018    0.113174
     0.123882    0.108485
     0.111762    0.103302
     0.100432    0.098010
     0.090557    0.092998
     0.082133    0.088185
     0.074720    0.083269
     0.067843    0.077945
     0.061029    0.072144
     0.054064    0.066078
     0.047098    0.060298
     0.040627    0.055208
     0.034925    0.050679
     0.029940    0.046471
     0.025552    0.042374
     0.021633    0.038207
     0.017999    0.033936
     0.014635    0.029799
     0.011607    0.026063
     0.008982    0.022816
     0.006791    0.019992
     0.004975    0.017489
     0.003477    0.015226
     0.002250    0.013148
     0.001262    0.011215
     0.000491    0.009399
    -0.000077    0.007677
    -0.000451    0.006031
    -0.000634    0.004448
    -0.000624    0.002916
    -0.000412    0.001423
     0.000015   -0.000040
     0.000673   -0.001482
     0.001561   -0.002907
     0.002678   -0.004314
     0.004031   -0.005699
     0.005632   -0.007054
     0.007497   -0.008361
     0.009648   -0.009593
     0.012108   -0.010693
     0.014891   -0.011578
     0.018065   -0.012201
     0.021748   -0.012557
     0.026108   -0.012703
     0.031369   -0.012737
     0.037796   -0.012653
     0.045611   -0.012460
     0.054893   -0.012252
     0.065860   -0.012109
     0.078719   -0.011980
     0.093187   -0.011794
     0.108592   -0.011584
     0.124465   -0.011376
     0.140521   -0.011171
     0.156607   -0.010965
     0.172708   -0.010757
     0.188841   -0.010546
     0.205008   -0.010335
     0.221186   -0.010124
     0.237352   -0.009913
     0.253515   -0.009703
     0.269683   -0.009493
     0.285859   -0.009284
     0.302042   -0.009073
     0.318223   -0.008863
     0.334401   -0.008653
     0.350578   -0.008443
     0.366756   -0.008232
     0.382937   -0.008022
     0.399121   -0.007811
     0.415306   -0.007601
     0.431489   -0.007391
     0.447669   -0.007180
     0.463849   -0.006970
     0.480029   -0.006760
     0.496212   -0.006549
     0.512396   -0.006339
     0.528574   -0.006129
     0.544744   -0.005918
     0.560904   -0.005708
     0.577056   -0.005498
     0.593201   -0.005288
     0.609339   -0.005079
     0.625475   -0.004869
     0.641610   -0.004659
     0.657749   -0.004449
     0.673897   -0.004239
     0.690059   -0.004029
     0.706238   -0.003819
     0.722399   -0.003609
     0.738533   -0.003399
     0.754647   -0.003190
     0.770755   -0.002980
     0.786879   -0.002771
     0.803041   -0.002560
     0.819162   -0.002351
     0.835186   -0.002143
     0.851123   -0.001935
     0.867006   -0.001729
     0.882895   -0.001522
     0.898876   -0.001315
     0.914997   -0.001105
     0.931106   -0.000896
     0.946758   -0.000692
     0.961070   -0.000506
     0.973656   -0.000342
     0.984617   -0.000200
     0.994218   -0.000075
     1.000000    0.000000
