     1.000000    0.000000
     0.994926    0.000454
     0.985804    0.001297
     0.974473    0.002392
     0.961937    0.003661
     0.949310    0.004983
     0.936680    0.006325
     0.924026    0.007650
     0.911304    0.008942
     0.898588    0.010235
     0.885864    0.011568
     0.873101    0.012921
     0.860330    0.014271
     0.847578    0.015630
     0.834821    0.017014
     0.822040    0.018415
     0.809252    0.019818
     0.796475    0.021214
     0.783705    0.022597
     0.770936    0.023966
     0.758164    0.025321
     0.745389    0.026662
     0.732618    0.027986
     0.719854    0.029287
     0.707096    0.030563
     0.694342    0.031809
     0.681586    0.033024
     0.668826    0.034208
     0.656060    0.035362
     0.643291    0.036487
     0.630525    0.037580
     0.617764    0.038637
     0.605009    0.039653
     0.592259    0.040624
     0.579511    0.041549
     0.566763    0.042425
     0.554013    0.043251
     0.541261    0.044025
     0.528506    0.044747
     0.515749    0.045416
     0.502989    0.046033
     0.490228    0.046597
     0.477465    0.047108
     0.464701    0.047567
     0.451933    0.047973
     0.439160    0.048328
     0.426380    0.048632
     0.413593    0.048889
     0.400804    0.049098
     0.388019    0.049263
     0.375241    0.049378
     0.362468    0.049442
     0.349701    0.049450
     0.336945    0.049398
     0.324204    0.049281
     0.311469    0.049091
     0.298730    0.048831
     0.285985    0.048503
     0.273230    0.048112
     0.260453    0.047667
     0.247657    0.047178
     0.234871    0.046651
     0.222116    0.046075
     0.209388    0.045437
     0.196685    0.044727
     0.184016    0.043930
     0.171390    0.043031
     0.158814    0.042011
     0.146286    0.040850
     0.133801    0.039531
     0.121349    0.038046
     0.108928    0.036384
     0.096565    0.034537
     0.084312    0.032492
     0.072178    0.030216
     0.060126    0.027656
     0.048284    0.024791
     0.036931    0.021607
     0.026131    0.017957
     0.016583    0.013961
     0.009297    0.010022
     0.004950    0.006979
     0.002392    0.004555
     0.000900    0.002730
     0.000167    0.001301
    -0.000003    0.000031
     0.000403   -0.001230
     0.001453   -0.002622
     0.003423   -0.004275
     0.006731   -0.006232
     0.012412   -0.008806
     0.021048   -0.011661
     0.031898   -0.014247
     0.043517   -0.016420
     0.055601   -0.018248
     0.068015   -0.019843
     0.080460   -0.021221
     0.092959   -0.022431
     0.105554   -0.023512
     0.118199   -0.024482
     0.130854   -0.025348
     0.143515   -0.026115
     0.156192   -0.026786
     0.168894   -0.027368
     0.181623   -0.027874
     0.194374   -0.028315
     0.207142   -0.028698
     0.219921   -0.029030
     0.232714   -0.029319
     0.245522   -0.029570
     0.258339   -0.029790
     0.271154   -0.029979
     0.283961   -0.030136
     0.296762   -0.030256
     0.309555   -0.030335
     0.322338   -0.030369
     0.335114   -0.030353
     0.347891   -0.030286
     0.360671   -0.030168
     0.373456   -0.030003
     0.386247   -0.029793
     0.399042   -0.029541
     0.411840   -0.029249
     0.424639   -0.028918
     0.437438   -0.028549
     0.450235   -0.028142
     0.463030   -0.027698
     0.475822   -0.027216
     0.488611   -0.026696
     0.501399   -0.026137
     0.514186   -0.025539
     0.526975   -0.024904
     0.539765   -0.024232
     0.552556   -0.023526
     0.565347   -0.022787
     0.578136   -0.022017
     0.590925   -0.021216
     0.603718   -0.020386
     0.616518   -0.019529
     0.629330   -0.018651
     0.642154   -0.017760
     0.654988   -0.016860
     0.667828   -0.015957
     0.680668   -0.015050
     0.693507   -0.014141
     0.706341   -0.013229
     0.719170   -0.012317
     0.731993   -0.011411
     0.744808   -0.010518
     0.757613   -0.009642
     0.770407   -0.008788
     0.783191   -0.007961
     0.795973   -0.007164
     0.808761   -0.006400
     0.821557   -0.005670
     0.834331   -0.004978
     0.847063   -0.004338
     0.859806   -0.003764
     0.872618   -0.003235
     0.885430   -0.002731
     0.898148   -0.002279
     0.910843   -0.001912
     0.923601   -0.001578
     0.936310   -0.001216
     0.948950   -0.000858
     0.961669   -0.000552
     0.974293   -0.000312
     0.985716   -0.000144
     0.994902   -0.000043
     1.000000    0.000000
