     1.000000   -0.013223
     0.993121   -0.011092
     0.982168   -0.007255
     0.970251   -0.002951
     0.957462    0.001729
     0.944023    0.006710
     0.930091    0.011728
     0.915613    0.016588
     0.900439    0.021322
     0.884646    0.025984
     0.868314    0.030495
     0.851317    0.034890
     0.833694    0.039218
     0.815694    0.043443
     0.797412    0.047470
     0.778826    0.051314
     0.759964    0.054977
     0.740975    0.058437
     0.721754    0.061646
     0.702448    0.064736
     0.683760    0.067522
     0.665304    0.069869
     0.646522    0.071933
     0.627371    0.073783
     0.607827    0.075427
     0.587927    0.076885
     0.567699    0.078159
     0.547185    0.079253
     0.526430    0.080172
     0.505486    0.080921
     0.484403    0.081499
     0.463231    0.081906
     0.442018    0.082145
     0.420803    0.082209
     0.399621    0.082102
     0.378513    0.081818
     0.357506    0.081360
     0.336652    0.080728
     0.316001    0.079923
     0.295622    0.078953
     0.275613    0.077822
     0.256079    0.076538
     0.237133    0.075110
     0.218895    0.073553
     0.201495    0.071890
     0.185051    0.070144
     0.169655    0.068344
     0.155366    0.066517
     0.142202    0.064683
     0.130135    0.062863
     0.119111    0.061066
     0.109053    0.059298
     0.099872    0.057561
     0.091479    0.055851
     0.083788    0.054157
     0.076718    0.052467
     0.070196    0.050771
     0.064162    0.049058
     0.058557    0.047326
     0.053337    0.045577
     0.048462    0.043813
     0.043899    0.042039
     0.039619    0.040255
     0.035601    0.038455
     0.031824    0.036631
     0.028266    0.034794
     0.024910    0.032949
     0.021747    0.031099
     0.018774    0.029224
     0.015979    0.027325
     0.013362    0.025391
     0.010921    0.023416
     0.008662    0.021384
     0.006603    0.019276
     0.004772    0.017070
     0.003240    0.014725
     0.002098    0.012222
     0.001260    0.009633
     0.000689    0.006991
     0.000310    0.004329
     0.000077    0.001672
    -0.000021   -0.000982
     0.000014   -0.003652
     0.000188   -0.006348
     0.000513   -0.009070
     0.000971   -0.011815
     0.001526   -0.014583
     0.002210   -0.017357
     0.003078   -0.020122
     0.004119   -0.022878
     0.005321   -0.025619
     0.006705   -0.028331
     0.008283   -0.031002
     0.010061   -0.033624
     0.012036   -0.036196
     0.014216   -0.038700
     0.016632   -0.041102
     0.019246   -0.043453
     0.022043   -0.045763
     0.025052   -0.048011
     0.028268   -0.050210
     0.031697   -0.052363
     0.035350   -0.054475
     0.039238   -0.056548
     0.043373   -0.058591
     0.047765   -0.060608
     0.052429   -0.062594
     0.057390   -0.064533
     0.062686   -0.066428
     0.068337   -0.068338
     0.074325   -0.070320
     0.080733   -0.072191
     0.087649   -0.073977
     0.095068   -0.075762
     0.102985   -0.077515
     0.111440   -0.079204
     0.120480   -0.080833
     0.130093   -0.082411
     0.140225   -0.083881
     0.150894   -0.085277
     0.162101   -0.086610
     0.173935   -0.087771
     0.186567   -0.088934
     0.200261   -0.089956
     0.214859   -0.090912
     0.230299   -0.091714
     0.246541   -0.092357
     0.263430   -0.092817
     0.280833   -0.093081
     0.298579   -0.093123
     0.316570   -0.092930
     0.334693   -0.092489
     0.352887   -0.091786
     0.371120   -0.090808
     0.389398   -0.089542
     0.407757   -0.087982
     0.426225   -0.086122
     0.444865   -0.083947
     0.463772   -0.081451
     0.483015   -0.078633
     0.502696   -0.075489
     0.522893   -0.072031
     0.543661   -0.068275
     0.565019   -0.064256
     0.586900   -0.060008
     0.609237   -0.055615
     0.631646   -0.051213
     0.653799   -0.046916
     0.675542   -0.042800
     0.696802   -0.038922
     0.717653   -0.035304
     0.738091   -0.031923
     0.758056   -0.028825
     0.777622   -0.026005
     0.796748   -0.023462
     0.815369   -0.021210
     0.833466   -0.019256
     0.850985   -0.017589
     0.867840   -0.016207
     0.883969   -0.015110
     0.899282   -0.014292
     0.913756   -0.013755
     0.927473   -0.013475
     0.940372   -0.013386
     0.952280   -0.013500
     0.963295   -0.013989
     0.973709   -0.014958
     0.983735   -0.016451
     0.993520   -0.018645
     1.000000   -0.020864
