     1.000000    0.001950
     0.995184    0.002436
     0.987229    0.003234
     0.978202    0.004133
     0.967864    0.005152
     0.956031    0.006306
     0.942975    0.007564
     0.930115    0.008789
     0.917315    0.009999
     0.904228    0.011231
     0.890921    0.012483
     0.877825    0.013715
     0.864855    0.014934
     0.851906    0.016151
     0.838904    0.017373
     0.825796    0.018603
     0.812556    0.019843
     0.799187    0.021094
     0.785802    0.022344
     0.772470    0.023585
     0.759158    0.024818
     0.745837    0.026046
     0.732489    0.027268
     0.719101    0.028483
     0.705679    0.029690
     0.692276    0.030883
     0.678898    0.032059
     0.665533    0.033216
     0.652173    0.034355
     0.638812    0.035473
     0.625446    0.036570
     0.612073    0.037642
     0.598692    0.038688
     0.585307    0.039706
     0.571921    0.040693
     0.558535    0.041646
     0.545152    0.042564
     0.531774    0.043444
     0.518402    0.044283
     0.505035    0.045079
     0.491675    0.045830
     0.478321    0.046533
     0.464972    0.047186
     0.451628    0.047786
     0.438289    0.048331
     0.424954    0.048816
     0.411622    0.049241
     0.398293    0.049601
     0.384966    0.049895
     0.371641    0.050119
     0.358318    0.050272
     0.344997    0.050352
     0.331682    0.050355
     0.318373    0.050279
     0.305073    0.050123
     0.291786    0.049883
     0.278515    0.049556
     0.265263    0.049137
     0.252032    0.048621
     0.238822    0.048002
     0.225631    0.047276
     0.212458    0.046437
     0.199298    0.045480
     0.186148    0.044399
     0.173007    0.043194
     0.159880    0.041862
     0.146780    0.040406
     0.133725    0.038814
     0.120743    0.037060
     0.107866    0.035118
     0.095132    0.032964
     0.082535    0.030603
     0.069817    0.028022
     0.056776    0.025123
     0.044631    0.022068
     0.034522    0.019233
     0.024896    0.016304
     0.014010    0.012236
     0.008740    0.009509
     0.005772    0.007636
     0.003756    0.006111
     0.002302    0.004775
     0.001253    0.003555
     0.000536    0.002412
     0.000116    0.001319
    -0.000014    0.000257
     0.000158   -0.000793
     0.000632   -0.001849
     0.001413   -0.002928
     0.002536   -0.004051
     0.004074   -0.005243
     0.006184   -0.006547
     0.009240   -0.008044
     0.014401   -0.009862
     0.024439   -0.011424
     0.035013   -0.012197
     0.046222   -0.012799
     0.058976   -0.013141
     0.072379   -0.013210
     0.085766   -0.013205
     0.099156   -0.013183
     0.112577   -0.013125
     0.126021   -0.013036
     0.139480   -0.012926
     0.152952   -0.012803
     0.166430   -0.012676
     0.179908   -0.012549
     0.193381   -0.012427
     0.206847   -0.012313
     0.220308   -0.012210
     0.233764   -0.012118
     0.247217   -0.012037
     0.260668   -0.011970
     0.274119   -0.011915
     0.287570   -0.011874
     0.301022   -0.011849
     0.314476   -0.011838
     0.327934   -0.011841
     0.341395   -0.011856
     0.354859   -0.011883
     0.368327   -0.011921
     0.381798   -0.011966
     0.395272   -0.012020
     0.408749   -0.012079
     0.422227   -0.012143
     0.435705   -0.012210
     0.449184   -0.012279
     0.462663   -0.012347
     0.476141   -0.012413
     0.489617   -0.012475
     0.503091   -0.012533
     0.516564   -0.012583
     0.530034   -0.012624
     0.543500   -0.012654
     0.556962   -0.012670
     0.570419   -0.012671
     0.583870   -0.012655
     0.597314   -0.012620
     0.610749   -0.012563
     0.624174   -0.012485
     0.637591   -0.012386
     0.651003   -0.012269
     0.664412   -0.012133
     0.677826   -0.011980
     0.691253   -0.011809
     0.704701   -0.011623
     0.718177   -0.011421
     0.731633   -0.011202
     0.745056   -0.010966
     0.758457   -0.010710
     0.771856   -0.010434
     0.785281   -0.010135
     0.798741   -0.009812
     0.812114   -0.009466
     0.825351   -0.009099
     0.838450   -0.008712
     0.851438   -0.008304
     0.864367   -0.007874
     0.877313   -0.007418
     0.890382   -0.006933
     0.903696   -0.006413
     0.916892   -0.005872
     0.929778   -0.005320
     0.942698   -0.004745
     0.955810   -0.004140
     0.967708   -0.003573
     0.978104   -0.003064
     0.987175   -0.002609
     0.995165   -0.002201
     1.000000   -0.001950
