     1.000000    0.002600
     0.994069    0.003313
     0.984322    0.004497
     0.973383    0.005846
     0.961096    0.007387
     0.947463    0.009126
     0.932812    0.011034
     0.917702    0.013054
     0.902584    0.015137
     0.887590    0.017273
     0.872648    0.019465
     0.857677    0.021712
     0.842620    0.024009
     0.827438    0.026350
     0.812116    0.028724
     0.796662    0.031116
     0.781109    0.033510
     0.765517    0.035897
     0.749937    0.038270
     0.734348    0.040633
     0.718750    0.042985
     0.703185    0.045323
     0.687658    0.047644
     0.672167    0.049946
     0.656708    0.052223
     0.641283    0.054468
     0.625891    0.056676
     0.610536    0.058840
     0.595223    0.060954
     0.579956    0.063011
     0.564741    0.065002
     0.549578    0.066917
     0.534469    0.068750
     0.519409    0.070492
     0.504395    0.072137
     0.489419    0.073678
     0.474476    0.075110
     0.459561    0.076429
     0.444670    0.077631
     0.429803    0.078712
     0.414961    0.079667
     0.400144    0.080493
     0.385358    0.081183
     0.370608    0.081733
     0.355898    0.082135
     0.341233    0.082383
     0.326619    0.082471
     0.312061    0.082394
     0.297563    0.082146
     0.283131    0.081722
     0.268767    0.081119
     0.254475    0.080331
     0.240250    0.079356
     0.226090    0.078189
     0.211984    0.076824
     0.197924    0.075255
     0.183900    0.073474
     0.169944    0.071476
     0.156147    0.069264
     0.142651    0.066860
     0.129591    0.064267
     0.116994    0.061463
     0.104782    0.058402
     0.092815    0.055027
     0.081043    0.051374
     0.069826    0.047665
     0.059677    0.044078
     0.050762    0.040614
     0.042978    0.037260
     0.036213    0.034062
     0.030362    0.031062
     0.025307    0.028275
     0.020927    0.025678
     0.017134    0.023193
     0.013876    0.020799
     0.011086    0.018507
     0.008724    0.016342
     0.006744    0.014309
     0.005092    0.012388
     0.003718    0.010561
     0.002590    0.008808
     0.001680    0.007114
     0.000974    0.005466
     0.000461    0.003851
     0.000135    0.002259
    -0.000001    0.000680
     0.000058   -0.000898
     0.000310   -0.002481
     0.000747   -0.004075
     0.001368   -0.005682
     0.002176   -0.007305
     0.003178   -0.008945
     0.004387   -0.010601
     0.005823   -0.012268
     0.007511   -0.013936
     0.009486   -0.015586
     0.011790   -0.017176
     0.014466   -0.018630
     0.017585   -0.019913
     0.021250   -0.021049
     0.025575   -0.022140
     0.030671   -0.023355
     0.036632   -0.024707
     0.043462   -0.026123
     0.051112   -0.027480
     0.059752   -0.028690
     0.069809   -0.029798
     0.081559   -0.030906
     0.094452   -0.031991
     0.107801   -0.032905
     0.121616   -0.033629
     0.136058   -0.034219
     0.151137   -0.034738
     0.166626   -0.035239
     0.182201   -0.035713
     0.197675   -0.036140
     0.213034   -0.036511
     0.228353   -0.036830
     0.243700   -0.037108
     0.259123   -0.037353
     0.274648   -0.037573
     0.290285   -0.037778
     0.306016   -0.037975
     0.321786   -0.038167
     0.337538   -0.038353
     0.353294   -0.038532
     0.369069   -0.038702
     0.384817   -0.038860
     0.400521   -0.039005
     0.416181   -0.039134
     0.431804   -0.039245
     0.447393   -0.039332
     0.462954   -0.039392
     0.478491   -0.039421
     0.494008   -0.039413
     0.509509   -0.039366
     0.524997   -0.039277
     0.540475   -0.039144
     0.555943   -0.038966
     0.571402   -0.038742
     0.586849   -0.038470
     0.602284   -0.038149
     0.617702   -0.037778
     0.633100   -0.037353
     0.648475   -0.036872
     0.663825   -0.036331
     0.679148   -0.035728
     0.694444   -0.035060
     0.709710   -0.034323
     0.724948   -0.033514
     0.740155   -0.032629
     0.755330   -0.031664
     0.770468   -0.030615
     0.785567   -0.029477
     0.800622   -0.028247
     0.815628   -0.026924
     0.830583   -0.025508
     0.845492   -0.024001
     0.860366   -0.022403
     0.875221   -0.020716
     0.890078   -0.018938
     0.904966   -0.017065
     0.919880   -0.015097
     0.934625   -0.013050
     0.948791   -0.010981
     0.961941   -0.008966
     0.973850   -0.007059
     0.984535   -0.005282
     0.994129   -0.003634
     1.000000   -0.002600
