     1.000000    0.000000
     0.995364    0.000472
     0.987735    0.001249
     0.979124    0.002129
     0.969321    0.003133
     0.958165    0.004279
     0.945826    0.005550
     0.933599    0.006813
     0.921489    0.008066
     0.909167    0.009341
     0.896547    0.010645
     0.883967    0.011942
     0.871423    0.013229
     0.858818    0.014513
     0.846127    0.015794
     0.833415    0.017062
     0.820707    0.018314
     0.807982    0.019550
     0.795270    0.020766
     0.782571    0.021960
     0.769875    0.023132
     0.757174    0.024279
     0.744467    0.025399
     0.731756    0.026492
     0.719044    0.027555
     0.706331    0.028588
     0.693618    0.029589
     0.680905    0.030559
     0.668191    0.031495
     0.655476    0.032397
     0.642759    0.033264
     0.630042    0.034094
     0.617324    0.034886
     0.604607    0.035637
     0.591889    0.036347
     0.579171    0.037013
     0.566454    0.037633
     0.553738    0.038205
     0.541024    0.038726
     0.528313    0.039194
     0.515605    0.039606
     0.502898    0.039958
     0.490191    0.040249
     0.477480    0.040478
     0.464764    0.040650
     0.452043    0.040766
     0.439319    0.040828
     0.426594    0.040838
     0.413869    0.040796
     0.401144    0.040703
     0.388418    0.040558
     0.375691    0.040364
     0.362962    0.040121
     0.350231    0.039833
     0.337500    0.039500
     0.324770    0.039122
     0.312043    0.038698
     0.299319    0.038228
     0.286600    0.037711
     0.273885    0.037146
     0.261174    0.036530
     0.248469    0.035862
     0.235768    0.035141
     0.223072    0.034364
     0.210381    0.033532
     0.197695    0.032644
     0.185014    0.031696
     0.172340    0.030687
     0.159675    0.029613
     0.147025    0.028471
     0.134397    0.027255
     0.121795    0.025957
     0.109221    0.024566
     0.096667    0.023070
     0.084130    0.021459
     0.071621    0.019729
     0.059181    0.017863
     0.046861    0.015808
     0.034706    0.013531
     0.022686    0.011015
     0.011785    0.008151
     0.005264    0.005601
     0.002276    0.003640
     0.000818    0.002171
     0.000123    0.000945
     0.000023   -0.000159
     0.000528   -0.001222
     0.001696   -0.002332
     0.003927   -0.003624
     0.008637   -0.005193
     0.018096   -0.006845
     0.030452   -0.008165
     0.042602   -0.009274
     0.055081   -0.010269
     0.067791   -0.011146
     0.080490   -0.011934
     0.093165   -0.012661
     0.105852   -0.013325
     0.118558   -0.013927
     0.131281   -0.014476
     0.144017   -0.014982
     0.156763   -0.015454
     0.169513   -0.015897
     0.182264   -0.016310
     0.195013   -0.016693
     0.207761   -0.017046
     0.220511   -0.017369
     0.233264   -0.017664
     0.246020   -0.017932
     0.258779   -0.018176
     0.271539   -0.018394
     0.284301   -0.018589
     0.297062   -0.018759
     0.309824   -0.018907
     0.322587   -0.019031
     0.335350   -0.019132
     0.348114   -0.019209
     0.360876   -0.019263
     0.373637   -0.019293
     0.386395   -0.019297
     0.399151   -0.019273
     0.411906   -0.019221
     0.424659   -0.019138
     0.437412   -0.019025
     0.450162   -0.018879
     0.462909   -0.018701
     0.475651   -0.018486
     0.488389   -0.018235
     0.501123   -0.017943
     0.513857   -0.017609
     0.526592   -0.017236
     0.539331   -0.016826
     0.552074   -0.016382
     0.564821   -0.015908
     0.577571   -0.015406
     0.590324   -0.014878
     0.603079   -0.014329
     0.615835   -0.013759
     0.628593   -0.013172
     0.641351   -0.012568
     0.654110   -0.011948
     0.666871   -0.011314
     0.679632   -0.010668
     0.692396   -0.010012
     0.705162   -0.009347
     0.717931   -0.008675
     0.730704   -0.007999
     0.743478   -0.007321
     0.756251   -0.006644
     0.769019   -0.005971
     0.781782   -0.005302
     0.794544   -0.004638
     0.807313   -0.003981
     0.820086   -0.003335
     0.832855   -0.002708
     0.845623   -0.002108
     0.858340   -0.001542
     0.870978   -0.001015
     0.883564   -0.000522
     0.896185   -0.000058
     0.908888    0.000377
     0.921360    0.000749
     0.933670    0.001029
     0.946153    0.001191
     0.958390    0.001197
     0.969402    0.001064
     0.979126    0.000836
     0.987710    0.000550
     0.995347    0.000227
     1.000000    0.000000
