     1.000000    0.000000
     0.993851    0.001703
     0.983754    0.004479
     0.972421    0.007568
     0.959659    0.011009
     0.945400    0.014810
     0.929864    0.018909
     0.913508    0.023205
     0.896740    0.027626
     0.879699    0.032152
     0.862408    0.036758
     0.844926    0.041403
     0.827351    0.046044
     0.809777    0.050650
     0.792267    0.055200
     0.774849    0.059676
     0.757539    0.064061
     0.740338    0.068339
     0.723239    0.072502
     0.706232    0.076542
     0.689300    0.080453
     0.672429    0.084232
     0.655616    0.087873
     0.638864    0.091370
     0.622183    0.094716
     0.605571    0.097903
     0.589022    0.100926
     0.572530    0.103780
     0.556106    0.106457
     0.539781    0.108948
     0.523583    0.111241
     0.507505    0.113326
     0.491500    0.115199
     0.475519    0.116863
     0.459587    0.118314
     0.443826    0.119544
     0.428401    0.120529
     0.413350    0.121232
     0.398558    0.121626
     0.383798    0.121690
     0.368846    0.121449
     0.353600    0.120931
     0.338107    0.120168
     0.322541    0.119177
     0.307038    0.117955
     0.291650    0.116500
     0.276352    0.114807
     0.261113    0.112874
     0.245919    0.110698
     0.230773    0.108280
     0.215704    0.105623
     0.200768    0.102740
     0.186046    0.099650
     0.171626    0.096371
     0.157567    0.092908
     0.143901    0.089268
     0.130639    0.085454
     0.117849    0.081488
     0.105676    0.077424
     0.094277    0.073342
     0.083772    0.069316
     0.074222    0.065401
     0.065632    0.061637
     0.057948    0.058042
     0.051084    0.054617
     0.044941    0.051354
     0.039424    0.048240
     0.034462    0.045265
     0.030007    0.042424
     0.026009    0.039718
     0.022422    0.037144
     0.019197    0.034697
     0.016297    0.032363
     0.013694    0.030123
     0.011361    0.027955
     0.009270    0.025844
     0.007396    0.023777
     0.005718    0.021747
     0.004223    0.019756
     0.002899    0.017804
     0.001768    0.015867
     0.000859    0.013901
     0.000167    0.011906
    -0.000325    0.009896
    -0.000629    0.007885
    -0.000750    0.005882
    -0.000689    0.003896
    -0.000442    0.001934
    -0.000001    0.000003
     0.000647   -0.001891
     0.001502   -0.003755
     0.002565   -0.005595
     0.003839   -0.007415
     0.005326   -0.009214
     0.007028   -0.010986
     0.008936   -0.012715
     0.011044   -0.014383
     0.013384   -0.015993
     0.015980   -0.017559
     0.018842   -0.019101
     0.021995   -0.020630
     0.025480   -0.022158
     0.029339   -0.023700
     0.033621   -0.025281
     0.038387   -0.026911
     0.043708   -0.028589
     0.049664   -0.030318
     0.056336   -0.032100
     0.063829   -0.033948
     0.072271   -0.035861
     0.081786   -0.037837
     0.092468   -0.039865
     0.104347   -0.041921
     0.117361   -0.043968
     0.131356   -0.045960
     0.146093   -0.047852
     0.161346   -0.049620
     0.176987   -0.051255
     0.192935   -0.052745
     0.209124   -0.054083
     0.225494   -0.055265
     0.241989   -0.056288
     0.258542   -0.057151
     0.275085   -0.057851
     0.291587   -0.058383
     0.308075   -0.058740
     0.324612   -0.058922
     0.341189   -0.058935
     0.357666   -0.058789
     0.373828   -0.058475
     0.389617   -0.057951
     0.405190   -0.057171
     0.420855   -0.056102
     0.436883   -0.054764
     0.453371   -0.053199
     0.470193   -0.051459
     0.487156   -0.049569
     0.504177   -0.047540
     0.521297   -0.045373
     0.538580   -0.043074
     0.556052   -0.040653
     0.573698   -0.038127
     0.591492   -0.035515
     0.609410   -0.032834
     0.627430   -0.030100
     0.645525   -0.027326
     0.663663   -0.024526
     0.681801   -0.021722
     0.699864   -0.018940
     0.717761   -0.016211
     0.735440   -0.013568
     0.752920   -0.011031
     0.770263   -0.008608
     0.787479   -0.006305
     0.804478   -0.004139
     0.821129   -0.002144
     0.837397   -0.000352
     0.853366    0.001217
     0.869170    0.002565
     0.884794    0.003700
     0.900016    0.004625
     0.914511    0.005315
     0.928079    0.005696
     0.940722    0.005727
     0.952540    0.005395
     0.963659    0.004720
     0.974191    0.003749
     0.984221    0.002524
     0.993816    0.001077
     1.000000    0.000000
