     1.000000    0.000000
     0.994893    0.001512
     0.985805    0.004590
     0.974847    0.008525
     0.962877    0.012721
     0.950392    0.016849
     0.937426    0.020918
     0.924003    0.024988
     0.910240    0.029107
     0.896364    0.033234
     0.882485    0.037347
     0.868621    0.041439
     0.854780    0.045500
     0.840974    0.049518
     0.827216    0.053479
     0.813526    0.057363
     0.799936    0.061145
     0.786487    0.064786
     0.773234    0.068238
     0.760204    0.071444
     0.747355    0.074362
     0.734583    0.076983
     0.721816    0.079314
     0.709020    0.081353
     0.696102    0.083115
     0.682989    0.084633
     0.669664    0.085945
     0.656161    0.087077
     0.642538    0.088046
     0.628816    0.088862
     0.615013    0.089539
     0.601161    0.090083
     0.587272    0.090500
     0.573350    0.090793
     0.559395    0.090968
     0.545406    0.091030
     0.531385    0.090986
     0.517340    0.090840
     0.503279    0.090597
     0.489211    0.090258
     0.475133    0.089824
     0.461045    0.089299
     0.446944    0.088685
     0.432833    0.087985
     0.418716    0.087201
     0.404598    0.086335
     0.390484    0.085388
     0.376372    0.084361
     0.362261    0.083252
     0.348150    0.082065
     0.334041    0.080800
     0.319938    0.079457
     0.305846    0.078039
     0.291768    0.076542
     0.277703    0.074968
     0.263652    0.073314
     0.249615    0.071580
     0.235598    0.069766
     0.221608    0.067870
     0.207647    0.065890
     0.193723    0.063824
     0.179845    0.061667
     0.166025    0.059416
     0.152277    0.057064
     0.138627    0.054607
     0.125102    0.052034
     0.111738    0.049334
     0.098590    0.046496
     0.085730    0.043509
     0.073292    0.040371
     0.061428    0.037081
     0.050412    0.033681
     0.040506    0.030232
     0.031987    0.026859
     0.024948    0.023670
     0.019306    0.020749
     0.014845    0.018065
     0.011300    0.015580
     0.008465    0.013277
     0.006182    0.011142
     0.004332    0.009161
     0.002824    0.007324
     0.001626    0.005596
     0.000759    0.003916
     0.000235    0.002270
     0.000032    0.000684
     0.000117   -0.000864
     0.000521   -0.002451
     0.001287   -0.004020
     0.002419   -0.005533
     0.003932   -0.006951
     0.005872   -0.008238
     0.008300   -0.009420
     0.011322   -0.010639
     0.015089   -0.012097
     0.019812   -0.013844
     0.025811   -0.015876
     0.033441   -0.018132
     0.043011   -0.020596
     0.054386   -0.023267
     0.066786   -0.025965
     0.079729   -0.028562
     0.093049   -0.031039
     0.106627   -0.033410
     0.120342   -0.035678
     0.134140   -0.037841
     0.148008   -0.039907
     0.161935   -0.041882
     0.175903   -0.043770
     0.189894   -0.045572
     0.203897   -0.047287
     0.217908   -0.048914
     0.231930   -0.050454
     0.245962   -0.051905
     0.259999   -0.053268
     0.274036   -0.054542
     0.288067   -0.055723
     0.302090   -0.056808
     0.316100   -0.057794
     0.330095   -0.058678
     0.344072   -0.059455
     0.358029   -0.060119
     0.371964   -0.060668
     0.385873   -0.061096
     0.399743   -0.061398
     0.413546   -0.061565
     0.427272   -0.061583
     0.440899   -0.061441
     0.454369   -0.061122
     0.467652   -0.060594
     0.480757   -0.059825
     0.493760   -0.058783
     0.506775   -0.057459
     0.519854   -0.055863
     0.533020   -0.054008
     0.546342   -0.051904
     0.559884   -0.049582
     0.573670   -0.047086
     0.587690   -0.044472
     0.601860   -0.041792
     0.616084   -0.039088
     0.630299   -0.036392
     0.644470   -0.033727
     0.658594   -0.031106
     0.672686   -0.028534
     0.686752   -0.026018
     0.700789   -0.023567
     0.714792   -0.021188
     0.728765   -0.018890
     0.742718   -0.016679
     0.756656   -0.014558
     0.770584   -0.012532
     0.784499   -0.010606
     0.798393   -0.008786
     0.812263   -0.007078
     0.826109   -0.005490
     0.839933   -0.004028
     0.853733   -0.002698
     0.867510   -0.001506
     0.881247   -0.000459
     0.894928    0.000430
     0.908548    0.001152
     0.922089    0.001694
     0.935528    0.002042
     0.948793    0.002185
     0.961729    0.002107
     0.974043    0.001800
     0.985215    0.001279
     0.994693    0.000568
     1.000000    0.000000
