     1.000000    0.000950
     0.994699    0.001535
     0.984723    0.002319
     0.972759    0.002977
     0.959728    0.003579
     0.946389    0.004189
     0.933035    0.004846
     0.919692    0.005568
     0.906334    0.006357
     0.892970    0.007207
     0.879615    0.008119
     0.866255    0.009093
     0.852877    0.010125
     0.839482    0.011209
     0.826082    0.012341
     0.812678    0.013518
     0.799270    0.014738
     0.785853    0.015999
     0.772422    0.017297
     0.758976    0.018628
     0.745519    0.019986
     0.732056    0.021369
     0.718587    0.022773
     0.705107    0.024198
     0.691611    0.025639
     0.678103    0.027091
     0.664591    0.028551
     0.651083    0.030019
     0.637581    0.031495
     0.624084    0.032975
     0.610587    0.034453
     0.597083    0.035925
     0.583570    0.037389
     0.570052    0.038847
     0.556539    0.040298
     0.543045    0.041737
     0.529571    0.043159
     0.516110    0.044558
     0.502656    0.045933
     0.489204    0.047283
     0.475754    0.048606
     0.462306    0.049899
     0.448866    0.051161
     0.435439    0.052388
     0.422029    0.053573
     0.408632    0.054714
     0.395243    0.055806
     0.381863    0.056845
     0.368494    0.057828
     0.355143    0.058750
     0.341811    0.059604
     0.328502    0.060383
     0.315216    0.061081
     0.301956    0.061690
     0.288728    0.062201
     0.275539    0.062603
     0.262392    0.062886
     0.249295    0.063038
     0.236259    0.063043
     0.223298    0.062888
     0.210426    0.062552
     0.197652    0.062015
     0.184980    0.061258
     0.172417    0.060260
     0.159968    0.059003
     0.147631    0.057469
     0.135391    0.055640
     0.123245    0.053507
     0.111227    0.051067
     0.099389    0.048311
     0.087754    0.045221
     0.076314    0.041776
     0.065027    0.037949
     0.053832    0.033737
     0.042734    0.029176
     0.032256    0.024538
     0.023254    0.020210
     0.016164    0.016412
     0.011115    0.013319
     0.007563    0.010780
     0.004935    0.008557
     0.002960    0.006521
     0.001574    0.004642
     0.000671    0.002927
     0.000161    0.001369
    -0.000000   -0.000092
     0.000188   -0.001542
     0.000747   -0.003016
     0.001751   -0.004465
     0.003277   -0.005825
     0.005356   -0.007068
     0.007985   -0.008186
     0.011360   -0.009165
     0.015890   -0.010015
     0.022157   -0.010725
     0.030718   -0.011245
     0.041871   -0.011624
     0.054706   -0.011981
     0.067984   -0.012328
     0.081354   -0.012704
     0.094669   -0.013141
     0.107910   -0.013664
     0.121113   -0.014287
     0.134286   -0.015019
     0.147435   -0.015865
     0.160603   -0.016830
     0.173836   -0.017899
     0.187156   -0.019054
     0.200560   -0.020272
     0.214026   -0.021529
     0.227521   -0.022801
     0.241016   -0.024070
     0.254494   -0.025320
     0.267943   -0.026540
     0.281357   -0.027721
     0.294735   -0.028853
     0.308081   -0.029926
     0.321406   -0.030933
     0.334717   -0.031868
     0.348017   -0.032726
     0.361305   -0.033504
     0.374577   -0.034196
     0.387833   -0.034796
     0.401073   -0.035300
     0.414302   -0.035706
     0.427533   -0.036009
     0.440779   -0.036212
     0.454040   -0.036319
     0.467310   -0.036332
     0.480580   -0.036252
     0.493853   -0.036081
     0.507138   -0.035818
     0.520446   -0.035471
     0.533775   -0.035045
     0.547116   -0.034545
     0.560457   -0.033972
     0.573796   -0.033329
     0.587136   -0.032615
     0.600482   -0.031834
     0.613841   -0.030988
     0.627215   -0.030081
     0.640606   -0.029118
     0.654008   -0.028104
     0.667410   -0.027043
     0.680812   -0.025935
     0.694221   -0.024783
     0.707648   -0.023588
     0.721095   -0.022358
     0.734558   -0.021099
     0.748032   -0.019815
     0.761518   -0.018509
     0.775025   -0.017188
     0.788547   -0.015860
     0.802063   -0.014537
     0.815550   -0.013231
     0.829003   -0.011951
     0.842433   -0.010706
     0.855842   -0.009500
     0.869220   -0.008344
     0.882561   -0.007247
     0.895881   -0.006218
     0.909181   -0.005261
     0.922428   -0.004388
     0.935532   -0.003633
     0.948405   -0.003045
     0.961173   -0.002664
     0.973757   -0.002444
     0.985274   -0.002178
     0.994808   -0.001616
     1.000000   -0.001030
