     1.000000    0.000000
     0.994329    0.001473
     0.985134    0.003760
     0.975001    0.006137
     0.963829    0.008586
     0.951588    0.011064
     0.938397    0.013507
     0.924551    0.015899
     0.910384    0.018276
     0.896129    0.020712
     0.881861    0.023263
     0.867574    0.025909
     0.853257    0.028620
     0.838902    0.031365
     0.824498    0.034113
     0.810037    0.036833
     0.795511    0.039492
     0.780915    0.042072
     0.766250    0.044576
     0.751519    0.047012
     0.736729    0.049385
     0.721889    0.051702
     0.707008    0.053969
     0.692100    0.056192
     0.677180    0.058368
     0.662261    0.060488
     0.647359    0.062542
     0.632489    0.064521
     0.617668    0.066415
     0.602913    0.068215
     0.588241    0.069914
     0.573666    0.071504
     0.559184    0.072976
     0.544783    0.074327
     0.530433    0.075550
     0.516095    0.076641
     0.501716    0.077596
     0.487230    0.078411
     0.472571    0.079099
     0.457703    0.079681
     0.442622    0.080173
     0.427371    0.080595
     0.412039    0.080968
     0.396771    0.081312
     0.381731    0.081625
     0.367033    0.081864
     0.352709    0.081988
     0.338725    0.081961
     0.325002    0.081753
     0.311428    0.081331
     0.297856    0.080655
     0.284106    0.079710
     0.270047    0.078566
     0.255695    0.077332
     0.241268    0.076135
     0.227087    0.074973
     0.213302    0.073734
     0.199860    0.072304
     0.186574    0.070587
     0.173240    0.068574
     0.159724    0.066278
     0.145980    0.063721
     0.132064    0.060929
     0.118147    0.057922
     0.104497    0.054754
     0.091418    0.051498
     0.079102    0.048177
     0.067493    0.044735
     0.056662    0.041155
     0.047139    0.037628
     0.039219    0.034331
     0.032643    0.031218
     0.027036    0.028183
     0.022121    0.025131
     0.017737    0.022037
     0.013951    0.019079
     0.010800    0.016430
     0.008247    0.014112
     0.006194    0.012052
     0.004535    0.010178
     0.003194    0.008438
     0.002121    0.006794
     0.001283    0.005221
     0.000662    0.003697
     0.000245    0.002206
     0.000030    0.000732
     0.000022   -0.000739
     0.000220   -0.002220
     0.000614   -0.003719
     0.001202   -0.005245
     0.001990   -0.006805
     0.002991   -0.008407
     0.004225   -0.010059
     0.005725   -0.011769
     0.007537   -0.013544
     0.009730   -0.015380
     0.012390   -0.017251
     0.015613   -0.019077
     0.019554   -0.020836
     0.024387   -0.022615
     0.030236   -0.024669
     0.037109   -0.027024
     0.044803   -0.029443
     0.053172   -0.031639
     0.062574   -0.033533
     0.073670   -0.035304
     0.086612   -0.037158
     0.100315   -0.038980
     0.114014   -0.040636
     0.127660   -0.042096
     0.141313   -0.043341
     0.155072   -0.044353
     0.169064   -0.045140
     0.183376   -0.045747
     0.197996   -0.046223
     0.212792   -0.046612
     0.227583   -0.046911
     0.242270   -0.047100
     0.256855   -0.047163
     0.271405   -0.047098
     0.285987   -0.046910
     0.300642   -0.046604
     0.315389   -0.046188
     0.330233   -0.045672
     0.345171   -0.045069
     0.360199   -0.044391
     0.375302   -0.043652
     0.390462   -0.042868
     0.405652   -0.042055
     0.420842   -0.041220
     0.436006   -0.040360
     0.451129   -0.039470
     0.466203   -0.038544
     0.481234   -0.037577
     0.496233   -0.036563
     0.511220   -0.035496
     0.526223   -0.034377
     0.541260   -0.033214
     0.556347   -0.032014
     0.571490   -0.030786
     0.586689   -0.029538
     0.601938   -0.028280
     0.617216   -0.027021
     0.632487   -0.025763
     0.647753   -0.024506
     0.663026   -0.023246
     0.678307   -0.021982
     0.693571   -0.020715
     0.708813   -0.019445
     0.724035   -0.018175
     0.739234   -0.016915
     0.754407   -0.015672
     0.769548   -0.014457
     0.784649   -0.013277
     0.799699   -0.012142
     0.814687   -0.011059
     0.829605   -0.010031
     0.844460   -0.009056
     0.859270   -0.008133
     0.874065   -0.007263
     0.888887   -0.006442
     0.903792   -0.005668
     0.918816   -0.004928
     0.933781   -0.004188
     0.948231   -0.003428
     0.961642   -0.002651
     0.973732   -0.001884
     0.984512   -0.001147
     0.994135   -0.000447
     1.000000    0.000000
