     1.000000    0.000800
     0.995088    0.001508
     0.986729    0.002703
     0.976863    0.004096
     0.965194    0.005720
     0.951929    0.007534
     0.937910    0.009417
     0.923709    0.011288
     0.909505    0.013122
     0.895265    0.014922
     0.880997    0.016688
     0.866723    0.018415
     0.852458    0.020101
     0.838205    0.021745
     0.823958    0.023346
     0.809710    0.024905
     0.795456    0.026421
     0.781193    0.027894
     0.766921    0.029326
     0.752643    0.030717
     0.738364    0.032066
     0.724085    0.033372
     0.709809    0.034634
     0.695534    0.035851
     0.681260    0.037022
     0.666984    0.038148
     0.652705    0.039229
     0.638422    0.040263
     0.624137    0.041251
     0.609848    0.042194
     0.595558    0.043090
     0.581269    0.043939
     0.566987    0.044739
     0.552717    0.045489
     0.538465    0.046185
     0.524231    0.046825
     0.510007    0.047405
     0.495785    0.047925
     0.481551    0.048382
     0.467301    0.048781
     0.453043    0.049123
     0.438793    0.049406
     0.424559    0.049628
     0.410343    0.049787
     0.396140    0.049878
     0.381936    0.049902
     0.367726    0.049858
     0.353514    0.049748
     0.339313    0.049570
     0.325133    0.049324
     0.310960    0.049004
     0.296776    0.048612
     0.282597    0.048151
     0.268438    0.047619
     0.254302    0.047013
     0.240186    0.046328
     0.226085    0.045563
     0.212011    0.044715
     0.197987    0.043780
     0.184023    0.042751
     0.170116    0.041618
     0.156260    0.040376
     0.142441    0.039014
     0.128656    0.037533
     0.114964    0.035930
     0.101470    0.034187
     0.088283    0.032290
     0.075360    0.030189
     0.062792    0.027937
     0.051226    0.025577
     0.040761    0.023123
     0.032092    0.020863
     0.025418    0.018822
     0.020026    0.016830
     0.015596    0.014957
     0.012075    0.013343
     0.009205    0.012058
     0.006702    0.011134
     0.004659    0.010339
     0.003011    0.009543
     0.001704    0.008670
     0.000722    0.007646
     0.000100    0.006355
    -0.000145    0.004607
    -0.000072    0.002085
    -0.000030   -0.001133
    -0.000101   -0.003612
     0.000115   -0.005263
     0.000698   -0.006412
     0.001628   -0.007251
     0.002860   -0.007897
     0.004399   -0.008419
     0.006279   -0.008876
     0.008548   -0.009357
     0.011151   -0.010052
     0.013986   -0.011057
     0.017435   -0.012133
     0.021894   -0.013283
     0.027839   -0.014628
     0.035231   -0.016158
     0.043680   -0.017468
     0.053863   -0.018695
     0.065422   -0.019939
     0.078213   -0.021044
     0.091483   -0.022032
     0.105243   -0.022867
     0.119389   -0.023626
     0.133589   -0.024311
     0.147758   -0.024930
     0.161951   -0.025480
     0.176234   -0.025971
     0.190621   -0.026421
     0.205067   -0.026845
     0.219487   -0.027248
     0.233880   -0.027619
     0.248306   -0.027960
     0.262755   -0.028281
     0.277184   -0.028579
     0.291601   -0.028850
     0.306050   -0.029097
     0.320490   -0.029326
     0.334907   -0.029527
     0.349344   -0.029703
     0.363803   -0.029857
     0.378256   -0.029990
     0.392689   -0.030097
     0.407099   -0.030176
     0.421494   -0.030226
     0.435885   -0.030244
     0.450274   -0.030231
     0.464665   -0.030186
     0.479053   -0.030108
     0.493439   -0.029997
     0.507823   -0.029852
     0.522207   -0.029673
     0.536590   -0.029460
     0.550964   -0.029212
     0.565321   -0.028928
     0.579659   -0.028605
     0.593982   -0.028240
     0.608303   -0.027830
     0.622634   -0.027377
     0.636982   -0.026881
     0.651339   -0.026347
     0.665693   -0.025776
     0.680028   -0.025166
     0.694344   -0.024514
     0.708650   -0.023818
     0.722960   -0.023077
     0.737284   -0.022292
     0.751622   -0.021466
     0.765965   -0.020600
     0.780297   -0.019699
     0.794608   -0.018758
     0.808908   -0.017775
     0.823217   -0.016748
     0.837543   -0.015681
     0.851873   -0.014576
     0.866189   -0.013436
     0.880480   -0.012258
     0.894752   -0.011040
     0.909028   -0.009777
     0.923319   -0.008475
     0.937569   -0.007146
     0.951577   -0.005794
     0.964897   -0.004461
     0.976679   -0.003256
     0.986640   -0.002218
     0.995061   -0.001328
     1.000000   -0.000800
