     1.000000    0.000000
     0.994759    0.000940
     0.984458    0.002982
     0.972511    0.005397
     0.960158    0.007735
     0.947538    0.009930
     0.934666    0.012011
     0.921603    0.014018
     0.908443    0.015974
     0.895256    0.017877
     0.882063    0.019731
     0.868857    0.021538
     0.855631    0.023300
     0.842377    0.025024
     0.829096    0.026714
     0.815800    0.028375
     0.802505    0.030004
     0.789222    0.031598
     0.775948    0.033153
     0.762674    0.034668
     0.749392    0.036147
     0.736097    0.037589
     0.722787    0.038998
     0.709464    0.040374
     0.696131    0.041721
     0.682790    0.043041
     0.669447    0.044332
     0.656106    0.045593
     0.642769    0.046823
     0.629436    0.048021
     0.616108    0.049184
     0.602783    0.050311
     0.589459    0.051402
     0.576133    0.052453
     0.562805    0.053466
     0.549475    0.054440
     0.536148    0.055373
     0.522829    0.056263
     0.509522    0.057107
     0.496224    0.057901
     0.482931    0.058642
     0.469639    0.059330
     0.456345    0.059964
     0.443050    0.060544
     0.429757    0.061067
     0.416468    0.061534
     0.403188    0.061939
     0.389917    0.062282
     0.376657    0.062558
     0.363406    0.062766
     0.350166    0.062903
     0.336937    0.062964
     0.323718    0.062947
     0.310512    0.062849
     0.297320    0.062667
     0.284145    0.062396
     0.270990    0.062033
     0.257858    0.061572
     0.244750    0.061009
     0.231667    0.060337
     0.218613    0.059552
     0.205596    0.058647
     0.192625    0.057616
     0.179705    0.056448
     0.166840    0.055135
     0.154032    0.053665
     0.141294    0.052028
     0.128647    0.050215
     0.116116    0.048211
     0.103716    0.045998
     0.091452    0.043555
     0.079371    0.040861
     0.067588    0.037914
     0.056206    0.034696
     0.045237    0.031160
     0.034922    0.027329
     0.025909    0.023443
     0.018542    0.019669
     0.012703    0.016110
     0.008379    0.013051
     0.005312    0.010582
     0.003180    0.008466
     0.001718    0.006542
     0.000720    0.004742
     0.000095    0.003075
    -0.000167    0.001565
    -0.000053    0.000193
     0.000500   -0.001072
     0.001522   -0.002301
     0.003085   -0.003576
     0.005273   -0.004964
     0.008249   -0.006467
     0.012205   -0.008121
     0.017522   -0.010016
     0.024690   -0.012088
     0.033968   -0.014155
     0.044941   -0.016098
     0.056781   -0.017828
     0.069005   -0.019294
     0.081566   -0.020542
     0.094377   -0.021617
     0.107319   -0.022539
     0.120339   -0.023330
     0.133437   -0.024011
     0.146602   -0.024596
     0.159816   -0.025100
     0.173061   -0.025529
     0.186334   -0.025892
     0.199637   -0.026197
     0.212966   -0.026449
     0.226314   -0.026657
     0.239673   -0.026822
     0.253040   -0.026948
     0.266414   -0.027036
     0.279798   -0.027089
     0.293192   -0.027110
     0.306597   -0.027102
     0.320011   -0.027067
     0.333430   -0.027006
     0.346852   -0.026922
     0.360275   -0.026814
     0.373697   -0.026684
     0.387117   -0.026531
     0.400539   -0.026355
     0.413964   -0.026157
     0.427394   -0.025937
     0.440827   -0.025697
     0.454260   -0.025437
     0.467687   -0.025157
     0.481107   -0.024855
     0.494520   -0.024530
     0.507930   -0.024180
     0.521338   -0.023805
     0.534746   -0.023405
     0.548151   -0.022979
     0.561550   -0.022525
     0.574937   -0.022041
     0.588303   -0.021521
     0.601640   -0.020961
     0.614937   -0.020356
     0.628193   -0.019695
     0.641417   -0.018969
     0.654625   -0.018169
     0.667838   -0.017300
     0.681073   -0.016365
     0.694346   -0.015371
     0.707669   -0.014326
     0.721045   -0.013245
     0.734464   -0.012144
     0.747901   -0.011040
     0.761328   -0.009947
     0.774727   -0.008871
     0.788100   -0.007820
     0.801457   -0.006797
     0.814805   -0.005807
     0.828142   -0.004854
     0.841455   -0.003943
     0.854738   -0.003084
     0.867989   -0.002287
     0.881215   -0.001559
     0.894419   -0.000908
     0.907603   -0.000339
     0.920762    0.000140
     0.933886    0.000520
     0.946947    0.000790
     0.959882    0.000930
     0.972531    0.000911
     0.984477    0.000707
     0.994714    0.000324
     1.000000    0.000000
