     1.000000    0.000000
     0.994434    0.000832
     0.984317    0.002627
     0.972367    0.004812
     0.959647    0.007037
     0.946480    0.009200
     0.932940    0.011301
     0.919122    0.013375
     0.905189    0.015440
     0.891271    0.017473
     0.877380    0.019464
     0.863463    0.021421
     0.849501    0.023355
     0.835518    0.025268
     0.821546    0.027152
     0.807595    0.029002
     0.793654    0.030816
     0.779711    0.032595
     0.765762    0.034340
     0.751811    0.036049
     0.737863    0.037720
     0.723917    0.039353
     0.709971    0.040945
     0.696019    0.042497
     0.682058    0.044012
     0.668093    0.045487
     0.654130    0.046924
     0.640173    0.048318
     0.626224    0.049667
     0.612279    0.050970
     0.598334    0.052225
     0.584384    0.053435
     0.570429    0.054598
     0.556468    0.055715
     0.542504    0.056784
     0.528542    0.057805
     0.514588    0.058775
     0.500646    0.059693
     0.486720    0.060554
     0.472810    0.061355
     0.458909    0.062093
     0.445010    0.062766
     0.431106    0.063373
     0.417200    0.063915
     0.403300    0.064391
     0.389418    0.064797
     0.375559    0.065129
     0.361722    0.065383
     0.347901    0.065553
     0.334087    0.065637
     0.320282    0.065632
     0.306496    0.065537
     0.292744    0.065349
     0.279037    0.065060
     0.265366    0.064665
     0.251707    0.064156
     0.238045    0.063526
     0.224405    0.062773
     0.210861    0.061897
     0.197493    0.060890
     0.184286    0.059728
     0.171108    0.058377
     0.157758    0.056815
     0.144180    0.055076
     0.130634    0.053242
     0.117533    0.051335
     0.104968    0.049269
     0.092727    0.046932
     0.080634    0.044281
     0.068851    0.041363
     0.057734    0.038254
     0.047445    0.034971
     0.038044    0.031516
     0.029967    0.028053
     0.023481    0.024835
     0.018337    0.021903
     0.014144    0.019174
     0.010643    0.016558
     0.007770    0.014036
     0.005495    0.011690
     0.003706    0.009558
     0.002331    0.007643
     0.001310    0.005908
     0.000589    0.004305
     0.000136    0.002795
    -0.000061    0.001348
     0.000010   -0.000065
     0.000370   -0.001475
     0.001020   -0.002907
     0.001978   -0.004387
     0.003281   -0.005934
     0.004983   -0.007551
     0.007139   -0.009198
     0.009861   -0.010849
     0.013241   -0.012489
     0.017350   -0.014190
     0.022387   -0.016022
     0.028689   -0.017993
     0.036573   -0.020053
     0.046077   -0.022083
     0.056850   -0.023985
     0.068589   -0.025715
     0.081004   -0.027246
     0.093851   -0.028574
     0.106967   -0.029711
     0.120286   -0.030679
     0.133775   -0.031503
     0.147390   -0.032205
     0.161081   -0.032796
     0.174822   -0.033286
     0.188609   -0.033682
     0.202452   -0.033995
     0.216349   -0.034236
     0.230288   -0.034414
     0.244254   -0.034534
     0.258235   -0.034600
     0.272229   -0.034616
     0.286235   -0.034584
     0.300254   -0.034508
     0.314288   -0.034389
     0.328335   -0.034232
     0.342396   -0.034037
     0.356469   -0.033810
     0.370555   -0.033552
     0.384653   -0.033265
     0.398759   -0.032952
     0.412869   -0.032615
     0.426978   -0.032254
     0.441082   -0.031869
     0.455180   -0.031459
     0.469279   -0.031024
     0.483384   -0.030564
     0.497502   -0.030081
     0.511630   -0.029577
     0.525762   -0.029055
     0.539887   -0.028514
     0.553999   -0.027954
     0.568100   -0.027371
     0.582198   -0.026765
     0.596300   -0.026134
     0.610409   -0.025480
     0.624520   -0.024806
     0.638621   -0.024111
     0.652699   -0.023389
     0.666744   -0.022636
     0.680747   -0.021847
     0.694702   -0.021014
     0.708616   -0.020130
     0.722501   -0.019186
     0.736380   -0.018175
     0.750279   -0.017102
     0.764213   -0.015973
     0.778194   -0.014793
     0.792226   -0.013580
     0.806297   -0.012352
     0.820385   -0.011131
     0.834460   -0.009928
     0.848510   -0.008753
     0.862534   -0.007609
     0.876537   -0.006503
     0.890508   -0.005441
     0.904418   -0.004434
     0.918264   -0.003493
     0.932082   -0.002629
     0.945856   -0.001837
     0.959403   -0.001123
     0.972371   -0.000532
     0.984264   -0.000118
     0.994378    0.000055
     1.000000    0.000000
