     1.000000    0.000000
     0.994378    0.000736
     0.984254    0.002222
     0.972502    0.004132
     0.959757    0.006358
     0.946494    0.008795
     0.932981    0.011369
     0.919335    0.014040
     0.905608    0.016783
     0.891818    0.019579
     0.877974    0.022415
     0.864083    0.025278
     0.850160    0.028154
     0.836229    0.031030
     0.822309    0.033896
     0.808416    0.036748
     0.794553    0.039578
     0.780718    0.042379
     0.766904    0.045145
     0.753097    0.047874
     0.739292    0.050566
     0.725491    0.053217
     0.711702    0.055824
     0.697930    0.058379
     0.684173    0.060879
     0.670424    0.063319
     0.656675    0.065699
     0.642925    0.068016
     0.629179    0.070268
     0.615443    0.072449
     0.601724    0.074553
     0.588020    0.076575
     0.574329    0.078510
     0.560647    0.080355
     0.546973    0.082105
     0.533304    0.083757
     0.519643    0.085307
     0.505988    0.086753
     0.492338    0.088089
     0.478689    0.089315
     0.465040    0.090428
     0.451390    0.091427
     0.437742    0.092310
     0.424100    0.093074
     0.410468    0.093717
     0.396844    0.094236
     0.383227    0.094628
     0.369615    0.094891
     0.356010    0.095025
     0.342415    0.095027
     0.328836    0.094895
     0.315278    0.094625
     0.301740    0.094216
     0.288223    0.093662
     0.274728    0.092963
     0.261262    0.092115
     0.247834    0.091114
     0.234455    0.089955
     0.221142    0.088631
     0.207910    0.087137
     0.194771    0.085460
     0.181729    0.083589
     0.168786    0.081513
     0.155952    0.079222
     0.143251    0.076710
     0.130719    0.073967
     0.118389    0.070980
     0.106289    0.067736
     0.094462    0.064221
     0.082976    0.060433
     0.071901    0.056370
     0.061288    0.052028
     0.051232    0.047422
     0.042005    0.042666
     0.033850    0.037919
     0.026735    0.033213
     0.020588    0.028578
     0.015628    0.024315
     0.011859    0.020645
     0.008974    0.017448
     0.006675    0.014527
     0.004786    0.011754
     0.003248    0.009134
     0.002052    0.006776
     0.001154    0.004738
     0.000511    0.002985
     0.000127    0.001410
     0.000000   -0.000098
     0.000171   -0.001622
     0.000730   -0.003126
     0.001729   -0.004570
     0.003171   -0.005947
     0.005035   -0.007243
     0.007277   -0.008440
     0.009988   -0.009528
     0.013348   -0.010524
     0.017618   -0.011529
     0.023108   -0.012684
     0.030001   -0.013932
     0.038195   -0.015101
     0.047882   -0.016109
     0.059239   -0.016968
     0.071793   -0.017671
     0.084767   -0.018176
     0.097946   -0.018501
     0.111392   -0.018675
     0.125074   -0.018726
     0.138890   -0.018675
     0.152771   -0.018538
     0.166697   -0.018333
     0.180668   -0.018068
     0.194683   -0.017751
     0.208739   -0.017391
     0.222830   -0.016994
     0.236951   -0.016569
     0.251095   -0.016121
     0.265257   -0.015655
     0.279432   -0.015174
     0.293620   -0.014682
     0.307822   -0.014181
     0.322036   -0.013673
     0.336260   -0.013162
     0.350488   -0.012650
     0.364717   -0.012138
     0.378942   -0.011628
     0.393163   -0.011119
     0.407377   -0.010615
     0.421585   -0.010115
     0.435789   -0.009621
     0.449990   -0.009134
     0.464190   -0.008654
     0.478390   -0.008181
     0.492592   -0.007716
     0.506793   -0.007257
     0.520993   -0.006806
     0.535190   -0.006364
     0.549384   -0.005930
     0.563574   -0.005506
     0.577762   -0.005091
     0.591947   -0.004688
     0.606130   -0.004296
     0.620313   -0.003915
     0.634495   -0.003546
     0.648677   -0.003190
     0.662860   -0.002845
     0.677042   -0.002511
     0.691224   -0.002190
     0.705407   -0.001882
     0.719590   -0.001585
     0.733776   -0.001299
     0.747965   -0.001025
     0.762160   -0.000760
     0.776362   -0.000504
     0.790572   -0.000256
     0.804783   -0.000015
     0.818987    0.000220
     0.833173    0.000445
     0.847340    0.000656
     0.861495    0.000850
     0.875640    0.001024
     0.889764    0.001176
     0.903838    0.001300
     0.917844    0.001383
     0.931769    0.001415
     0.945567    0.001381
     0.959103    0.001270
     0.972097    0.001059
     0.984075    0.000736
     0.994337    0.000319
     1.000000    0.000000
