     1.000000   -0.001500
     0.994666   -0.000961
     0.983354    0.000138
     0.971091    0.001252
     0.958769    0.002357
     0.946438    0.003404
     0.934106    0.004430
     0.921761    0.005368
     0.909430    0.006291
     0.897096    0.007155
     0.884782    0.007992
     0.872443    0.008795
     0.860116    0.009543
     0.847788    0.010275
     0.835441    0.010954
     0.823116    0.011596
     0.810770    0.012213
     0.798424    0.012771
     0.786079    0.013312
     0.773660    0.013802
     0.761256    0.014302
     0.748871    0.014739
     0.736431    0.015178
     0.724063    0.015582
     0.711623    0.015950
     0.699234    0.016321
     0.686836    0.016628
     0.674384    0.016940
     0.661979    0.017254
     0.649600    0.017508
     0.637139    0.017758
     0.624671    0.018005
     0.612259    0.018258
     0.599880    0.018452
     0.587421    0.018639
     0.574949    0.018826
     0.562485    0.019012
     0.550090    0.019199
     0.537695    0.019322
     0.525231    0.019448
     0.512758    0.019573
     0.500298    0.019697
     0.487917    0.019814
     0.475505    0.019871
     0.463036    0.019935
     0.450563    0.019997
     0.438111    0.020061
     0.425740    0.020104
     0.413310    0.020099
     0.400840    0.020100
     0.388368    0.020100
     0.375927    0.020103
     0.363559    0.020071
     0.351113    0.020005
     0.338642    0.019943
     0.326198    0.019884
     0.313831    0.019791
     0.301394    0.019664
     0.288946    0.019540
     0.276574    0.019403
     0.264156    0.019212
     0.251703    0.019025
     0.239316    0.018838
     0.226920    0.018587
     0.214467    0.018339
     0.202058    0.018095
     0.189676    0.017792
     0.177233    0.017484
     0.164877    0.017149
     0.152513    0.016779
     0.140170    0.016356
     0.127827    0.015916
     0.115464    0.015421
     0.103101    0.014894
     0.090761    0.014292
     0.078507    0.013561
     0.066259    0.012801
     0.053986    0.011885
     0.041796    0.010779
     0.029792    0.009473
     0.018322    0.007709
     0.008360    0.005429
     0.003144    0.003502
     0.000916    0.001859
     0.000089    0.000552
     0.000123   -0.000651
     0.001030   -0.001978
     0.003438   -0.003649
     0.008985   -0.005614
     0.019277   -0.007876
     0.030757   -0.009595
     0.042812   -0.010879
     0.054997   -0.011966
     0.067273   -0.012871
     0.079520   -0.013621
     0.091746   -0.014344
     0.104034   -0.014952
     0.116380   -0.015545
     0.128779   -0.016052
     0.141208   -0.016550
     0.153469   -0.017013
     0.165832   -0.017373
     0.178287   -0.017749
     0.190718   -0.018123
     0.202986   -0.018468
     0.215344   -0.018705
     0.227801   -0.018957
     0.240238   -0.019205
     0.252513   -0.019433
     0.264863   -0.019547
     0.277319   -0.019673
     0.289781   -0.019798
     0.302201   -0.019926
     0.314461   -0.020008
     0.326842   -0.019999
     0.339304   -0.020000
     0.351781   -0.020000
     0.364242   -0.019998
     0.376607   -0.020008
     0.388875   -0.019913
     0.401308   -0.019787
     0.413768   -0.019660
     0.426141   -0.019547
     0.438404   -0.019335
     0.450831   -0.019084
     0.463289   -0.018833
     0.475667   -0.018595
     0.487924   -0.018266
     0.500335   -0.017890
     0.512774   -0.017518
     0.525156   -0.017127
     0.537542   -0.016650
     0.549988   -0.016150
     0.562364   -0.015647
     0.574772   -0.015083
     0.587184   -0.014531
     0.599548   -0.013923
     0.611984   -0.013301
     0.624403   -0.012683
     0.636753   -0.012031
     0.649180   -0.011345
     0.661636   -0.010660
     0.674098   -0.009975
     0.686561   -0.009289
     0.699024   -0.008604
     0.711487   -0.007918
     0.723950   -0.007233
     0.736413   -0.006547
     0.748869   -0.005862
     0.761304   -0.005177
     0.773649   -0.004514
     0.786004   -0.003896
     0.798336   -0.003324
     0.810682   -0.002771
     0.823041   -0.002277
     0.835405   -0.001804
     0.847793   -0.001411
     0.860171   -0.001096
     0.872554   -0.000793
     0.884942   -0.000571
     0.897324   -0.000418
     0.909646   -0.000399
     0.922065   -0.000465
     0.934384   -0.000624
     0.946697   -0.000941
     0.958962   -0.001402
     0.971224   -0.002074
     0.983389   -0.002905
     0.994662   -0.003859
     1.000000   -0.004350
