     1.000000   -0.044300
     0.994873   -0.042682
     0.984685   -0.039641
     0.972665   -0.036237
     0.960262   -0.032869
     0.947746   -0.029627
     0.935258   -0.026557
     0.922688   -0.023541
     0.910205   -0.020646
     0.897642   -0.017878
     0.885184   -0.015182
     0.872615   -0.012544
     0.860027   -0.010005
     0.847336   -0.007611
     0.834629   -0.005372
     0.821954   -0.003312
     0.809253   -0.001284
     0.796525    0.000599
     0.783836    0.002304
     0.771170    0.003953
     0.758550    0.005475
     0.745958    0.006952
     0.733270    0.008347
     0.720520    0.009649
     0.707502    0.010955
     0.694698    0.012184
     0.681683    0.013348
     0.668617    0.014527
     0.655797    0.015645
     0.642784    0.016674
     0.629875    0.017709
     0.616962    0.018611
     0.603851    0.019529
     0.590930    0.020439
     0.578045    0.021216
     0.564932    0.022003
     0.551972    0.022788
     0.539087    0.023445
     0.525899    0.024106
     0.512692    0.024763
     0.499758    0.025411
     0.486806    0.025925
     0.473589    0.026457
     0.460402    0.026983
     0.447521    0.027482
     0.434532    0.027863
     0.421402    0.028257
     0.408507    0.028636
     0.395518    0.028887
     0.382287    0.029155
     0.369112    0.029419
     0.356246    0.029646
     0.343221    0.029767
     0.330097    0.029899
     0.317228    0.030008
     0.304230    0.029999
     0.291095    0.029999
     0.278195    0.029989
     0.265199    0.029848
     0.252184    0.029729
     0.239271    0.029484
     0.226184    0.029231
     0.213316    0.028906
     0.200242    0.028507
     0.187422    0.028103
     0.174676    0.027594
     0.162028    0.027003
     0.149352    0.026364
     0.136668    0.025604
     0.124018    0.024787
     0.111241    0.023890
     0.098456    0.022867
     0.085612    0.021674
     0.072795    0.020316
     0.060144    0.018819
     0.047849    0.017070
     0.035722    0.015073
     0.025059    0.012926
     0.016151    0.010687
     0.010055    0.008721
     0.006189    0.007035
     0.003579    0.005521
     0.001814    0.004003
     0.000711    0.002483
     0.000132    0.001045
     0.000015   -0.000346
     0.000364   -0.001760
     0.001206   -0.003258
     0.002667   -0.004824
     0.004914   -0.006351
     0.008189   -0.007967
     0.013244   -0.009826
     0.021113   -0.011979
     0.031140   -0.014226
     0.042795   -0.016268
     0.054784   -0.018048
     0.067260   -0.019587
     0.079769   -0.020878
     0.092564   -0.022011
     0.105383   -0.023035
     0.118164   -0.023981
     0.131130   -0.024766
     0.144174   -0.025558
     0.156922   -0.026249
     0.169688   -0.026886
     0.182575   -0.027400
     0.195619   -0.027934
     0.208495   -0.028358
     0.221591   -0.028751
     0.234468   -0.029098
     0.247528   -0.029347
     0.260466   -0.029607
     0.273416   -0.029732
     0.286557   -0.029864
     0.299502   -0.029997
     0.312439   -0.029998
     0.325658   -0.030001
     0.338866   -0.029999
     0.351777   -0.029989
     0.364780   -0.029850
     0.378032   -0.029720
     0.391355   -0.029586
     0.404694   -0.029453
     0.418034   -0.029320
     0.431355   -0.029187
     0.444597   -0.029052
     0.457550   -0.028933
     0.470187   -0.028696
     0.482519   -0.028423
     0.494401   -0.028144
     0.506662   -0.027976
     0.519614   -0.027707
     0.532858   -0.027443
     0.546179   -0.027176
     0.559518   -0.026910
     0.572859   -0.026643
     0.586201   -0.026376
     0.599543   -0.026109
     0.612885   -0.025842
     0.626228   -0.025575
     0.639570   -0.025309
     0.652912   -0.025042
     0.666253   -0.024775
     0.679590   -0.024508
     0.692908   -0.024241
     0.706149   -0.023979
     0.719119   -0.023714
     0.732032   -0.023581
     0.745170   -0.023450
     0.758153   -0.023312
     0.771061   -0.023302
     0.784115   -0.023292
     0.796871   -0.023366
     0.809607   -0.023494
     0.822351   -0.023746
     0.835141   -0.024039
     0.848018   -0.024513
     0.860890   -0.025149
     0.873761   -0.025951
     0.886612   -0.026920
     0.899313   -0.028033
     0.911724   -0.029410
     0.924114   -0.031093
     0.936458   -0.033075
     0.948759   -0.035353
     0.961005   -0.037922
     0.973129   -0.040762
     0.984868   -0.043784
     0.994887   -0.046625
     1.000000   -0.048200
