     1.000000    0.000000
     0.994490    0.000637
     0.984280    0.002003
     0.972385    0.003785
     0.959632    0.005841
     0.946461    0.008065
     0.933074    0.010384
     0.919575    0.012750
     0.906051    0.015125
     0.892553    0.017483
     0.879091    0.019807
     0.865657    0.022088
     0.852245    0.024318
     0.838849    0.026492
     0.825462    0.028606
     0.812077    0.030656
     0.798686    0.032642
     0.785283    0.034566
     0.771863    0.036430
     0.758422    0.038235
     0.744960    0.039986
     0.731477    0.041685
     0.717977    0.043335
     0.704462    0.044939
     0.690936    0.046497
     0.677400    0.048010
     0.663858    0.049480
     0.650311    0.050906
     0.636761    0.052287
     0.623208    0.053624
     0.609653    0.054917
     0.596096    0.056163
     0.582536    0.057364
     0.568975    0.058518
     0.555411    0.059625
     0.541847    0.060684
     0.528283    0.061695
     0.514722    0.062655
     0.501165    0.063563
     0.487612    0.064418
     0.474062    0.065217
     0.460516    0.065960
     0.446973    0.066644
     0.433434    0.067268
     0.419900    0.067830
     0.406372    0.068327
     0.392853    0.068758
     0.379345    0.069120
     0.365850    0.069410
     0.352370    0.069623
     0.338905    0.069756
     0.325455    0.069805
     0.312020    0.069766
     0.298602    0.069637
     0.285206    0.069413
     0.271834    0.069088
     0.258493    0.068656
     0.245192    0.068112
     0.231937    0.067448
     0.218732    0.066654
     0.205577    0.065721
     0.192472    0.064639
     0.179428    0.063400
     0.166460    0.061997
     0.153592    0.060416
     0.140836    0.058642
     0.128200    0.056659
     0.115706    0.054448
     0.103404    0.051999
     0.091348    0.049297
     0.079554    0.046316
     0.068027    0.043021
     0.056972    0.039428
     0.046730    0.035631
     0.037308    0.031621
     0.028545    0.027308
     0.021259    0.023158
     0.015903    0.019649
     0.011827    0.016549
     0.008487    0.013572
     0.005739    0.010702
     0.003670    0.008214
     0.002169    0.006178
     0.001129    0.004463
     0.000457    0.002928
     0.000099    0.001480
     0.000047    0.000046
     0.000304   -0.001419
     0.000871   -0.002924
     0.001791   -0.004451
     0.003139   -0.005922
     0.005034   -0.007282
     0.007645   -0.008544
     0.011137   -0.009821
     0.015656   -0.011321
     0.021395   -0.013004
     0.028428   -0.014663
     0.037156   -0.016226
     0.047910   -0.017731
     0.059955   -0.019093
     0.072283   -0.020191
     0.084876   -0.021062
     0.097850   -0.021758
     0.111077   -0.022309
     0.124390   -0.022728
     0.137741   -0.023034
     0.151152   -0.023245
     0.164635   -0.023375
     0.178176   -0.023435
     0.191754   -0.023434
     0.205353   -0.023378
     0.218967   -0.023276
     0.232596   -0.023129
     0.246237   -0.022942
     0.259890   -0.022718
     0.273555   -0.022459
     0.287230   -0.022168
     0.300916   -0.021848
     0.314610   -0.021502
     0.328312   -0.021131
     0.342022   -0.020738
     0.355737   -0.020324
     0.369457   -0.019892
     0.383181   -0.019442
     0.396908   -0.018975
     0.410639   -0.018492
     0.424372   -0.017995
     0.438109   -0.017483
     0.451848   -0.016959
     0.465590   -0.016423
     0.479334   -0.015875
     0.493081   -0.015317
     0.506830   -0.014748
     0.520583   -0.014171
     0.534341   -0.013585
     0.548103   -0.012993
     0.561870   -0.012395
     0.575642   -0.011792
     0.589417   -0.011186
     0.603193   -0.010577
     0.616970   -0.009965
     0.630745   -0.009352
     0.644516   -0.008739
     0.658284   -0.008129
     0.672051   -0.007522
     0.685819   -0.006920
     0.699586   -0.006324
     0.713349   -0.005735
     0.727103   -0.005152
     0.740841   -0.004580
     0.754562   -0.004023
     0.768271   -0.003485
     0.781976   -0.002968
     0.795681   -0.002472
     0.809386   -0.001997
     0.823081   -0.001545
     0.836758   -0.001120
     0.850418   -0.000727
     0.864065   -0.000370
     0.877705   -0.000050
     0.891339    0.000231
     0.904956    0.000470
     0.918545    0.000661
     0.932086    0.000796
     0.945548    0.000865
     0.958866    0.000853
     0.971854    0.000747
     0.984031    0.000539
     0.994448    0.000239
     1.000010    0.000000
