     1.000000    0.000000
     0.994711    0.000765
     0.985969    0.002033
     0.976055    0.003477
     0.964741    0.005132
     0.951919    0.007017
     0.937948    0.009081
     0.924043    0.011141
     0.910091    0.013209
     0.895912    0.015303
     0.881892    0.017364
     0.868010    0.019398
     0.854164    0.021425
     0.840280    0.023458
     0.826313    0.025509
     0.812237    0.027585
     0.798059    0.029689
     0.783810    0.031818
     0.769536    0.033960
     0.755262    0.036104
     0.741000    0.038241
     0.726770    0.040363
     0.712574    0.042462
     0.698404    0.044532
     0.684246    0.046571
     0.670084    0.048581
     0.655909    0.050563
     0.641716    0.052518
     0.627508    0.054447
     0.613293    0.056348
     0.599087    0.058219
     0.584908    0.060058
     0.570774    0.061849
     0.556695    0.063583
     0.542672    0.065246
     0.528700    0.066829
     0.514768    0.068322
     0.500857    0.069717
     0.486943    0.071008
     0.473004    0.072199
     0.459024    0.073297
     0.444997    0.074307
     0.430923    0.075234
     0.416813    0.076084
     0.402686    0.076860
     0.388569    0.077566
     0.374492    0.078188
     0.360478    0.078708
     0.346542    0.079111
     0.332691    0.079380
     0.318925    0.079502
     0.305239    0.079461
     0.291620    0.079246
     0.278056    0.078849
     0.264533    0.078267
     0.251045    0.077498
     0.237584    0.076538
     0.224145    0.075383
     0.210724    0.074029
     0.197322    0.072472
     0.183939    0.070706
     0.170598    0.068724
     0.157344    0.066523
     0.144243    0.064109
     0.131365    0.061481
     0.118725    0.058622
     0.106266    0.055498
     0.093875    0.052055
     0.081462    0.048278
     0.069213    0.044276
     0.057601    0.040127
     0.047089    0.035857
     0.037885    0.031607
     0.029839    0.027480
     0.022632    0.023425
     0.016335    0.019440
     0.011743    0.016128
     0.008514    0.013536
     0.006149    0.011405
     0.004343    0.009555
     0.002939    0.007889
     0.001851    0.006353
     0.001030    0.004909
     0.000447    0.003533
     0.000089    0.002205
    -0.000046    0.000910
     0.000053   -0.000367
     0.000395   -0.001643
     0.000976   -0.002933
     0.001806   -0.004252
     0.002907   -0.005617
     0.004322   -0.007052
     0.006126   -0.008587
     0.008446   -0.010266
     0.011514   -0.012154
     0.015665   -0.014281
     0.021296   -0.016554
     0.028316   -0.018839
     0.036538   -0.021170
     0.045878   -0.023381
     0.056255   -0.025258
     0.067841   -0.026826
     0.080597   -0.028403
     0.093722   -0.030061
     0.106684   -0.031512
     0.119679   -0.032691
     0.132971   -0.033670
     0.146683   -0.034513
     0.160761   -0.035273
     0.175007   -0.035962
     0.189259   -0.036579
     0.203447   -0.037128
     0.217585   -0.037616
     0.231713   -0.038053
     0.245861   -0.038442
     0.260050   -0.038792
     0.274290   -0.039106
     0.288583   -0.039391
     0.302918   -0.039651
     0.317275   -0.039889
     0.331635   -0.040103
     0.345983   -0.040290
     0.360310   -0.040446
     0.374614   -0.040569
     0.388896   -0.040658
     0.403167   -0.040708
     0.417438   -0.040719
     0.431722   -0.040695
     0.446028   -0.040639
     0.460356   -0.040554
     0.474708   -0.040444
     0.489075   -0.040312
     0.503448   -0.040163
     0.517810   -0.039996
     0.532149   -0.039807
     0.546455   -0.039589
     0.560725   -0.039336
     0.574959   -0.039041
     0.589162   -0.038698
     0.603344   -0.038301
     0.617519   -0.037847
     0.631698   -0.037336
     0.645891   -0.036773
     0.660102   -0.036159
     0.674332   -0.035499
     0.688577   -0.034794
     0.702831   -0.034049
     0.717083   -0.033264
     0.731320   -0.032432
     0.745531   -0.031547
     0.759705   -0.030601
     0.773834   -0.029589
     0.787909   -0.028502
     0.801924   -0.027334
     0.815875   -0.026083
     0.829763   -0.024751
     0.843600   -0.023341
     0.857407   -0.021854
     0.871212   -0.020291
     0.885053   -0.018651
     0.898981   -0.016929
     0.913046   -0.015114
     0.927177   -0.013179
     0.941040   -0.011128
     0.954141   -0.009009
     0.966087   -0.006904
     0.976769   -0.004877
     0.986285   -0.002958
     0.994798   -0.001149
     1.000000    0.000000
