     1.000000    0.002500
     0.993664    0.003991
     0.983080    0.006521
     0.970929    0.009487
     0.956985    0.012972
     0.941385    0.016971
     0.924868    0.021282
     0.908297    0.025608
     0.892007    0.029787
     0.875861    0.033813
     0.859691    0.037721
     0.843413    0.041522
     0.827042    0.045254
     0.810719    0.048988
     0.794693    0.052770
     0.779207    0.056490
     0.764309    0.059885
     0.749888    0.062770
     0.735773    0.065108
     0.721869    0.067215
     0.708150    0.069453
     0.694631    0.072146
     0.681294    0.075332
     0.668000    0.078714
     0.654526    0.081994
     0.640537    0.084892
     0.625678    0.087398
     0.609769    0.089684
     0.593058    0.091931
     0.576307    0.094142
     0.560003    0.096145
     0.544055    0.097850
     0.528063    0.099271
     0.511740    0.100485
     0.495096    0.101550
     0.478427    0.102477
     0.461936    0.103229
     0.445532    0.103778
     0.428914    0.104136
     0.411914    0.104371
     0.394762    0.104556
     0.378011    0.104694
     0.361841    0.104676
     0.345928    0.104399
     0.329653    0.103807
     0.312726    0.102962
     0.295853    0.102012
     0.280253    0.100963
     0.265710    0.099510
     0.251309    0.097883
     0.236849    0.096580
     0.222370    0.095218
     0.207265    0.093293
     0.191369    0.090966
     0.175820    0.088444
     0.160892    0.085609
     0.146062    0.082336
     0.130891    0.078555
     0.116111    0.074566
     0.102833    0.070482
     0.090444    0.065834
     0.077829    0.060315
     0.064535    0.053943
     0.051660    0.047215
     0.041114    0.041157
     0.032851    0.035838
     0.025923    0.030740
     0.019609    0.025353
     0.014034    0.020186
     0.009897    0.016305
     0.006925    0.013370
     0.004728    0.010959
     0.003067    0.008858
     0.001817    0.006956
     0.000908    0.005188
     0.000304    0.003511
    -0.000010    0.001894
    -0.000031    0.000308
     0.000256   -0.001270
     0.000849   -0.002862
     0.001750   -0.004481
     0.002977   -0.006145
     0.004571   -0.007870
     0.006604   -0.009671
     0.009192   -0.011559
     0.012509   -0.013505
     0.016741   -0.015375
     0.022131   -0.017144
     0.028834   -0.019215
     0.037042   -0.022046
     0.046766   -0.025441
     0.057642   -0.028758
     0.069354   -0.031608
     0.082121   -0.034010
     0.096313   -0.036195
     0.108764   -0.038066
     0.118139   -0.039173
     0.125930   -0.039496
     0.133503   -0.039198
     0.141838   -0.039270
     0.149801   -0.040455
     0.156353   -0.042150
     0.161463   -0.043536
     0.165491   -0.044449
     0.168691   -0.044887
     0.171201   -0.044845
     0.173088   -0.044297
     0.174360   -0.043178
     0.174966   -0.041361
     0.175098   -0.038948
     0.175669   -0.036796
     0.176809   -0.035012
     0.178599   -0.033645
     0.181123   -0.032747
     0.184475   -0.032369
     0.188747   -0.032555
     0.194016   -0.033328
     0.200322   -0.034665
     0.207629   -0.036458
     0.215768   -0.038453
     0.224358   -0.040156
     0.232886   -0.040856
     0.241588   -0.040433
     0.251488   -0.039351
     0.264112   -0.038469
     0.279528   -0.037822
     0.296192   -0.037157
     0.313069   -0.036445
     0.330082   -0.035685
     0.347222   -0.034883
     0.364440   -0.034048
     0.381690   -0.033186
     0.398932   -0.032305
     0.416125   -0.031416
     0.433232   -0.030549
     0.450236   -0.029739
     0.467137   -0.029000
     0.483942   -0.028269
     0.500655   -0.027466
     0.517279   -0.026551
     0.533836   -0.025604
     0.550380   -0.024732
     0.566992   -0.024004
     0.583738   -0.023364
     0.600637   -0.022725
     0.617657   -0.022018
     0.634744   -0.021241
     0.651852   -0.020407
     0.668946   -0.019539
     0.686000   -0.018676
     0.702997   -0.017861
     0.719928   -0.017109
     0.736809   -0.016366
     0.753694   -0.015568
     0.770667   -0.014675
     0.787777   -0.013711
     0.804982   -0.012709
     0.822152   -0.011716
     0.839167   -0.010789
     0.855954   -0.009976
     0.872507   -0.009261
     0.888915   -0.008542
     0.905393   -0.007710
     0.922194   -0.006719
     0.939141   -0.005662
     0.955356   -0.004688
     0.969910   -0.003893
     0.982547   -0.003267
     0.993486   -0.002773
     1.000000   -0.002500
