NN10730
1.00000000  0.00000000
0.98188406  0.00590477
0.96376812  0.01178778
0.94565221  0.01765793
0.92753640  0.02352243
0.90942079  0.02938683
0.89130559  0.03525509
0.87319109  0.04112961
0.85507770  0.04701134
0.83696596  0.05289980
0.81885656  0.05879315
0.80075038  0.06468823
0.78264847  0.07058067
0.76455210  0.07646488
0.74646278  0.08233415
0.72838225  0.08818072
0.71031254  0.09399581
0.69225594  0.09976966
0.67421508  0.10549166
0.65619289  0.11115033
0.63819266  0.11673343
0.62021803  0.12222801
0.60227305  0.12762042
0.58436214  0.13289646
0.56649016  0.13804135
0.54866242  0.14303984
0.53088467  0.14787625
0.51316314  0.15253452
0.49550459  0.15699830
0.47791625  0.16125099
0.46040593  0.16527577
0.44298198  0.16905571
0.42565331  0.17257380
0.40842945  0.17581300
0.39132052  0.17875632
0.37433730  0.18138688
0.35749120  0.18368794
0.34079431  0.18564298
0.32425942  0.18723576
0.30790000  0.18845036
0.29173028  0.18927127
0.27576522  0.18968343
0.26002056  0.18967226
0.24451281  0.18922377
0.22925931  0.18832459
0.21427820  0.18696204
0.19958848  0.18512417
0.18521000  0.18279984
0.17116350  0.17997876
0.15747063  0.17665157
0.14415394  0.17280986
0.13123695  0.16844629
0.11874410  0.16355458
0.10670084  0.15812961
0.09513360  0.15216749
0.08406985  0.14566558
0.07353805  0.13862255
0.06356777  0.13103849
0.05418962  0.12291491
0.04543531  0.11425481
0.03733766  0.10506279
0.02993063  0.09534503
0.02324933  0.08510940
0.01733003  0.07436552
0.01221019  0.06312477
0.00792850  0.05140041
0.00452485  0.03920761
0.00204040  0.02656348
0.00051754  0.01348720
0.00000000  0.00000000
0.00000000  0.00000000
0.00051754  -0.00481893
0.00204040  -0.00936214
0.00452485  -0.01363413
0.00792850  -0.01763964
0.01221019  -0.02138369
0.01733003  -0.02487152
0.02324933  -0.02810859
0.02993063  -0.03110057
0.03733766  -0.03385334
0.04543531  -0.03637296
0.05418962  -0.03866565
0.06356777  -0.04073780
0.07353805  -0.04259594
0.08406985  -0.04424673
0.09513360  -0.04569694
0.10670084  -0.04695346
0.11874410  -0.04802327
0.13123695  -0.04891341
0.14415394  -0.04963100
0.15747063  -0.05018321
0.17116350  -0.05057725
0.18521000  -0.05082035
0.19958848  -0.05091975
0.21427820  -0.05088270
0.22925931  -0.05071643
0.24451281  -0.05042814
0.26002056  -0.05002499
0.27576522  -0.04951408
0.29173028  -0.04890246
0.30790000  -0.04819708
0.32425942  -0.04740481
0.34079431  -0.04653240
0.35749120  -0.04558650
0.37433730  -0.04457361
0.39132052  -0.04350009
0.40842945  -0.04237213
0.42565331  -0.04119576
0.44298198  -0.03997681
0.46040593  -0.03872094
0.47791625  -0.03743356
0.49550459  -0.03611987
0.51316314  -0.03478484
0.53088467  -0.03343318
0.54866242  -0.03206932
0.56649016  -0.03069744
0.58436214  -0.02932140
0.60227305  -0.02794478
0.62021803  -0.02657082
0.63819266  -0.02520244
0.65619289  -0.02384221
0.67421508  -0.02249235
0.69225594  -0.02115469
0.71031254  -0.01983071
0.72838225  -0.01852145
0.74646278  -0.01722757
0.76455210  -0.01594929
0.78264847  -0.01468640
0.80075038  -0.01343824
0.81885656  -0.01220368
0.83696596  -0.01098111
0.85507770  -0.00976845
0.87319109  -0.00856309
0.89130559  -0.00736192
0.90942079  -0.00616129
0.92753640  -0.00495702
0.94565221  -0.00374436
0.96376812  -0.00251801
0.98188406  -0.00127205
1.00000000  0.00000000
