NN10193
1.00000000  0.00000000
0.98188406  0.00369500
0.96376812  0.00732158
0.94565221  0.01089985
0.92753640  0.01444711
0.90942079  0.01797799
0.89130559  0.02150454
0.87319109  0.02503634
0.85507770  0.02858065
0.83696596  0.03214248
0.81885656  0.03572471
0.80075038  0.03932825
0.78264847  0.04295207
0.76455210  0.04659340
0.74646278  0.05024778
0.72838225  0.05390921
0.71031254  0.05757023
0.69225594  0.06122206
0.67421508  0.06485473
0.65619289  0.06845713
0.63819266  0.07201719
0.62021803  0.07552194
0.60227305  0.07895767
0.58436214  0.08231001
0.56649016  0.08556407
0.54866242  0.08870450
0.53088467  0.09171568
0.51316314  0.09458177
0.49550459  0.09728686
0.47791625  0.09981506
0.46040593  0.10215062
0.44298198  0.10427806
0.42565331  0.10618226
0.40842945  0.10784857
0.39132052  0.10926297
0.37433730  0.11041211
0.35749120  0.11128347
0.34079431  0.11186549
0.32425942  0.11214763
0.30790000  0.11212053
0.29173028  0.11177607
0.27576522  0.11110757
0.26002056  0.11010979
0.24451281  0.10877916
0.22925931  0.10711380
0.21427820  0.10511368
0.19958848  0.10278072
0.18521000  0.10011890
0.17116350  0.09713440
0.15747063  0.09383568
0.14415394  0.09023359
0.13123695  0.08634151
0.11874410  0.08217546
0.10670084  0.07775420
0.09513360  0.07309933
0.08406985  0.06823545
0.07353805  0.06319021
0.06356777  0.05799449
0.05418962  0.05268246
0.04543531  0.04729171
0.03733766  0.04186337
0.02993063  0.03644224
0.02324933  0.03107685
0.01733003  0.02581962
0.01221019  0.02072697
0.00792850  0.01585939
0.00452485  0.01128163
0.00204040  0.00706272
0.00051754  0.00327616
0.00000000  0.00000000
0.00000000  0.00000000
0.00051754  -0.01157705
0.00204040  -0.02256081
0.00452485  -0.03292750
0.00792850  -0.04265727
0.01221019  -0.05173402
0.01733003  -0.06014535
0.02324933  -0.06788230
0.02993063  -0.07493934
0.03733766  -0.08131412
0.04543531  -0.08700741
0.05418962  -0.09202294
0.06356777  -0.09636723
0.07353805  -0.10004950
0.08406985  -0.10308150
0.09513360  -0.10547739
0.10670084  -0.10725359
0.11874410  -0.10842866
0.13123695  -0.10902312
0.14415394  -0.10905937
0.15747063  -0.10856152
0.17116350  -0.10755523
0.18521000  -0.10606763
0.19958848  -0.10412714
0.21427820  -0.10176332
0.22925931  -0.09900679
0.24451281  -0.09588903
0.26002056  -0.09244228
0.27576522  -0.08869938
0.29173028  -0.08469365
0.30790000  -0.08045875
0.32425942  -0.07602853
0.34079431  -0.07143689
0.35749120  -0.06671766
0.37433730  -0.06190447
0.39132052  -0.05703055
0.40842945  -0.05212869
0.42565331  -0.04723101
0.44298198  -0.04236889
0.46040593  -0.03757277
0.47791625  -0.03287208
0.49550459  -0.02829504
0.51316314  -0.02386857
0.53088467  -0.01961813
0.54866242  -0.01556757
0.56649016  -0.01173902
0.58436214  -0.00815272
0.60227305  -0.00482693
0.62021803  -0.00177774
0.63819266  0.00098104
0.65619289  0.00343802
0.67421508  0.00558438
0.69225594  0.00741398
0.71031254  0.00892355
0.72838225  0.01011276
0.74646278  0.01098441
0.76455210  0.01154455
0.78264847  0.01180262
0.80075038  0.01177157
0.81885656  0.01146804
0.83696596  0.01091245
0.85507770  0.01012918
0.87319109  0.00914666
0.89130559  0.00799757
0.90942079  0.00671892
0.92753640  0.00535222
0.94565221  0.00394361
0.96376812  0.00254399
0.98188406  0.00120916
1.00000000  0.00000000
