NN10554
1.00000000  0.00000000
0.98188406  0.01344184
0.96376812  0.02614372
0.94565221  0.03814330
0.92753640  0.04947644
0.90942079  0.06017730
0.89130559  0.07027831
0.87319109  0.07981027
0.85507770  0.08880232
0.83696596  0.09728199
0.81885656  0.10527525
0.80075038  0.11280655
0.78264847  0.11989880
0.76455210  0.12657345
0.74646278  0.13285051
0.72838225  0.13874858
0.71031254  0.14428488
0.69225594  0.14947527
0.67421508  0.15433433
0.65619289  0.15887531
0.63819266  0.16311026
0.62021803  0.16704998
0.60227305  0.17070409
0.58436214  0.17408106
0.56649016  0.17718824
0.54866242  0.18003190
0.53088467  0.18261723
0.51316314  0.18494841
0.49550459  0.18702863
0.47791625  0.18886010
0.46040593  0.19044413
0.44298198  0.19178112
0.42565331  0.19287059
0.40842945  0.19371125
0.39132052  0.19430100
0.37433730  0.19463698
0.35749120  0.19471558
0.34079431  0.19453250
0.32425942  0.19408276
0.30790000  0.19336075
0.29173028  0.19236023
0.27576522  0.19107441
0.26002056  0.18949595
0.24451281  0.18761699
0.22925931  0.18542920
0.21427820  0.18292381
0.19958848  0.18009160
0.18521000  0.17692302
0.17116350  0.17340814
0.15747063  0.16953669
0.14415394  0.16529817
0.13123695  0.16068177
0.11874410  0.15567649
0.10670084  0.15027114
0.09513360  0.14445436
0.08406985  0.13821466
0.07353805  0.13154048
0.06356777  0.12442017
0.05418962  0.11684207
0.04543531  0.10879453
0.03733766  0.10026591
0.02993063  0.09124465
0.02324933  0.08171929
0.01733003  0.07167850
0.01221019  0.06111112
0.00792850  0.05000618
0.00452485  0.03835293
0.00204040  0.02614089
0.00051754  0.01335987
0.00000000  0.00000000
0.00000000  0.00000000
0.00051754  -0.00886659
0.00204040  -0.01687077
0.00452485  -0.02405029
0.00792850  -0.03044335
0.01221019  -0.03608844
0.01733003  -0.04102432
0.02324933  -0.04528990
0.02993063  -0.04892417
0.03733766  -0.05196614
0.04543531  -0.05445473
0.05418962  -0.05642867
0.06356777  -0.05792649
0.07353805  -0.05898636
0.08406985  -0.05964605
0.09513360  -0.05994283
0.10670084  -0.05991341
0.11874410  -0.05959383
0.13123695  -0.05901940
0.14415394  -0.05822461
0.15747063  -0.05724305
0.17116350  -0.05610730
0.18521000  -0.05484892
0.19958848  -0.05349828
0.21427820  -0.05208453
0.22925931  -0.05063553
0.24451281  -0.04917772
0.26002056  -0.04773607
0.27576522  -0.04633399
0.29173028  -0.04499326
0.30790000  -0.04373392
0.32425942  -0.04257421
0.34079431  -0.04153051
0.35749120  -0.04061718
0.37433730  -0.03984657
0.39132052  -0.03922889
0.40842945  -0.03877211
0.42565331  -0.03848194
0.44298198  -0.03836167
0.46040593  -0.03841218
0.47791625  -0.03863175
0.49550459  -0.03901608
0.51316314  -0.03955813
0.53088467  -0.04024809
0.54866242  -0.04107328
0.56649016  -0.04201805
0.58436214  -0.04306372
0.60227305  -0.04418851
0.62021803  -0.04536741
0.63819266  -0.04657216
0.65619289  -0.04777111
0.67421508  -0.04892917
0.69225594  -0.05000774
0.71031254  -0.05096458
0.72838225  -0.05175378
0.74646278  -0.05232566
0.76455210  -0.05262666
0.78264847  -0.05259929
0.80075038  -0.05218206
0.81885656  -0.05130936
0.83696596  -0.04991139
0.85507770  -0.04791409
0.87319109  -0.04523906
0.89130559  -0.04180346
0.90942079  -0.03751994
0.92753640  -0.03229655
0.94565221  -0.02603667
0.96376812  -0.01863892
0.98188406  -0.00999708
1.00000000  0.00000000
