NN10895
1.00000000  0.00000000
0.98188406  0.02103125
0.96376812  0.04061736
0.94565221  0.05879811
0.92753640  0.07561425
0.90942079  0.09110747
0.89130559  0.10532027
0.87319109  0.11829589
0.85507770  0.13007820
0.83696596  0.14071164
0.81885656  0.15024110
0.80075038  0.15871185
0.78264847  0.16616945
0.76455210  0.17265962
0.74646278  0.17822823
0.72838225  0.18292114
0.71031254  0.18678412
0.69225594  0.18986279
0.67421508  0.19220251
0.65619289  0.19384829
0.63819266  0.19484472
0.62021803  0.19523583
0.60227305  0.19506506
0.58436214  0.19437514
0.56649016  0.19320800
0.54866242  0.19160467
0.53088467  0.18960522
0.51316314  0.18724865
0.49550459  0.18457281
0.47791625  0.18161428
0.46040593  0.17840832
0.44298198  0.17498877
0.42565331  0.17138794
0.40842945  0.16763653
0.39132052  0.16376357
0.37433730  0.15979627
0.35749120  0.15575999
0.34079431  0.15167810
0.32425942  0.14757192
0.30790000  0.14346065
0.29173028  0.13936122
0.27576522  0.13528825
0.26002056  0.13125393
0.24451281  0.12726795
0.22925931  0.12333742
0.21427820  0.11946675
0.19958848  0.11565756
0.18521000  0.11190862
0.17116350  0.10821574
0.15747063  0.10457170
0.14415394  0.10096610
0.13123695  0.09738537
0.11874410  0.09381257
0.10670084  0.09022739
0.09513360  0.08660601
0.08406985  0.08292102
0.07353805  0.07914136
0.06356777  0.07523216
0.05418962  0.07115472
0.04543531  0.06686640
0.03733766  0.06232051
0.02993063  0.05746624
0.02324933  0.05224857
0.01733003  0.04660814
0.01221019  0.04048124
0.00792850  0.03379965
0.00452485  0.02649058
0.00204040  0.01847657
0.00051754  0.00967539
0.00000000  0.00000000
0.00000000  0.00000000
0.00051754  -0.00244196
0.00204040  -0.00480915
0.00452485  -0.00711409
0.00792850  -0.00936780
0.01221019  -0.01157983
0.01733003  -0.01375832
0.02324933  -0.01591010
0.02993063  -0.01804069
0.03733766  -0.02015441
0.04543531  -0.02225442
0.05418962  -0.02434275
0.06356777  -0.02642042
0.07353805  -0.02848743
0.08406985  -0.03054289
0.09513360  -0.03258500
0.10670084  -0.03461119
0.11874410  -0.03661811
0.13123695  -0.03860173
0.14415394  -0.04055738
0.15747063  -0.04247984
0.17116350  -0.04436333
0.18521000  -0.04620165
0.19958848  -0.04798819
0.21427820  -0.04971600
0.22925931  -0.05137785
0.24451281  -0.05296628
0.26002056  -0.05447368
0.27576522  -0.05589233
0.29173028  -0.05721446
0.30790000  -0.05843232
0.32425942  -0.05953823
0.34079431  -0.06052464
0.35749120  -0.06138419
0.37433730  -0.06210976
0.39132052  -0.06269455
0.40842945  -0.06313212
0.42565331  -0.06341646
0.44298198  -0.06354203
0.46040593  -0.06350385
0.47791625  -0.06329752
0.49550459  -0.06291932
0.51316314  -0.06236623
0.53088467  -0.06163602
0.54866242  -0.06072730
0.56649016  -0.05963955
0.58436214  -0.05837324
0.60227305  -0.05692983
0.62021803  -0.05531184
0.63819266  -0.05352295
0.65619289  -0.05156800
0.67421508  -0.04945310
0.69225594  -0.04718565
0.71031254  -0.04477443
0.72838225  -0.04222962
0.74646278  -0.03956290
0.76455210  -0.03678750
0.78264847  -0.03391823
0.80075038  -0.03097157
0.81885656  -0.02796572
0.83696596  -0.02492063
0.85507770  -0.02185814
0.87319109  -0.01880192
0.89130559  -0.01577764
0.90942079  -0.01281296
0.92753640  -0.00993761
0.94565221  -0.00718346
0.96376812  -0.00458456
0.98188406  -0.00217720
1.00000000  0.00000000
