NN10449
1.00000000  0.00000000
0.98188406  0.02075970
0.96376812  0.04021086
0.94565221  0.05839111
0.92753640  0.07533856
0.90942079  0.09109170
0.89130559  0.10568939
0.87319109  0.11917074
0.85507770  0.13157507
0.83696596  0.14294185
0.81885656  0.15331059
0.80075038  0.16272086
0.78264847  0.17121214
0.76455210  0.17882379
0.74646278  0.18559499
0.72838225  0.19156465
0.71031254  0.19677138
0.69225594  0.20125339
0.67421508  0.20504843
0.65619289  0.20819376
0.63819266  0.21072602
0.62021803  0.21268123
0.60227305  0.21409467
0.58436214  0.21500085
0.56649016  0.21543344
0.54866242  0.21542519
0.53088467  0.21500785
0.51316314  0.21421216
0.49550459  0.21306773
0.47791625  0.21160299
0.46040593  0.20984513
0.44298198  0.20782003
0.42565331  0.20555222
0.40842945  0.20306474
0.39132052  0.20037917
0.37433730  0.19751550
0.35749120  0.19449206
0.34079431  0.19132552
0.32425942  0.18803075
0.30790000  0.18462079
0.29173028  0.18110679
0.27576522  0.17749790
0.26002056  0.17380128
0.24451281  0.17002196
0.22925931  0.16616281
0.21427820  0.16222449
0.19958848  0.15820534
0.18521000  0.15410134
0.17116350  0.14990605
0.15747063  0.14561054
0.14415394  0.14120329
0.13123695  0.13667020
0.11874410  0.13199443
0.10670084  0.12715643
0.09513360  0.12213378
0.08406985  0.11690121
0.07353805  0.11143046
0.06356777  0.10569028
0.05418962  0.09964631
0.04543531  0.09326104
0.03733766  0.08649376
0.02993063  0.07930046
0.02324933  0.07163377
0.01733003  0.06344293
0.01221019  0.05467366
0.00792850  0.04526818
0.00452485  0.03516505
0.00204040  0.02429917
0.00051754  0.01260171
0.00000000  0.00000000
0.00000000  0.00000000
0.00051754  0.00000648
0.00204040  0.00004304
0.00452485  0.00009933
0.00792850  0.00016582
0.01221019  0.00023378
0.01733003  0.00029527
0.02324933  0.00034309
0.02993063  0.00037077
0.03733766  0.00037257
0.04543531  0.00034344
0.05418962  0.00027899
0.06356777  0.00017548
0.07353805  0.00002982
0.08406985  -0.00016049
0.09513360  -0.00039737
0.10670084  -0.00068215
0.11874410  -0.00101564
0.13123695  -0.00139810
0.14415394  -0.00182932
0.15747063  -0.00230857
0.17116350  -0.00283470
0.18521000  -0.00340608
0.19958848  -0.00402070
0.21427820  -0.00467612
0.22925931  -0.00536956
0.24451281  -0.00609784
0.26002056  -0.00685748
0.27576522  -0.00764468
0.29173028  -0.00845534
0.30790000  -0.00928510
0.32425942  -0.01012934
0.34079431  -0.01098321
0.35749120  -0.01184167
0.37433730  -0.01269948
0.39132052  -0.01355123
0.40842945  -0.01439138
0.42565331  -0.01521426
0.44298198  -0.01601409
0.46040593  -0.01678503
0.47791625  -0.01752115
0.49550459  -0.01821652
0.51316314  -0.01886515
0.53088467  -0.01946108
0.54866242  -0.01999838
0.56649016  -0.02047114
0.58436214  -0.02087353
0.60227305  -0.02119982
0.62021803  -0.02144437
0.63819266  -0.02160168
0.65619289  -0.02166639
0.67421508  -0.02163334
0.69225594  -0.02149752
0.71031254  -0.02125417
0.72838225  -0.02089876
0.74646278  -0.02042700
0.76455210  -0.01983489
0.78264847  -0.01911872
0.80075038  -0.01827512
0.81885656  -0.01730104
0.83696596  -0.01619379
0.85507770  -0.01495107
0.87319109  -0.01357101
0.89130559  -0.01205211
0.90942079  -0.01039337
0.92753640  -0.00859422
0.94565221  -0.00665460
0.96376812  -0.00457495
0.98188406  -0.00235624
1.00000000  0.00000000
