NN10802
1.00000000  0.00000000
0.98188406  0.01010810
0.96376812  0.02008596
0.94565221  0.02989750
0.92753640  0.03950963
0.90942079  0.04889218
0.89130559  0.05801780
0.87319109  0.06686185
0.85507770  0.07540229
0.83696596  0.08361962
0.81885656  0.09149675
0.80075038  0.09901891
0.78264847  0.10617355
0.76455210  0.11295026
0.74646278  0.11934065
0.72838225  0.12533825
0.71031254  0.13093845
0.69225594  0.13613833
0.67421508  0.14093665
0.65619289  0.14533368
0.63819266  0.14933114
0.62021803  0.15293209
0.60227305  0.15614083
0.58436214  0.15896282
0.56649016  0.16140454
0.54866242  0.16347345
0.53088467  0.16517784
0.51316314  0.16652676
0.49550459  0.16752993
0.47791625  0.16819761
0.46040593  0.16854051
0.44298198  0.16856973
0.42565331  0.16829661
0.40842945  0.16773268
0.39132052  0.16688951
0.37433730  0.16577865
0.35749120  0.16441153
0.34079431  0.16279934
0.32425942  0.16095296
0.30790000  0.15888284
0.29173028  0.15659889
0.27576522  0.15411045
0.26002056  0.15142608
0.24451281  0.14855359
0.22925931  0.14549983
0.21427820  0.14227065
0.19958848  0.13887081
0.18521000  0.13530384
0.17116350  0.13157199
0.15747063  0.12767607
0.14415394  0.12361543
0.13123695  0.11938780
0.11874410  0.11498920
0.10670084  0.11041390
0.09513360  0.10565422
0.08406985  0.10070053
0.07353805  0.09554110
0.06356777  0.09016202
0.05418962  0.08454706
0.04543531  0.07867766
0.03733766  0.07253275
0.02993063  0.06608867
0.02324933  0.05931910
0.01733003  0.05219496
0.01221019  0.04468426
0.00792850  0.03675206
0.00452485  0.02836036
0.00204040  0.01946797
0.00051754  0.01003045
0.00000000  0.00000000
0.00000000  0.00000000
0.00051754  -0.00312619
0.00204040  -0.00551533
0.00452485  -0.00724968
0.00792850  -0.00840677
0.01221019  -0.00905947
0.01733003  -0.00927616
0.02324933  -0.00912078
0.02993063  -0.00865301
0.03733766  -0.00792835
0.04543531  -0.00699825
0.05418962  -0.00591023
0.06356777  -0.00470797
0.07353805  -0.00343147
0.08406985  -0.00211713
0.09513360  -0.00079788
0.10670084  0.00049668
0.11874410  0.00174021
0.13123695  0.00290949
0.14415394  0.00398428
0.15747063  0.00494725
0.17116350  0.00578382
0.18521000  0.00648207
0.19958848  0.00703262
0.21427820  0.00742849
0.22925931  0.00766502
0.24451281  0.00773973
0.26002056  0.00765220
0.27576522  0.00740397
0.29173028  0.00699841
0.30790000  0.00644061
0.32425942  0.00573725
0.34079431  0.00489651
0.35749120  0.00392793
0.37433730  0.00284231
0.39132052  0.00165155
0.40842945  0.00036861
0.42565331  -0.00099268
0.44298198  -0.00241769
0.46040593  -0.00389114
0.47791625  -0.00539717
0.49550459  -0.00691952
0.51316314  -0.00844161
0.53088467  -0.00994664
0.54866242  -0.01141774
0.56649016  -0.01283807
0.58436214  -0.01419096
0.60227305  -0.01545997
0.62021803  -0.01662909
0.63819266  -0.01768277
0.65619289  -0.01860611
0.67421508  -0.01938493
0.69225594  -0.02000589
0.71031254  -0.02045664
0.72838225  -0.02072591
0.74646278  -0.02080363
0.76455210  -0.02068104
0.78264847  -0.02035082
0.80075038  -0.01980722
0.81885656  -0.01904613
0.83696596  -0.01806526
0.85507770  -0.01686418
0.87319109  -0.01544452
0.89130559  -0.01381002
0.90942079  -0.01196668
0.92753640  -0.00992289
0.94565221  -0.00768949
0.96376812  -0.00527994
0.98188406  -0.00271044
1.00000000  0.00000000
