NN10983
1.00000000  0.00000000
0.98188406  0.00204617
0.96376812  0.00422479
0.94565221  0.00655387
0.92753640  0.00904771
0.90942079  0.01171713
0.89130559  0.01456963
0.87319109  0.01760947
0.85507770  0.02083792
0.83696596  0.02425336
0.81885656  0.02785147
0.80075038  0.03162535
0.78264847  0.03556571
0.76455210  0.03966103
0.74646278  0.04389769
0.72838225  0.04826014
0.71031254  0.05273107
0.69225594  0.05729156
0.67421508  0.06192122
0.65619289  0.06659837
0.63819266  0.07130020
0.62021803  0.07600290
0.60227305  0.08068184
0.58436214  0.08531173
0.56649016  0.08986676
0.54866242  0.09432078
0.53088467  0.09864743
0.51316314  0.10282032
0.49550459  0.10681318
0.47791625  0.11060002
0.46040593  0.11415528
0.44298198  0.11745399
0.42565331  0.12047194
0.40842945  0.12318581
0.39132052  0.12557336
0.37433730  0.12761358
0.35749120  0.12928681
0.34079431  0.13057495
0.32425942  0.13146160
0.30790000  0.13193219
0.29173028  0.13197417
0.27576522  0.13157718
0.26002056  0.13073314
0.24451281  0.12943649
0.22925931  0.12768429
0.21427820  0.12547641
0.19958848  0.12281567
0.18521000  0.11970799
0.17116350  0.11616258
0.15747063  0.11219206
0.14415394  0.10781265
0.13123695  0.10304431
0.11874410  0.09791088
0.10670084  0.09244028
0.09513360  0.08666464
0.08406985  0.08062045
0.07353805  0.07434875
0.06356777  0.06789526
0.05418962  0.06131052
0.04543531  0.05465011
0.03733766  0.04797476
0.02993063  0.04135049
0.02324933  0.03484883
0.01733003  0.02854693
0.01221019  0.02252772
0.00792850  0.01688008
0.00452485  0.01169902
0.00204040  0.00708577
0.00051754  0.00314801
0.00000000  0.00000000
0.00000000  0.00000000
0.00051754  -0.00222328
0.00204040  -0.00439037
0.00452485  -0.00649331
0.00792850  -0.00852480
0.01221019  -0.01047813
0.01733003  -0.01234721
0.02324933  -0.01412657
0.02993063  -0.01581129
0.03733766  -0.01739705
0.04543531  -0.01888005
0.05418962  -0.02025707
0.06356777  -0.02152538
0.07353805  -0.02268279
0.08406985  -0.02372760
0.09513360  -0.02465859
0.10670084  -0.02547501
0.11874410  -0.02617659
0.13123695  -0.02676348
0.14415394  -0.02723625
0.15747063  -0.02759593
0.17116350  -0.02784390
0.18521000  -0.02798196
0.19958848  -0.02801227
0.21427820  -0.02793737
0.22925931  -0.02776010
0.24451281  -0.02748369
0.26002056  -0.02711165
0.27576522  -0.02664780
0.29173028  -0.02609625
0.30790000  -0.02546140
0.32425942  -0.02474790
0.34079431  -0.02396065
0.35749120  -0.02310478
0.37433730  -0.02218564
0.39132052  -0.02120881
0.40842945  -0.02018002
0.42565331  -0.01910522
0.44298198  -0.01799049
0.46040593  -0.01684210
0.47791625  -0.01566641
0.49550459  -0.01446994
0.51316314  -0.01325930
0.53088467  -0.01204120
0.54866242  -0.01082243
0.56649016  -0.00960986
0.58436214  -0.00841038
0.60227305  -0.00723096
0.62021803  -0.00607856
0.63819266  -0.00496017
0.65619289  -0.00388278
0.67421508  -0.00285335
0.69225594  -0.00187882
0.71031254  -0.00096608
0.72838225  -0.00012196
0.74646278  0.00064678
0.76455210  0.00133345
0.78264847  0.00193150
0.80075038  0.00243446
0.81885656  0.00283600
0.83696596  0.00312993
0.85507770  0.00331021
0.87319109  0.00337099
0.89130559  0.00330659
0.90942079  0.00311152
0.92753640  0.00278052
0.94565221  0.00230854
0.96376812  0.00169078
0.98188406  0.00092270
1.00000000  0.00000000
