NN10979
1.00000000  0.00000000
0.98188406  0.00936057
0.96376812  0.01853402
0.94565221  0.02749592
0.92753640  0.03622400
0.90942079  0.04469810
0.89130559  0.05290005
0.87319109  0.06081364
0.85507770  0.06842454
0.83696596  0.07572023
0.81885656  0.08268992
0.80075038  0.08932447
0.78264847  0.09561637
0.76455210  0.10155960
0.74646278  0.10714961
0.72838225  0.11238324
0.71031254  0.11725861
0.69225594  0.12177512
0.67421508  0.12593331
0.65619289  0.12973483
0.63819266  0.13318238
0.62021803  0.13627958
0.60227305  0.13903096
0.58436214  0.14144186
0.56649016  0.14351838
0.54866242  0.14526728
0.53088467  0.14669592
0.51316314  0.14781222
0.49550459  0.14862454
0.47791625  0.14914163
0.46040593  0.14937259
0.44298198  0.14932674
0.42565331  0.14901360
0.40842945  0.14844279
0.39132052  0.14762397
0.37433730  0.14656678
0.35749120  0.14528075
0.34079431  0.14377522
0.32425942  0.14205933
0.30790000  0.14014185
0.29173028  0.13803121
0.27576522  0.13573537
0.26002056  0.13326176
0.24451281  0.13061721
0.22925931  0.12780789
0.21427820  0.12483924
0.19958848  0.12171586
0.18521000  0.11844150
0.17116350  0.11501896
0.15747063  0.11144999
0.14415394  0.10773528
0.13123695  0.10387435
0.11874410  0.09986546
0.10670084  0.09570561
0.09513360  0.09139039
0.08406985  0.08691396
0.07353805  0.08226896
0.06356777  0.07744645
0.05418962  0.07243583
0.04543531  0.06722476
0.03733766  0.06179913
0.02993063  0.05614292
0.02324933  0.05023820
0.01733003  0.04406502
0.01221019  0.03760135
0.00792850  0.03082301
0.00452485  0.02370360
0.00204040  0.01621440
0.00051754  0.00832437
0.00000000  0.00000000
0.00000000  0.00000000
0.00051754  -0.00737585
0.00204040  -0.01351670
0.00452485  -0.01853511
0.00792850  -0.02253810
0.01221019  -0.02562730
0.01733003  -0.02789906
0.02324933  -0.02944456
0.02993063  -0.03034992
0.03733766  -0.03069628
0.04543531  -0.03055999
0.05418962  -0.03001264
0.06356777  -0.02912120
0.07353805  -0.02794816
0.08406985  -0.02655159
0.09513360  -0.02498532
0.10670084  -0.02329896
0.11874410  -0.02153811
0.13123695  -0.01974437
0.14415394  -0.01795557
0.15747063  -0.01620576
0.17116350  -0.01452541
0.18521000  -0.01294148
0.19958848  -0.01147754
0.21427820  -0.01015389
0.22925931  -0.00898766
0.24451281  -0.00799292
0.26002056  -0.00718082
0.27576522  -0.00655965
0.29173028  -0.00613500
0.30790000  -0.00590985
0.32425942  -0.00588468
0.34079431  -0.00605758
0.35749120  -0.00642438
0.37433730  -0.00697875
0.39132052  -0.00771229
0.40842945  -0.00861468
0.42565331  -0.00967377
0.44298198  -0.01087569
0.46040593  -0.01220497
0.47791625  -0.01364465
0.49550459  -0.01517639
0.51316314  -0.01678057
0.53088467  -0.01843643
0.54866242  -0.02012215
0.56649016  -0.02181498
0.58436214  -0.02349135
0.60227305  -0.02512699
0.62021803  -0.02669700
0.63819266  -0.02817602
0.65619289  -0.02953830
0.67421508  -0.03075783
0.69225594  -0.03180845
0.71031254  -0.03266395
0.72838225  -0.03329819
0.74646278  -0.03368523
0.76455210  -0.03379940
0.78264847  -0.03361543
0.80075038  -0.03310861
0.81885656  -0.03225480
0.83696596  -0.03103063
0.85507770  -0.02941359
0.87319109  -0.02738211
0.89130559  -0.02491570
0.90942079  -0.02199507
0.92753640  -0.01860220
0.94565221  -0.01472051
0.96376812  -0.01033492
0.98188406  -0.00543198
1.00000000  0.00000000
