NN10470
1.00000000  0.00000000
0.98188406  0.01440522
0.96376812  0.02802653
0.94565221  0.04089893
0.92753640  0.05305557
0.90942079  0.06452784
0.89130559  0.07534538
0.87319109  0.08553618
0.85507770  0.09512660
0.83696596  0.10414143
0.81885656  0.11260395
0.80075038  0.12053597
0.78264847  0.12795791
0.76455210  0.13488882
0.74646278  0.14134646
0.72838225  0.14734732
0.71031254  0.15290671
0.69225594  0.15803880
0.67421508  0.16275665
0.65619289  0.16707231
0.63819266  0.17099683
0.62021803  0.17454033
0.60227305  0.17771205
0.58436214  0.18052040
0.56649016  0.18297305
0.54866242  0.18507690
0.53088467  0.18683823
0.51316314  0.18826267
0.49550459  0.18935532
0.47791625  0.19012076
0.46040593  0.19056312
0.44298198  0.19068611
0.42565331  0.19049312
0.40842945  0.18998724
0.39132052  0.18917128
0.37433730  0.18804792
0.35749120  0.18661967
0.34079431  0.18488896
0.32425942  0.18285818
0.30790000  0.18052977
0.29173028  0.17790623
0.27576522  0.17499019
0.26002056  0.17178446
0.24451281  0.16829208
0.22925931  0.16451640
0.21427820  0.16046109
0.19958848  0.15613023
0.18521000  0.15152832
0.17116350  0.14666039
0.15747063  0.14153200
0.14415394  0.13614935
0.13123695  0.13051925
0.11874410  0.12464927
0.10670084  0.11854771
0.09513360  0.11222371
0.08406985  0.10568727
0.07353805  0.09894931
0.06356777  0.09202174
0.05418962  0.08491750
0.04543531  0.07765061
0.03733766  0.07023621
0.02993063  0.06269065
0.02324933  0.05503151
0.01733003  0.04727768
0.01221019  0.03944939
0.00792850  0.03156826
0.00452485  0.02365738
0.00204040  0.01574134
0.00051754  0.00784629
0.00000000  0.00000000
0.00000000  0.00000000
0.00051754  -0.01002047
0.00204040  -0.01884916
0.00452485  -0.02655793
0.00792850  -0.03321624
0.01221019  -0.03889120
0.01733003  -0.04364759
0.02324933  -0.04754790
0.02993063  -0.05065237
0.03733766  -0.05301903
0.04543531  -0.05470372
0.05418962  -0.05576016
0.06356777  -0.05623995
0.07353805  -0.05619263
0.08406985  -0.05566570
0.09513360  -0.05470467
0.10670084  -0.05335309
0.11874410  -0.05165261
0.13123695  -0.04964297
0.14415394  -0.04736207
0.15747063  -0.04484600
0.17116350  -0.04212907
0.18521000  -0.03924388
0.19958848  -0.03622128
0.21427820  -0.03309050
0.22925931  -0.02987912
0.24451281  -0.02661314
0.26002056  -0.02331700
0.27576522  -0.02001361
0.29173028  -0.01672442
0.30790000  -0.01346944
0.32425942  -0.01026724
0.34079431  -0.00713505
0.35749120  -0.00408875
0.37433730  -0.00114293
0.39132052  0.00168909
0.40842945  0.00439520
0.42565331  0.00696450
0.44298198  0.00938721
0.46040593  0.01165469
0.47791625  0.01375937
0.49550459  0.01569472
0.51316314  0.01745522
0.53088467  0.01903630
0.54866242  0.02043434
0.56649016  0.02164661
0.58436214  0.02267124
0.60227305  0.02350716
0.62021803  0.02415412
0.63819266  0.02461259
0.65619289  0.02488376
0.67421508  0.02496950
0.69225594  0.02487230
0.71031254  0.02459528
0.72838225  0.02414209
0.74646278  0.02351694
0.76455210  0.02272451
0.78264847  0.02176994
0.80075038  0.02065880
0.81885656  0.01939701
0.83696596  0.01799087
0.85507770  0.01644697
0.87319109  0.01477218
0.89130559  0.01297358
0.90942079  0.01105848
0.92753640  0.00903433
0.94565221  0.00690872
0.96376812  0.00468931
0.98188406  0.00238382
1.00000000  0.00000000
