NN10243
1.00000000  0.00000000
0.98188406  0.02137929
0.96376812  0.04151795
0.94565221  0.06044739
0.92753640  0.07819935
0.90942079  0.09480575
0.89130559  0.11029874
0.87319109  0.12471062
0.85507770  0.13807377
0.83696596  0.15042069
0.81885656  0.16178389
0.80075038  0.17219586
0.78264847  0.18168907
0.76455210  0.19029590
0.74646278  0.19804859
0.72838225  0.20497923
0.71031254  0.21111969
0.69225594  0.21650161
0.67421508  0.22115634
0.65619289  0.22511490
0.63819266  0.22840796
0.62021803  0.23106576
0.60227305  0.23311811
0.58436214  0.23459435
0.56649016  0.23552327
0.54866242  0.23593312
0.53088467  0.23585154
0.51316314  0.23530550
0.49550459  0.23432133
0.47791625  0.23292461
0.46040593  0.23114016
0.44298198  0.22899200
0.42565331  0.22650332
0.40842945  0.22369640
0.39132052  0.22059262
0.37433730  0.21721239
0.35749120  0.21357512
0.34079431  0.20969918
0.32425942  0.20560185
0.30790000  0.20129930
0.29173028  0.19680654
0.27576522  0.19213735
0.26002056  0.18730432
0.24451281  0.18231871
0.22925931  0.17719049
0.21427820  0.17192826
0.19958848  0.16653922
0.18521000  0.16102912
0.17116350  0.15540224
0.15747063  0.14966135
0.14415394  0.14380765
0.13123695  0.13784074
0.11874410  0.13175857
0.10670084  0.12555743
0.09513360  0.11923189
0.08406985  0.11277474
0.07353805  0.10617700
0.06356777  0.09942783
0.05418962  0.09251452
0.04543531  0.08542245
0.03733766  0.07813502
0.02993063  0.07063366
0.02324933  0.06289773
0.01733003  0.05490455
0.01221019  0.04662928
0.00792850  0.03804497
0.00452485  0.02912243
0.00204040  0.01983027
0.00051754  0.01013479
0.00000000  0.00000000
0.00000000  0.00000000
0.00051754  -0.00300857
0.00204040  -0.00597067
0.00452485  -0.00888630
0.00792850  -0.01175527
0.01221019  -0.01457714
0.01733003  -0.01735131
0.02324933  -0.02007699
0.02993063  -0.02275321
0.03733766  -0.02537881
0.04543531  -0.02795250
0.05418962  -0.03047279
0.06356777  -0.03293808
0.07353805  -0.03534659
0.08406985  -0.03769643
0.09513360  -0.03998557
0.10670084  -0.04221187
0.11874410  -0.04437306
0.13123695  -0.04646678
0.14415394  -0.04849055
0.15747063  -0.05044183
0.17116350  -0.05231795
0.18521000  -0.05411621
0.19958848  -0.05583382
0.21427820  -0.05746790
0.22925931  -0.05901557
0.24451281  -0.06047385
0.26002056  -0.06183976
0.27576522  -0.06311025
0.29173028  -0.06428228
0.30790000  -0.06535275
0.32425942  -0.06631859
0.34079431  -0.06717670
0.35749120  -0.06792398
0.37433730  -0.06855737
0.39132052  -0.06907379
0.40842945  -0.06947021
0.42565331  -0.06974362
0.44298198  -0.06989107
0.46040593  -0.06990961
0.47791625  -0.06979641
0.49550459  -0.06954864
0.51316314  -0.06916358
0.53088467  -0.06863856
0.54866242  -0.06797101
0.56649016  -0.06715845
0.58436214  -0.06619849
0.60227305  -0.06508884
0.62021803  -0.06382734
0.63819266  -0.06241193
0.65619289  -0.06084071
0.67421508  -0.05911187
0.69225594  -0.05722377
0.71031254  -0.05517492
0.72838225  -0.05296397
0.74646278  -0.05058974
0.76455210  -0.04805124
0.78264847  -0.04534763
0.80075038  -0.04247828
0.81885656  -0.03944272
0.83696596  -0.03624072
0.85507770  -0.03287223
0.87319109  -0.02933743
0.89130559  -0.02563670
0.90942079  -0.02177068
0.92753640  -0.01774023
0.94565221  -0.01354645
0.96376812  -0.00919069
0.98188406  -0.00467458
1.00000000  0.00000000
