NN10605
1.00000000  0.00000000
0.98188406  0.01354605
0.96376812  0.02595206
0.94565221  0.03731430
0.92753640  0.04772241
0.90942079  0.05725963
0.89130559  0.06600302
0.87319109  0.07402365
0.85507770  0.08138684
0.83696596  0.08815237
0.81885656  0.09437468
0.80075038  0.10010311
0.78264847  0.10538210
0.76455210  0.11025140
0.74646278  0.11474630
0.72838225  0.11889784
0.71031254  0.12273301
0.69225594  0.12627499
0.67421508  0.12954336
0.65619289  0.13255429
0.63819266  0.13532078
0.62021803  0.13785289
0.60227305  0.14015790
0.58436214  0.14224059
0.56649016  0.14410340
0.54866242  0.14574669
0.53088467  0.14716892
0.51316314  0.14836689
0.49550459  0.14933595
0.47791625  0.15007020
0.46040593  0.15056272
0.44298198  0.15080578
0.42565331  0.15079106
0.40842945  0.15050986
0.39132052  0.14995331
0.37433730  0.14911260
0.35749120  0.14797919
0.34079431  0.14654502
0.32425942  0.14480272
0.30790000  0.14274584
0.29173028  0.14036906
0.27576522  0.13766840
0.26002056  0.13464144
0.24451281  0.13128752
0.22925931  0.12760799
0.21427820  0.12360640
0.19958848  0.11928872
0.18521000  0.11466353
0.17116350  0.10974229
0.15747063  0.10453951
0.14415394  0.09907300
0.13123695  0.09336402
0.11874410  0.08743760
0.10670084  0.08132265
0.09513360  0.07505224
0.08406985  0.06866379
0.07353805  0.06219929
0.06356777  0.05570554
0.05418962  0.04923431
0.04543531  0.04284259
0.03733766  0.03659283
0.02993063  0.03055310
0.02324933  0.02479734
0.01733003  0.01940558
0.01221019  0.01446412
0.00792850  0.01006579
0.00452485  0.00631013
0.00204040  0.00330363
0.00051754  0.00115992
0.00000000  0.00000000
0.00000000  0.00000000
0.00051754  -0.00730870
0.00204040  -0.01435988
0.00452485  -0.02112624
0.00792850  -0.02758420
0.01221019  -0.03371378
0.01733003  -0.03949842
0.02324933  -0.04492484
0.02993063  -0.04998289
0.03733766  -0.05466541
0.04543531  -0.05896805
0.05418962  -0.06288914
0.06356777  -0.06642953
0.07353805  -0.06959246
0.08406985  -0.07238337
0.09513360  -0.07480980
0.10670084  -0.07688119
0.11874410  -0.07860875
0.13123695  -0.08000532
0.14415394  -0.08108521
0.15747063  -0.08186403
0.17116350  -0.08235858
0.18521000  -0.08258665
0.19958848  -0.08256691
0.21427820  -0.08231874
0.22925931  -0.08186209
0.24451281  -0.08121731
0.26002056  -0.08040502
0.27576522  -0.07944594
0.29173028  -0.07836075
0.30790000  -0.07716996
0.32425942  -0.07589370
0.34079431  -0.07455163
0.35749120  -0.07316277
0.37433730  -0.07174532
0.39132052  -0.07031656
0.40842945  -0.06889266
0.42565331  -0.06748853
0.44298198  -0.06611769
0.46040593  -0.06479213
0.47791625  -0.06352210
0.49550459  -0.06231603
0.51316314  -0.06118032
0.53088467  -0.06011924
0.54866242  -0.05913474
0.56649016  -0.05822632
0.58436214  -0.05739087
0.60227305  -0.05662252
0.62021803  -0.05591249
0.63819266  -0.05524895
0.65619289  -0.05461685
0.67421508  -0.05399778
0.69225594  -0.05336982
0.71031254  -0.05270738
0.72838225  -0.05198106
0.74646278  -0.05115749
0.76455210  -0.05019920
0.78264847  -0.04906442
0.80075038  -0.04770700
0.81885656  -0.04607619
0.83696596  -0.04411653
0.85507770  -0.04176770
0.87319109  -0.03896434
0.89130559  -0.03563592
0.90942079  -0.03170660
0.92753640  -0.02709506
0.94565221  -0.02171433
0.96376812  -0.01547169
0.98188406  -0.00826850
1.00000000  0.00000000
