NN10744
1.00000000  0.00000000
0.98188406  0.01495130
0.96376812  0.02882414
0.94565221  0.04169700
0.92753640  0.05364361
0.90942079  0.06473302
0.89130559  0.07502981
0.87319109  0.08459417
0.85507770  0.09348206
0.83696596  0.10174534
0.81885656  0.10943189
0.80075038  0.11658579
0.78264847  0.12324739
0.76455210  0.12945350
0.74646278  0.13523748
0.72838225  0.14062942
0.71031254  0.14565624
0.69225594  0.15034183
0.67421508  0.15470721
0.65619289  0.15877064
0.63819266  0.16254774
0.62021803  0.16605167
0.60227305  0.16929324
0.58436214  0.17228102
0.56649016  0.17502153
0.54866242  0.17751932
0.53088467  0.17977715
0.51316314  0.18179609
0.49550459  0.18357567
0.47791625  0.18511401
0.46040593  0.18640797
0.44298198  0.18745327
0.42565331  0.18824461
0.40842945  0.18877584
0.39132052  0.18904008
0.37433730  0.18902983
0.35749120  0.18873715
0.34079431  0.18815376
0.32425942  0.18727117
0.30790000  0.18608087
0.29173028  0.18457438
0.27576522  0.18274346
0.26002056  0.18058021
0.24451281  0.17807720
0.22925931  0.17522762
0.21427820  0.17202541
0.19958848  0.16846539
0.18521000  0.16454339
0.17116350  0.16025642
0.15747063  0.15560274
0.14415394  0.15058206
0.13123695  0.14519565
0.11874410  0.13944644
0.10670084  0.13333922
0.09513360  0.12688073
0.08406985  0.12007980
0.07353805  0.11294749
0.06356777  0.10549723
0.05418962  0.09774496
0.04543531  0.08970924
0.03733766  0.08141140
0.02993063  0.07287568
0.02324933  0.06412936
0.01733003  0.05520289
0.01221019  0.04613003
0.00792850  0.03694798
0.00452485  0.02769752
0.00204040  0.01842315
0.00051754  0.00917320
0.00000000  0.00000000
0.00000000  0.00000000
0.00051754  -0.00347157
0.00204040  -0.00666908
0.00452485  -0.00962705
0.00792850  -0.01237681
0.01221019  -0.01494655
0.01733003  -0.01736150
0.02324933  -0.01964404
0.02993063  -0.02181380
0.03733766  -0.02388779
0.04543531  -0.02588056
0.05418962  -0.02780429
0.06356777  -0.02966889
0.07353805  -0.03148218
0.08406985  -0.03324997
0.09513360  -0.03497621
0.10670084  -0.03666309
0.11874410  -0.03831117
0.13123695  -0.03991953
0.14415394  -0.04148583
0.15747063  -0.04300652
0.17116350  -0.04447687
0.18521000  -0.04589117
0.19958848  -0.04724282
0.21427820  -0.04852443
0.22925931  -0.04972799
0.24451281  -0.05084498
0.26002056  -0.05186646
0.27576522  -0.05278323
0.29173028  -0.05358593
0.30790000  -0.05426520
0.32425942  -0.05481175
0.34079431  -0.05521651
0.35749120  -0.05547077
0.37433730  -0.05556628
0.39132052  -0.05549536
0.40842945  -0.05525107
0.42565331  -0.05482729
0.44298198  -0.05421886
0.46040593  -0.05342170
0.47791625  -0.05243294
0.49550459  -0.05125103
0.51316314  -0.04987586
0.53088467  -0.04830893
0.54866242  -0.04655339
0.56649016  -0.04461425
0.58436214  -0.04249843
0.60227305  -0.04021494
0.62021803  -0.03777497
0.63819266  -0.03519202
0.65619289  -0.03248202
0.67421508  -0.02966347
0.69225594  -0.02675754
0.71031254  -0.02378822
0.72838225  -0.02078239
0.74646278  -0.01777004
0.76455210  -0.01478427
0.78264847  -0.01186152
0.80075038  -0.00904164
0.81885656  -0.00636801
0.83696596  -0.00388768
0.85507770  -0.00165149
0.87319109  0.00028579
0.89130559  0.00186539
0.90942079  0.00302435
0.92753640  0.00369545
0.94565221  0.00380707
0.96376812  0.00328303
0.98188406  0.00204253
1.00000000  0.00000000
