NN10087
1.00000000  0.00000000
0.98188406  0.01306076
0.96376812  0.02548353
0.94565221  0.03727686
0.92753640  0.04844950
0.90942079  0.05901043
0.89130559  0.06896883
0.87319109  0.07833411
0.85507770  0.08711587
0.83696596  0.09532392
0.81885656  0.10296826
0.80075038  0.11005910
0.78264847  0.11660683
0.76455210  0.12262203
0.74646278  0.12811545
0.72838225  0.13309805
0.71031254  0.13758094
0.69225594  0.14157540
0.67421508  0.14509290
0.65619289  0.14814505
0.63819266  0.15074363
0.62021803  0.15290058
0.60227305  0.15462799
0.58436214  0.15593809
0.56649016  0.15684327
0.54866242  0.15735604
0.53088467  0.15748907
0.51316314  0.15725514
0.49550459  0.15666719
0.47791625  0.15573824
0.46040593  0.15448148
0.44298198  0.15291018
0.42565331  0.15103775
0.40842945  0.14887769
0.39132052  0.14644362
0.37433730  0.14374924
0.35749120  0.14080839
0.34079431  0.13763496
0.32425942  0.13424295
0.30790000  0.13064646
0.29173028  0.12685964
0.27576522  0.12289675
0.26002056  0.11877211
0.24451281  0.11450011
0.22925931  0.11009521
0.21427820  0.10557195
0.19958848  0.10094489
0.18521000  0.09622869
0.17116350  0.09143803
0.15747063  0.08658765
0.14415394  0.08169235
0.13123695  0.07676693
0.11874410  0.07182626
0.10670084  0.06688524
0.09513360  0.06195879
0.08406985  0.05706185
0.07353805  0.05220940
0.06356777  0.04741641
0.05418962  0.04269789
0.04543531  0.03806883
0.03733766  0.03354427
0.02993063  0.02913920
0.02324933  0.02486865
0.01733003  0.02074762
0.01221019  0.01679111
0.00792850  0.01301409
0.00452485  0.00943154
0.00204040  0.00605840
0.00051754  0.00290959
0.00000000  0.00000000
0.00000000  0.00000000
0.00051754  0.00008020
0.00204040  0.00056419
0.00452485  0.00139398
0.00792850  0.00251467
0.01221019  0.00387432
0.01733003  0.00542396
0.02324933  0.00711750
0.02993063  0.00891171
0.03733766  0.01076617
0.04543531  0.01264319
0.05418962  0.01450781
0.06356777  0.01632770
0.07353805  0.01807315
0.08406985  0.01971701
0.09513360  0.02123463
0.10670084  0.02260382
0.11874410  0.02380481
0.13123695  0.02482018
0.14415394  0.02563483
0.15747063  0.02623594
0.17116350  0.02661288
0.18521000  0.02675719
0.19958848  0.02666255
0.21427820  0.02632469
0.22925931  0.02574137
0.24451281  0.02491232
0.26002056  0.02383919
0.27576522  0.02252551
0.29173028  0.02097663
0.30790000  0.01919969
0.32425942  0.01720354
0.34079431  0.01499873
0.35749120  0.01259741
0.37433730  0.01001335
0.39132052  0.00726183
0.40842945  0.00435962
0.42565331  0.00132492
0.44298198  -0.00182268
0.46040593  -0.00506223
0.47791625  -0.00837153
0.49550459  -0.01172711
0.51316314  -0.01510431
0.53088467  -0.01847735
0.54866242  -0.02181932
0.56649016  -0.02510230
0.58436214  -0.02829735
0.60227305  -0.03137459
0.62021803  -0.03430324
0.63819266  -0.03705166
0.65619289  -0.03958742
0.67421508  -0.04187734
0.69225594  -0.04388753
0.71031254  -0.04558342
0.72838225  -0.04692989
0.74646278  -0.04789120
0.76455210  -0.04843114
0.78264847  -0.04851304
0.80075038  -0.04809979
0.81885656  -0.04715393
0.83696596  -0.04563771
0.85507770  -0.04351308
0.87319109  -0.04074179
0.89130559  -0.03728541
0.90942079  -0.03310542
0.92753640  -0.02816319
0.94565221  -0.02242009
0.96376812  -0.01583753
0.98188406  -0.00837697
1.00000000  0.00000000
