NN10617
1.00000000  0.00000000
0.98188406  0.01557808
0.96376812  0.03051123
0.94565221  0.04481230
0.92753640  0.05849349
0.90942079  0.07156639
0.89130559  0.08404197
0.87319109  0.09593066
0.85507770  0.10724235
0.83696596  0.11798641
0.81885656  0.12817174
0.80075038  0.13780680
0.78264847  0.14689963
0.76455210  0.15545787
0.74646278  0.16348881
0.72838225  0.17099940
0.71031254  0.17799630
0.69225594  0.18448590
0.67421508  0.19047433
0.65619289  0.19596752
0.63819266  0.20097120
0.62021803  0.20549098
0.60227305  0.20953229
0.58436214  0.21310052
0.56649016  0.21620094
0.54866242  0.21883883
0.53088467  0.22101942
0.51316314  0.22274799
0.49550459  0.22402986
0.47791625  0.22487041
0.46040593  0.22527515
0.44298198  0.22524972
0.42565331  0.22479994
0.40842945  0.22393179
0.39132052  0.22265151
0.37433730  0.22096559
0.35749120  0.21888077
0.34079431  0.21640415
0.32425942  0.21354313
0.30790000  0.21030551
0.29173028  0.20669947
0.27576522  0.20273364
0.26002056  0.19841709
0.24451281  0.19375938
0.22925931  0.18877060
0.21427820  0.18346138
0.19958848  0.17784292
0.18521000  0.17192702
0.17116350  0.16572614
0.15747063  0.15925337
0.14415394  0.15252251
0.13123695  0.14554809
0.11874410  0.13834537
0.10670084  0.13093040
0.09513360  0.12332005
0.08406985  0.11553201
0.07353805  0.10758486
0.06356777  0.09949804
0.05418962  0.09129196
0.04543531  0.08298796
0.03733766  0.07460837
0.02993063  0.06617653
0.02324933  0.05771683
0.01733003  0.04925473
0.01221019  0.04081679
0.00792850  0.03243071
0.00452485  0.02412534
0.00204040  0.01593071
0.00051754  0.00787810
0.00000000  0.00000000
0.00000000  0.00000000
0.00051754  -0.00690850
0.00204040  -0.01342976
0.00452485  -0.01959280
0.00792850  -0.02542466
0.01221019  -0.03095038
0.01733003  -0.03619315
0.02324933  -0.04117429
0.02993063  -0.04591338
0.03733766  -0.05042823
0.04543531  -0.05473503
0.05418962  -0.05884835
0.06356777  -0.06278119
0.07353805  -0.06654509
0.08406985  -0.07015015
0.09513360  -0.07360508
0.10670084  -0.07691728
0.11874410  -0.08009291
0.13123695  -0.08313690
0.14415394  -0.08605304
0.15747063  -0.08884405
0.17116350  -0.09151161
0.18521000  -0.09405643
0.19958848  -0.09647829
0.21427820  -0.09877615
0.22925931  -0.10094814
0.24451281  -0.10299166
0.26002056  -0.10490343
0.27576522  -0.10667954
0.29173028  -0.10831551
0.30790000  -0.10980635
0.32425942  -0.11114664
0.34079431  -0.11233052
0.35749120  -0.11335184
0.37433730  -0.11420414
0.39132052  -0.11488075
0.40842945  -0.11537482
0.42565331  -0.11567943
0.44298198  -0.11578757
0.46040593  -0.11569226
0.47791625  -0.11538659
0.49550459  -0.11486377
0.51316314  -0.11411718
0.53088467  -0.11314044
0.54866242  -0.11192750
0.56649016  -0.11047262
0.58436214  -0.10877051
0.60227305  -0.10681632
0.62021803  -0.10460575
0.63819266  -0.10213506
0.65619289  -0.09940119
0.67421508  -0.09640175
0.69225594  -0.09313513
0.71031254  -0.08960051
0.72838225  -0.08579796
0.74646278  -0.08172849
0.76455210  -0.07739409
0.78264847  -0.07279779
0.80075038  -0.06794373
0.81885656  -0.06283721
0.83696596  -0.05748477
0.85507770  -0.05189419
0.87319109  -0.04607461
0.89130559  -0.04003656
0.90942079  -0.03379202
0.92753640  -0.02735448
0.94565221  -0.02073898
0.96376812  -0.01396221
0.98188406  -0.00704252
1.00000000  0.00000000
