NN1002
1.00000000  0.00000000
0.98188406  0.01170333
0.96376812  0.02252559
0.94565221  0.03251962
0.92753640  0.04173591
0.90942079  0.05022262
0.89130559  0.05802565
0.87319109  0.06518867
0.85507770  0.07175315
0.83696596  0.07775848
0.81885656  0.08324192
0.80075038  0.08823873
0.78264847  0.09278217
0.76455210  0.09690357
0.74646278  0.10063235
0.72838225  0.10399612
0.71031254  0.10702067
0.69225594  0.10973006
0.67421508  0.11214663
0.65619289  0.11429110
0.63819266  0.11618257
0.62021803  0.11783858
0.60227305  0.11927517
0.58436214  0.12050691
0.56649016  0.12154699
0.54866242  0.12240719
0.53088467  0.12309802
0.51316314  0.12362869
0.49550459  0.12400719
0.47791625  0.12424036
0.46040593  0.12433390
0.44298198  0.12429244
0.42565331  0.12411956
0.40842945  0.12381790
0.39132052  0.12338912
0.37433730  0.12283402
0.35749120  0.12215257
0.34079431  0.12134393
0.32425942  0.12040652
0.30790000  0.11933809
0.29173028  0.11813571
0.27576522  0.11679588
0.26002056  0.11531452
0.24451281  0.11368707
0.22925931  0.11190851
0.21427820  0.10997342
0.19958848  0.10787599
0.18521000  0.10561012
0.17116350  0.10316947
0.15747063  0.10054743
0.14415394  0.09773726
0.13123695  0.09473210
0.11874410  0.09152499
0.10670084  0.08810898
0.09513360  0.08447711
0.08406985  0.08062251
0.07353805  0.07653842
0.06356777  0.07221826
0.05418962  0.06765566
0.04543531  0.06284449
0.03733766  0.05777895
0.02993063  0.05245360
0.02324933  0.04686340
0.01733003  0.04100377
0.01221019  0.03487060
0.00792850  0.02846038
0.00452485  0.02177015
0.00204040  0.01479762
0.00051754  0.00754119
0.00000000  0.00000000
0.00000000  0.00000000
0.00051754  -0.01263302
0.00204040  -0.02363687
0.00452485  -0.03311457
0.00792850  -0.04116642
0.01221019  -0.04788993
0.01733003  -0.05337990
0.02324933  -0.05772834
0.02993063  -0.06102449
0.03733766  -0.06335484
0.04543531  -0.06480308
0.05418962  -0.06545010
0.06356777  -0.06537402
0.07353805  -0.06465013
0.08406985  -0.06335094
0.09513360  -0.06154610
0.10670084  -0.05930248
0.11874410  -0.05668409
0.13123695  -0.05375212
0.14415394  -0.05056490
0.15747063  -0.04717791
0.17116350  -0.04364380
0.18521000  -0.04001230
0.19958848  -0.03633032
0.21427820  -0.03264186
0.22925931  -0.02898804
0.24451281  -0.02540709
0.26002056  -0.02193433
0.27576522  -0.01860220
0.29173028  -0.01544019
0.30790000  -0.01247488
0.32425942  -0.00972994
0.34079431  -0.00722609
0.35749120  -0.00498110
0.37433730  -0.00300981
0.39132052  -0.00132409
0.40842945  0.00006714
0.42565331  0.00115796
0.44298198  0.00194539
0.46040593  0.00242944
0.47791625  0.00261314
0.49550459  0.00250248
0.51316314  0.00210648
0.53088467  0.00143716
0.54866242  0.00050956
0.56649016  -0.00065825
0.58436214  -0.00204517
0.60227305  -0.00362707
0.62021803  -0.00537675
0.63819266  -0.00726399
0.65619289  -0.00925549
0.67421508  -0.01131488
0.69225594  -0.01340272
0.71031254  -0.01547650
0.72838225  -0.01749061
0.74646278  -0.01939634
0.76455210  -0.02114190
0.78264847  -0.02267237
0.80075038  -0.02392973
0.81885656  -0.02485283
0.83696596  -0.02537738
0.85507770  -0.02543598
0.87319109  -0.02495806
0.89130559  -0.02386991
0.90942079  -0.02209468
0.92753640  -0.01955233
0.94565221  -0.01615966
0.96376812  -0.01183028
0.98188406  -0.00647465
1.00000000  0.00000000
