NN10361
1.00000000  0.00000000
0.98188406  0.00925886
0.96376812  0.01853594
0.94565221  0.02777128
0.92753640  0.03690961
0.90942079  0.04590021
0.89130559  0.05469680
0.87319109  0.06325738
0.85507770  0.07154407
0.83696596  0.07952298
0.81885656  0.08716409
0.80075038  0.09444107
0.78264847  0.10133114
0.76455210  0.10781495
0.74646278  0.11387645
0.72838225  0.11950268
0.71031254  0.12468369
0.69225594  0.12941239
0.67421508  0.13368437
0.65619289  0.13749778
0.63819266  0.14085322
0.62021803  0.14375352
0.60227305  0.14620367
0.58436214  0.14821064
0.56649016  0.14978325
0.54866242  0.15093200
0.53088467  0.15166898
0.51316314  0.15200768
0.49550459  0.15196286
0.47791625  0.15155040
0.46040593  0.15078720
0.44298198  0.14969096
0.42565331  0.14828012
0.40842945  0.14657365
0.39132052  0.14459094
0.37433730  0.14235165
0.35749120  0.13987558
0.34079431  0.13718250
0.32425942  0.13429203
0.30790000  0.13122348
0.29173028  0.12799572
0.27576522  0.12462703
0.26002056  0.12113497
0.24451281  0.11753621
0.22925931  0.11384642
0.21427820  0.11008009
0.19958848  0.10625041
0.18521000  0.10236914
0.17116350  0.09844645
0.15747063  0.09449075
0.14415394  0.09050859
0.13123695  0.08650452
0.11874410  0.08248090
0.10670084  0.07843780
0.09513360  0.07437284
0.08406985  0.07028104
0.07353805  0.06615470
0.06356777  0.06198323
0.05418962  0.05775303
0.04543531  0.05344733
0.03733766  0.04904604
0.02993063  0.04452566
0.02324933  0.03985905
0.01733003  0.03501536
0.01221019  0.02995987
0.00792850  0.02465381
0.00452485  0.01905426
0.00204040  0.01311399
0.00051754  0.00678133
0.00000000  0.00000000
0.00000000  0.00000000
0.00051754  -0.00674620
0.00204040  -0.01248773
0.00452485  -0.01731585
0.00792850  -0.02131652
0.01221019  -0.02457058
0.01733003  -0.02715388
0.02324933  -0.02913744
0.02993063  -0.03058762
0.03733766  -0.03156622
0.04543531  -0.03213067
0.05418962  -0.03233416
0.06356777  -0.03222578
0.07353805  -0.03185071
0.08406985  -0.03125032
0.09513360  -0.03046235
0.10670084  -0.02952104
0.11874410  -0.02845730
0.13123695  -0.02729883
0.14415394  -0.02607031
0.15747063  -0.02479351
0.17116350  -0.02348744
0.18521000  -0.02216854
0.19958848  -0.02085078
0.21427820  -0.01954585
0.22925931  -0.01826327
0.24451281  -0.01701058
0.26002056  -0.01579343
0.27576522  -0.01461581
0.29173028  -0.01348012
0.30790000  -0.01238738
0.32425942  -0.01133734
0.34079431  -0.01032865
0.35749120  -0.00935898
0.37433730  -0.00842521
0.39132052  -0.00752356
0.40842945  -0.00664972
0.42565331  -0.00579903
0.44298198  -0.00496661
0.46040593  -0.00414752
0.47791625  -0.00333689
0.49550459  -0.00253011
0.51316314  -0.00172292
0.53088467  -0.00091160
0.54866242  -0.00009312
0.56649016  0.00073474
0.58436214  0.00157320
0.60227305  0.00242239
0.62021803  0.00328113
0.63819266  0.00414683
0.65619289  0.00501533
0.67421508  0.00588074
0.69225594  0.00673532
0.71031254  0.00756930
0.72838225  0.00837072
0.74646278  0.00912533
0.76455210  0.00981641
0.78264847  0.01042462
0.80075038  0.01092785
0.81885656  0.01130110
0.83696596  0.01151627
0.85507770  0.01154210
0.87319109  0.01134392
0.89130559  0.01088359
0.90942079  0.01011929
0.92753640  0.00900540
0.94565221  0.00749234
0.96376812  0.00552645
0.98188406  0.00304978
1.00000000  0.00000000
