NN10098
1.00000000  0.00000000
0.98188406  0.00851890
0.96376812  0.01715729
0.94565221  0.02585307
0.92753640  0.03454873
0.90942079  0.04319130
0.89130559  0.05173214
0.87319109  0.06012682
0.85507770  0.06833498
0.83696596  0.07632016
0.81885656  0.08404969
0.80075038  0.09149453
0.78264847  0.09862910
0.76455210  0.10543118
0.74646278  0.11188175
0.72838225  0.11796481
0.71031254  0.12366730
0.69225594  0.12897890
0.67421508  0.13389191
0.65619289  0.13840111
0.63819266  0.14250359
0.62021803  0.14619864
0.60227305  0.14948758
0.58436214  0.15237362
0.56649016  0.15486172
0.54866242  0.15695846
0.53088467  0.15867185
0.51316314  0.16001124
0.49550459  0.16098715
0.47791625  0.16161110
0.46040593  0.16189552
0.44298198  0.16185356
0.42565331  0.16149897
0.40842945  0.16084595
0.39132052  0.15990899
0.37433730  0.15870275
0.35749120  0.15724190
0.34079431  0.15554097
0.32425942  0.15361424
0.30790000  0.15147555
0.29173028  0.14913817
0.27576522  0.14661467
0.26002056  0.14391678
0.24451281  0.14105520
0.22925931  0.13803952
0.21427820  0.13487802
0.19958848  0.13157756
0.18521000  0.12814342
0.17116350  0.12457915
0.15747063  0.12088644
0.14415394  0.11706499
0.13123695  0.11311231
0.11874410  0.10902363
0.10670084  0.10479173
0.09513360  0.10040682
0.08406985  0.09585634
0.07353805  0.09112489
0.06356777  0.08619402
0.05418962  0.08104212
0.04543531  0.07564429
0.03733766  0.06997214
0.02993063  0.06399370
0.02324933  0.05767325
0.01733003  0.05097118
0.01221019  0.04384385
0.00792850  0.03624343
0.00452485  0.02811777
0.00204040  0.01941025
0.00051754  0.01005966
0.00000000  0.00000000
0.00000000  0.00000000
0.00051754  -0.00420080
0.00204040  -0.00790862
0.00452485  -0.01119145
0.00792850  -0.01411214
0.01221019  -0.01672852
0.01733003  -0.01909359
0.02324933  -0.02125566
0.02993063  -0.02325850
0.03733766  -0.02514150
0.04543531  -0.02693987
0.05418962  -0.02868471
0.06356777  -0.03040326
0.07353805  -0.03211899
0.08406985  -0.03385177
0.09513360  -0.03561808
0.10670084  -0.03743108
0.11874410  -0.03930083
0.13123695  -0.04123443
0.14415394  -0.04323617
0.15747063  -0.04530770
0.17116350  -0.04744817
0.18521000  -0.04965440
0.19958848  -0.05192103
0.21427820  -0.05424068
0.22925931  -0.05660412
0.24451281  -0.05900040
0.26002056  -0.06141701
0.27576522  -0.06384008
0.29173028  -0.06625447
0.30790000  -0.06864397
0.32425942  -0.07099148
0.34079431  -0.07327908
0.35749120  -0.07548830
0.37433730  -0.07760016
0.39132052  -0.07959544
0.40842945  -0.08145476
0.42565331  -0.08315874
0.44298198  -0.08468820
0.46040593  -0.08602430
0.47791625  -0.08714867
0.49550459  -0.08804360
0.51316314  -0.08869218
0.53088467  -0.08907847
0.54866242  -0.08918762
0.56649016  -0.08900610
0.58436214  -0.08852177
0.60227305  -0.08772409
0.62021803  -0.08660429
0.63819266  -0.08515548
0.65619289  -0.08337283
0.67421508  -0.08125372
0.69225594  -0.07879793
0.71031254  -0.07600775
0.72838225  -0.07288816
0.74646278  -0.06944699
0.76455210  -0.06569505
0.78264847  -0.06164634
0.80075038  -0.05731816
0.81885656  -0.05273128
0.83696596  -0.04791009
0.85507770  -0.04288279
0.87319109  -0.03768150
0.89130559  -0.03234245
0.90942079  -0.02690612
0.92753640  -0.02141741
0.94565221  -0.01592579
0.96376812  -0.01048546
0.98188406  -0.00515549
1.00000000  0.00000000
