NN11579
1.00000000  0.00000000
0.98188406  0.02013713
0.96376812  0.03906406
0.94565221  0.05684200
0.92753640  0.07352901
0.90942079  0.08918008
0.89130559  0.10384723
0.87319109  0.11757960
0.85507770  0.13042350
0.83696596  0.14242253
0.81885656  0.15361767
0.80075038  0.16404733
0.78264847  0.17374747
0.76455210  0.18275167
0.74646278  0.19109122
0.72838225  0.19879522
0.71031254  0.20589061
0.69225594  0.21240235
0.67421508  0.21835342
0.65619289  0.22376494
0.63819266  0.22865627
0.62021803  0.23304508
0.60227305  0.23694741
0.58436214  0.24037781
0.56649016  0.24334940
0.54866242  0.24587394
0.53088467  0.24796192
0.51316314  0.24962269
0.49550459  0.25086449
0.47791625  0.25169455
0.46040593  0.25211921
0.44298198  0.25214395
0.42565331  0.25177352
0.40842945  0.25101203
0.39132052  0.24986298
0.37433730  0.24832940
0.35749120  0.24641393
0.34079431  0.24411889
0.32425942  0.24144636
0.30790000  0.23839827
0.29173028  0.23497653
0.27576522  0.23118304
0.26002056  0.22701983
0.24451281  0.22248914
0.22925931  0.21759347
0.21427820  0.21233571
0.19958848  0.20671921
0.18521000  0.20074786
0.17116350  0.19442617
0.15747063  0.18775938
0.14415394  0.18075353
0.13123695  0.17341553
0.11874410  0.16575329
0.10670084  0.15777576
0.09513360  0.14949304
0.08406985  0.14091646
0.07353805  0.13205867
0.06356777  0.12293372
0.05418962  0.11355714
0.04543531  0.10394606
0.03733766  0.09411925
0.02993063  0.08409722
0.02324933  0.07390233
0.01733003  0.06355885
0.01221019  0.05309306
0.00792850  0.04253331
0.00452485  0.03191014
0.00204040  0.02125637
0.00051754  0.01060712
0.00000000  0.00000000
0.00000000  0.00000000
0.00051754  -0.00518165
0.00204040  -0.01008420
0.00452485  -0.01473055
0.00792850  -0.01914184
0.01221019  -0.02333744
0.01733003  -0.02733502
0.02324933  -0.03115064
0.02993063  -0.03479879
0.03733766  -0.03829243
0.04543531  -0.04164307
0.05418962  -0.04486084
0.06356777  -0.04795450
0.07353805  -0.05093156
0.08406985  -0.05379830
0.09513360  -0.05655984
0.10670084  -0.05922018
0.11874410  -0.06178229
0.13123695  -0.06424815
0.14415394  -0.06661882
0.15747063  -0.06889447
0.17116350  -0.07107446
0.18521000  -0.07315743
0.19958848  -0.07514128
0.21427820  -0.07702331
0.22925931  -0.07880022
0.24451281  -0.08046819
0.26002056  -0.08202296
0.27576522  -0.08345985
0.29173028  -0.08477384
0.30790000  -0.08595962
0.32425942  -0.08701167
0.34079431  -0.08792428
0.35749120  -0.08869164
0.37433730  -0.08930790
0.39132052  -0.08976719
0.40842945  -0.09006373
0.42565331  -0.09019185
0.44298198  -0.09014608
0.46040593  -0.08992116
0.47791625  -0.08951216
0.49550459  -0.08891449
0.51316314  -0.08812398
0.53088467  -0.08713694
0.54866242  -0.08595021
0.56649016  -0.08456122
0.58436214  -0.08296805
0.60227305  -0.08116949
0.62021803  -0.07916510
0.63819266  -0.07695527
0.65619289  -0.07454125
0.67421508  -0.07192525
0.69225594  -0.06911050
0.71031254  -0.06610125
0.72838225  -0.06290291
0.74646278  -0.05952202
0.76455210  -0.05596639
0.78264847  -0.05224511
0.80075038  -0.04836864
0.81885656  -0.04434881
0.83696596  -0.04019896
0.85507770  -0.03593394
0.87319109  -0.03157018
0.89130559  -0.02712577
0.90942079  -0.02262049
0.92753640  -0.01807588
0.94565221  -0.01351531
0.96376812  -0.00896402
0.98188406  -0.00444919
1.00000000  0.00000000
