NN1113
1.00000000  0.00000000
0.98188406  0.00653355
0.96376812  0.01304154
0.94565221  0.01949305
0.92753640  0.02585997
0.90942079  0.03211692
0.89130559  0.03824111
0.87319109  0.04421226
0.85507770  0.05001247
0.83696596  0.05562613
0.81885656  0.06103981
0.80075038  0.06624214
0.78264847  0.07122372
0.76455210  0.07597699
0.74646278  0.08049613
0.72838225  0.08477699
0.71031254  0.08881692
0.69225594  0.09261470
0.67421508  0.09617042
0.65619289  0.09948539
0.63819266  0.10256201
0.62021803  0.10540367
0.60227305  0.10801464
0.58436214  0.11039998
0.56649016  0.11256541
0.54866242  0.11451721
0.53088467  0.11626212
0.51316314  0.11780722
0.49550459  0.11915982
0.47791625  0.12032738
0.46040593  0.12131737
0.44298198  0.12213718
0.42565331  0.12279399
0.40842945  0.12329471
0.39132052  0.12364583
0.37433730  0.12385330
0.35749120  0.12392249
0.34079431  0.12385801
0.32425942  0.12366363
0.30790000  0.12334219
0.29173028  0.12289548
0.27576522  0.12232409
0.26002056  0.12162740
0.24451281  0.12080336
0.22925931  0.11984846
0.21427820  0.11875761
0.19958848  0.11752399
0.18521000  0.11613899
0.17116350  0.11459210
0.15747063  0.11287075
0.14415394  0.11096028
0.13123695  0.10884376
0.11874410  0.10650194
0.10670084  0.10391309
0.09513360  0.10105295
0.08406985  0.09789457
0.07353805  0.09440822
0.06356777  0.09056131
0.05418962  0.08631824
0.04543531  0.08164031
0.03733766  0.07648562
0.02993063  0.07080897
0.02324933  0.06456171
0.01733003  0.05769167
0.01221019  0.05014305
0.00792850  0.04185631
0.00452485  0.03276804
0.00204040  0.02281088
0.00051754  0.01191340
0.00000000  0.00000000
0.00000000  0.00000000
0.00051754  -0.00603717
0.00204040  -0.01125445
0.00452485  -0.01571467
0.00792850  -0.01947778
0.01221019  -0.02260092
0.01733003  -0.02513847
0.02324933  -0.02714215
0.02993063  -0.02866101
0.03733766  -0.02974159
0.04543531  -0.03042787
0.05418962  -0.03076145
0.06356777  -0.03078152
0.07353805  -0.03052496
0.08406985  -0.03002640
0.09513360  -0.02931830
0.10670084  -0.02843095
0.11874410  -0.02739262
0.13123695  -0.02622956
0.14415394  -0.02496607
0.15747063  -0.02362459
0.17116350  -0.02222573
0.18521000  -0.02078836
0.19958848  -0.01932965
0.21427820  -0.01786516
0.22925931  -0.01640884
0.24451281  -0.01497319
0.26002056  -0.01356924
0.27576522  -0.01220663
0.29173028  -0.01089372
0.30790000  -0.00963757
0.32425942  -0.00844409
0.34079431  -0.00731804
0.35749120  -0.00626310
0.37433730  -0.00528197
0.39132052  -0.00437639
0.40842945  -0.00354723
0.42565331  -0.00279453
0.44298198  -0.00211758
0.46040593  -0.00151499
0.47791625  -0.00098472
0.49550459  -0.00052415
0.51316314  -0.00013019
0.53088467  0.00020072
0.54866242  0.00047253
0.56649016  0.00068948
0.58436214  0.00085609
0.60227305  0.00097708
0.62021803  0.00105728
0.63819266  0.00110161
0.65619289  0.00111499
0.67421508  0.00110229
0.69225594  0.00106827
0.71031254  0.00101748
0.72838225  0.00095428
0.74646278  0.00088268
0.76455210  0.00080635
0.78264847  0.00072853
0.80075038  0.00065196
0.81885656  0.00057884
0.83696596  0.00051074
0.85507770  0.00044857
0.87319109  0.00039248
0.89130559  0.00034185
0.90942079  0.00029516
0.92753640  0.00024999
0.94565221  0.00020292
0.96376812  0.00014949
0.98188406  0.00008410
1.00000000  0.00000000
