NN1173
1.00000000  0.00000000
0.98188406  0.01294968
0.96376812  0.02571224
0.94565221  0.03824982
0.92753640  0.05052703
0.90942079  0.06251098
0.89130559  0.07417113
0.87319109  0.08547929
0.85507770  0.09640956
0.83696596  0.10693823
0.81885656  0.11704380
0.80075038  0.12670685
0.78264847  0.13591001
0.76455210  0.14463793
0.74646278  0.15287717
0.72838225  0.16061619
0.71031254  0.16784527
0.69225594  0.17455647
0.67421508  0.18074354
0.65619289  0.18640192
0.63819266  0.19152862
0.62021803  0.19612220
0.60227305  0.20018272
0.58436214  0.20371165
0.56649016  0.20671184
0.54866242  0.20918748
0.53088467  0.21114397
0.51316314  0.21258797
0.49550459  0.21352724
0.47791625  0.21397067
0.46040593  0.21392814
0.44298198  0.21341054
0.42565331  0.21242968
0.40842945  0.21099821
0.39132052  0.20912961
0.37433730  0.20683810
0.35749120  0.20413860
0.34079431  0.20104665
0.32425942  0.19757840
0.30790000  0.19375050
0.29173028  0.18958008
0.27576522  0.18508468
0.26002056  0.18028218
0.24451281  0.17519077
0.22925931  0.16982889
0.21427820  0.16421515
0.19958848  0.15836829
0.18521000  0.15230712
0.17116350  0.14605048
0.15747063  0.13961715
0.14415394  0.13302582
0.13123695  0.12629501
0.11874410  0.11944306
0.10670084  0.11248802
0.09513360  0.10544761
0.08406985  0.09833917
0.07353805  0.09117963
0.06356777  0.08398539
0.05418962  0.07677231
0.04543531  0.06955565
0.03733766  0.06234999
0.02993063  0.05516922
0.02324933  0.04802641
0.01733003  0.04093382
0.01221019  0.03390283
0.00792850  0.02694384
0.00452485  0.02006628
0.00204040  0.01327849
0.00051754  0.00658771
0.00000000  0.00000000
0.00000000  0.00000000
0.00051754  -0.00847856
0.00204040  -0.01638746
0.00452485  -0.02375401
0.00792850  -0.03060416
0.01221019  -0.03696257
0.01733003  -0.04285262
0.02324933  -0.04829650
0.02993063  -0.05331521
0.03733766  -0.05792860
0.04543531  -0.06215548
0.05418962  -0.06601357
0.06356777  -0.06951962
0.07353805  -0.07268939
0.08406985  -0.07553777
0.09513360  -0.07807873
0.10670084  -0.08032544
0.11874410  -0.08229028
0.13123695  -0.08398488
0.14415394  -0.08542018
0.15747063  -0.08660647
0.17116350  -0.08755340
0.18521000  -0.08827007
0.19958848  -0.08876507
0.21427820  -0.08904646
0.22925931  -0.08912191
0.24451281  -0.08899865
0.26002056  -0.08868360
0.27576522  -0.08818332
0.29173028  -0.08750414
0.30790000  -0.08665216
0.32425942  -0.08563327
0.34079431  -0.08445327
0.35749120  -0.08311782
0.37433730  -0.08163255
0.39132052  -0.08000309
0.40842945  -0.07823507
0.42565331  -0.07633424
0.44298198  -0.07430645
0.46040593  -0.07215769
0.47791625  -0.06989421
0.49550459  -0.06752247
0.51316314  -0.06504924
0.53088467  -0.06248161
0.54866242  -0.05982708
0.56649016  -0.05709354
0.58436214  -0.05428936
0.60227305  -0.05142342
0.62021803  -0.04850516
0.63819266  -0.04554460
0.65619289  -0.04255241
0.67421508  -0.03953994
0.69225594  -0.03651925
0.71031254  -0.03350320
0.72838225  -0.03050542
0.74646278  -0.02754043
0.76455210  -0.02462364
0.78264847  -0.02177137
0.80075038  -0.01900098
0.81885656  -0.01633080
0.83696596  -0.01378026
0.85507770  -0.01136991
0.87319109  -0.00912144
0.89130559  -0.00705775
0.90942079  -0.00520296
0.92753640  -0.00358252
0.94565221  -0.00222316
0.96376812  -0.00115302
0.98188406  -0.00040163
1.00000000  0.00000000
