NN11015
1.00000000  0.00000000
0.98188406  0.01405174
0.96376812  0.02704468
0.94565221  0.03904447
0.92753640  0.05011304
0.90942079  0.06030870
0.89130559  0.06968627
0.87319109  0.07829718
0.85507770  0.08618957
0.83696596  0.09340846
0.81885656  0.09999582
0.80075038  0.10599069
0.78264847  0.11142931
0.76455210  0.11634523
0.74646278  0.12076943
0.72838225  0.12473043
0.71031254  0.12825439
0.69225594  0.13136526
0.67421508  0.13408489
0.65619289  0.13643309
0.63819266  0.13842784
0.62021803  0.14008532
0.60227305  0.14142008
0.58436214  0.14244513
0.56649016  0.14317205
0.54866242  0.14361113
0.53088467  0.14377149
0.51316314  0.14366115
0.49550459  0.14328719
0.47791625  0.14265585
0.46040593  0.14177263
0.44298198  0.14064245
0.42565331  0.13926973
0.40842945  0.13765849
0.39132052  0.13581251
0.37433730  0.13373543
0.35749120  0.13143084
0.34079431  0.12890244
0.32425942  0.12615411
0.30790000  0.12319005
0.29173028  0.12001491
0.27576522  0.11663388
0.26002056  0.11305280
0.24451281  0.10927832
0.22925931  0.10531796
0.21427820  0.10118025
0.19958848  0.09687488
0.18521000  0.09241274
0.17116350  0.08780611
0.15747063  0.08306873
0.14415394  0.07821593
0.13123695  0.07326475
0.11874410  0.06823406
0.10670084  0.06314465
0.09513360  0.05801937
0.08406985  0.05288323
0.07353805  0.04776355
0.06356777  0.04269001
0.05418962  0.03769485
0.04543531  0.03281291
0.03733766  0.02808178
0.02993063  0.02354192
0.02324933  0.01923677
0.01733003  0.01521285
0.01221019  0.01151992
0.00792850  0.00821102
0.00452485  0.00534267
0.00204040  0.00297493
0.00051754  0.00117153
0.00000000  0.00000000
0.00000000  0.00000000
0.00051754  -0.00217663
0.00204040  -0.00391258
0.00452485  -0.00526542
0.00792850  -0.00628889
0.01221019  -0.00703298
0.01733003  -0.00754404
0.02324933  -0.00786492
0.02993063  -0.00803502
0.03733766  -0.00809043
0.04543531  -0.00806403
0.05418962  -0.00798562
0.06356777  -0.00788196
0.07353805  -0.00777695
0.08406985  -0.00769170
0.09513360  -0.00764463
0.10670084  -0.00765159
0.11874410  -0.00772597
0.13123695  -0.00787879
0.14415394  -0.00811882
0.15747063  -0.00845267
0.17116350  -0.00888493
0.18521000  -0.00941823
0.19958848  -0.01005337
0.21427820  -0.01078945
0.22925931  -0.01162391
0.24451281  -0.01255272
0.26002056  -0.01357040
0.27576522  -0.01467021
0.29173028  -0.01584419
0.30790000  -0.01708330
0.32425942  -0.01837750
0.34079431  -0.01971591
0.35749120  -0.02108684
0.37433730  -0.02247795
0.39132052  -0.02387636
0.40842945  -0.02526870
0.42565331  -0.02664129
0.44298198  -0.02798019
0.46040593  -0.02927132
0.47791625  -0.03050059
0.49550459  -0.03165398
0.51316314  -0.03271763
0.53088467  -0.03367801
0.54866242  -0.03452196
0.56649016  -0.03523684
0.58436214  -0.03581058
0.60227305  -0.03623187
0.62021803  -0.03649020
0.63819266  -0.03657597
0.65619289  -0.03648063
0.67421508  -0.03619678
0.69225594  -0.03571824
0.71031254  -0.03504018
0.72838225  -0.03415924
0.74646278  -0.03307363
0.76455210  -0.03178320
0.78264847  -0.03028959
0.80075038  -0.02859632
0.81885656  -0.02670890
0.83696596  -0.02463493
0.85507770  -0.02238420
0.87319109  -0.01996881
0.89130559  -0.01740327
0.90942079  -0.01470461
0.92753640  -0.01189249
0.94565221  -0.00898927
0.96376812  -0.00602017
0.98188406  -0.00301335
1.00000000  0.00000000
