NN11761
1.00000000  0.00000000
0.98188406  0.00982388
0.96376812  0.01973210
0.94565221  0.02968020
0.92753640  0.03962540
0.90942079  0.04952661
0.89130559  0.05934438
0.87319109  0.06904098
0.85507770  0.07858033
0.83696596  0.08792804
0.81885656  0.09705139
0.80075038  0.10591935
0.78264847  0.11450256
0.76455210  0.12277335
0.74646278  0.13070571
0.72838225  0.13827534
0.71031254  0.14545961
0.69225594  0.15223755
0.67421508  0.15858990
0.65619289  0.16449907
0.63819266  0.16994915
0.62021803  0.17492592
0.60227305  0.17941684
0.58436214  0.18341106
0.56649016  0.18689939
0.54866242  0.18987437
0.53088467  0.19233017
0.51316314  0.19426269
0.49550459  0.19566949
0.47791625  0.19654983
0.46040593  0.19690465
0.44298198  0.19673657
0.42565331  0.19604992
0.40842945  0.19485069
0.39132052  0.19314657
0.37433730  0.19094695
0.35749120  0.18826288
0.34079431  0.18510714
0.32425942  0.18149416
0.30790000  0.17744007
0.29173028  0.17296272
0.27576522  0.16808160
0.26002056  0.16281794
0.24451281  0.15719463
0.22925931  0.15123627
0.21427820  0.14496912
0.19958848  0.13842119
0.18521000  0.13162212
0.17116350  0.12460329
0.15747063  0.11739775
0.14415394  0.11004026
0.13123695  0.10256725
0.11874410  0.09501687
0.10670084  0.08742895
0.09513360  0.07984502
0.08406985  0.07230832
0.07353805  0.06486376
0.06356777  0.05755797
0.05418962  0.05043926
0.04543531  0.04355765
0.03733766  0.03696486
0.02993063  0.03071429
0.02324933  0.02486105
0.01733003  0.01946196
0.01221019  0.01457552
0.00792850  0.01026195
0.00452485  0.00658315
0.00204040  0.00360273
0.00051754  0.00138601
0.00000000  0.00000000
0.00000000  0.00000000
0.00051754  -0.00517849
0.00204040  -0.01014076
0.00452485  -0.01489564
0.00792850  -0.01945133
0.01221019  -0.02381538
0.01733003  -0.02799473
0.02324933  -0.03199574
0.02993063  -0.03582419
0.03733766  -0.03948534
0.04543531  -0.04298390
0.05418962  -0.04632410
0.06356777  -0.04950969
0.07353805  -0.05254398
0.08406985  -0.05542982
0.09513360  -0.05816967
0.10670084  -0.06076562
0.11874410  -0.06321937
0.13123695  -0.06553229
0.14415394  -0.06770544
0.15747063  -0.06973958
0.17116350  -0.07163519
0.18521000  -0.07339252
0.19958848  -0.07501157
0.21427820  -0.07649215
0.22925931  -0.07783389
0.24451281  -0.07903624
0.26002056  -0.08009855
0.27576522  -0.08102003
0.29173028  -0.08179979
0.30790000  -0.08243690
0.32425942  -0.08293036
0.34079431  -0.08327916
0.35749120  -0.08348228
0.37433730  -0.08353873
0.39132052  -0.08344756
0.40842945  -0.08320789
0.42565331  -0.08281892
0.44298198  -0.08227998
0.46040593  -0.08159051
0.47791625  -0.08075012
0.49550459  -0.07975861
0.51316314  -0.07861597
0.53088467  -0.07732242
0.54866242  -0.07587842
0.56649016  -0.07428471
0.58436214  -0.07254232
0.60227305  -0.07065259
0.62021803  -0.06861720
0.63819266  -0.06643820
0.65619289  -0.06411801
0.67421508  -0.06165947
0.69225594  -0.05906584
0.71031254  -0.05634082
0.72838225  -0.05348861
0.74646278  -0.05051388
0.76455210  -0.04742183
0.78264847  -0.04421822
0.80075038  -0.04090933
0.81885656  -0.03750207
0.83696596  -0.03400394
0.85507770  -0.03042307
0.87319109  -0.02676825
0.89130559  -0.02304895
0.90942079  -0.01927532
0.92753640  -0.01545826
0.94565221  -0.01160941
0.96376812  -0.00774115
0.98188406  -0.00386668
1.00000000  0.00000000
