NN11936
1.00000000  0.00000000
0.98188406  0.01256650
0.96376812  0.02468198
0.94565221  0.03632308
0.92753640  0.04746981
0.90942079  0.05810544
0.89130559  0.06821636
0.87319109  0.07779194
0.85507770  0.08682443
0.83696596  0.09530876
0.81885656  0.10324246
0.80075038  0.11062551
0.78264847  0.11746019
0.76455210  0.12375097
0.74646278  0.12950435
0.72838225  0.13472874
0.71031254  0.13943433
0.69225594  0.14363295
0.67421508  0.14733792
0.65619289  0.15056392
0.63819266  0.15332690
0.62021803  0.15564387
0.60227305  0.15753283
0.58436214  0.15901258
0.56649016  0.16010265
0.54866242  0.16082309
0.53088467  0.16119441
0.51316314  0.16123739
0.49550459  0.16097296
0.47791625  0.16042207
0.46040593  0.15960558
0.44298198  0.15854406
0.42565331  0.15725773
0.40842945  0.15576626
0.39132052  0.15408869
0.37433730  0.15224326
0.35749120  0.15024729
0.34079431  0.14811702
0.32425942  0.14586752
0.30790000  0.14351253
0.29173028  0.14106430
0.27576522  0.13853352
0.26002056  0.13592911
0.24451281  0.13325814
0.22925931  0.13052567
0.21427820  0.12773463
0.19958848  0.12488568
0.18521000  0.12197705
0.17116350  0.11900444
0.15747063  0.11596088
0.14415394  0.11283657
0.13123695  0.10961879
0.11874410  0.10629170
0.10670084  0.10283627
0.09513360  0.09923012
0.08406985  0.09544736
0.07353805  0.09145850
0.06356777  0.08723028
0.05418962  0.08272556
0.04543531  0.07790316
0.03733766  0.07271775
0.02993063  0.06711969
0.02324933  0.06105494
0.01733003  0.05446485
0.01221019  0.04728611
0.00792850  0.03945054
0.00452485  0.03088502
0.00204040  0.02151130
0.00051754  0.01124592
0.00000000  0.00000000
0.00000000  0.00000000
0.00051754  -0.01083797
0.00204040  -0.02063209
0.00452485  -0.02948024
0.00792850  -0.03747357
0.01221019  -0.04469672
0.01733003  -0.05122803
0.02324933  -0.05713973
0.02993063  -0.06249821
0.03733766  -0.06736416
0.04543531  -0.07179283
0.05418962  -0.07583424
0.06356777  -0.07953336
0.07353805  -0.08293037
0.08406985  -0.08606084
0.09513360  -0.08895594
0.10670084  -0.09164267
0.11874410  -0.09414407
0.13123695  -0.09647943
0.14415394  -0.09866447
0.15747063  -0.10071164
0.17116350  -0.10263022
0.18521000  -0.10442662
0.19958848  -0.10610455
0.21427820  -0.10766526
0.22925931  -0.10910770
0.24451281  -0.11042880
0.26002056  -0.11162364
0.27576522  -0.11268567
0.29173028  -0.11360695
0.30790000  -0.11437830
0.32425942  -0.11498957
0.34079431  -0.11542985
0.35749120  -0.11568764
0.37433730  -0.11575109
0.39132052  -0.11560824
0.40842945  -0.11524718
0.42565331  -0.11465629
0.44298198  -0.11382444
0.46040593  -0.11274123
0.47791625  -0.11139718
0.49550459  -0.10978394
0.51316314  -0.10789451
0.53088467  -0.10572346
0.54866242  -0.10326711
0.56649016  -0.10052381
0.58436214  -0.09749407
0.60227305  -0.09418082
0.62021803  -0.09058964
0.63819266  -0.08672891
0.65619289  -0.08261009
0.67421508  -0.07824789
0.69225594  -0.07366048
0.71031254  -0.06886975
0.72838225  -0.06390146
0.74646278  -0.05878550
0.76455210  -0.05355607
0.78264847  -0.04825193
0.80075038  -0.04291656
0.81885656  -0.03759843
0.83696596  -0.03235118
0.85507770  -0.02723382
0.87319109  -0.02231097
0.89130559  -0.01765308
0.90942079  -0.01333660
0.92753640  -0.00944422
0.94565221  -0.00606510
0.96376812  -0.00329506
0.98188406  -0.00123676
1.00000000  0.00000000
