NN11496
1.00000000  0.00000000
0.98188406  0.00117524
0.96376812  0.00325311
0.94565221  0.00612622
0.92753640  0.00969282
0.90942079  0.01385659
0.89130559  0.01852659
0.87319109  0.02361708
0.85507770  0.02904739
0.83696596  0.03474185
0.81885656  0.04062961
0.80075038  0.04664456
0.78264847  0.05272516
0.76455210  0.05881433
0.74646278  0.06485934
0.72838225  0.07081168
0.71031254  0.07662693
0.69225594  0.08226462
0.67421508  0.08768812
0.65619289  0.09286452
0.63819266  0.09776450
0.62021803  0.10236220
0.60227305  0.10663509
0.58436214  0.11056385
0.56649016  0.11413226
0.54866242  0.11732705
0.53088467  0.12013779
0.51316314  0.12255675
0.49550459  0.12457879
0.47791625  0.12620125
0.46040593  0.12742377
0.44298198  0.12824821
0.42565331  0.12867853
0.40842945  0.12872062
0.39132052  0.12838222
0.37433730  0.12767278
0.35749120  0.12660331
0.34079431  0.12518631
0.32425942  0.12343558
0.30790000  0.12136613
0.29173028  0.11899407
0.27576522  0.11633644
0.26002056  0.11341113
0.24451281  0.11023672
0.22925931  0.10683237
0.21427820  0.10321770
0.19958848  0.09941265
0.18521000  0.09543737
0.17116350  0.09131207
0.15747063  0.08705695
0.14415394  0.08269199
0.13123695  0.07823689
0.11874410  0.07371094
0.10670084  0.06913286
0.09513360  0.06452071
0.08406985  0.05989172
0.07353805  0.05526224
0.06356777  0.05064753
0.05418962  0.04606169
0.04543531  0.04151751
0.03733766  0.03702636
0.02993063  0.03259806
0.02324933  0.02824074
0.01733003  0.02396073
0.01221019  0.01976244
0.00792850  0.01564821
0.00452485  0.01161822
0.00204040  0.00767032
0.00051754  0.00379996
0.00000000  0.00000000
0.00000000  0.00000000
0.00051754  -0.01194048
0.00204040  -0.02267572
0.00452485  -0.03227855
0.00792850  -0.04081899
0.01221019  -0.04836426
0.01733003  -0.05497888
0.02324933  -0.06072467
0.02993063  -0.06566086
0.03733766  -0.06984412
0.04543531  -0.07332864
0.05418962  -0.07616614
0.06356777  -0.07840599
0.07353805  -0.08009521
0.08406985  -0.08127856
0.09513360  -0.08199860
0.10670084  -0.08229572
0.11874410  -0.08220822
0.13123695  -0.08177236
0.14415394  -0.08102241
0.15747063  -0.07999072
0.17116350  -0.07870777
0.18521000  -0.07720223
0.19958848  -0.07550101
0.21427820  -0.07362932
0.22925931  -0.07161073
0.24451281  -0.06946724
0.26002056  -0.06721929
0.27576522  -0.06488589
0.29173028  -0.06248460
0.30790000  -0.06003165
0.32425942  -0.05754195
0.34079431  -0.05502919
0.35749120  -0.05250585
0.37433730  -0.04998330
0.39132052  -0.04747184
0.40842945  -0.04498073
0.42565331  -0.04251830
0.44298198  -0.04009197
0.46040593  -0.03770832
0.47791625  -0.03537313
0.49550459  -0.03309147
0.51316314  -0.03086771
0.53088467  -0.02870564
0.54866242  -0.02660847
0.56649016  -0.02457891
0.58436214  -0.02261922
0.60227305  -0.02073129
0.62021803  -0.01891665
0.63819266  -0.01717660
0.65619289  -0.01551219
0.67421508  -0.01392431
0.69225594  -0.01241376
0.71031254  -0.01098130
0.72838225  -0.00962768
0.74646278  -0.00835373
0.76455210  -0.00716042
0.78264847  -0.00604887
0.80075038  -0.00502047
0.81885656  -0.00407688
0.83696596  -0.00322014
0.85507770  -0.00245268
0.87319109  -0.00177740
0.89130559  -0.00119773
0.90942079  -0.00071769
0.92753640  -0.00034192
0.94565221  -0.00007576
0.96376812  0.00007470
0.98188406  0.00010254
1.00000000  0.00000000
