NN11971
1.00000000  0.00000000
0.98188406  0.01372568
0.96376812  0.02664628
0.94565221  0.03879561
0.92753640  0.05020573
0.90942079  0.06090705
0.89130559  0.07092839
0.87319109  0.08029701
0.85507770  0.08903868
0.83696596  0.09717776
0.81885656  0.10473722
0.80075038  0.11173875
0.78264847  0.11820275
0.76455210  0.12414846
0.74646278  0.12959397
0.72838225  0.13455629
0.71031254  0.13905143
0.69225594  0.14309442
0.67421508  0.14669941
0.65619289  0.14987968
0.63819266  0.15264777
0.62021803  0.15501544
0.60227305  0.15699385
0.58436214  0.15859348
0.56649016  0.15982433
0.54866242  0.16069586
0.53088467  0.16121712
0.51316314  0.16139678
0.49550459  0.16124319
0.47791625  0.16076447
0.46040593  0.15996852
0.44298198  0.15886310
0.42565331  0.15745589
0.40842945  0.15575456
0.39132052  0.15376681
0.37433730  0.15150043
0.35749120  0.14896337
0.34079431  0.14616379
0.32425942  0.14311013
0.30790000  0.13981114
0.29173028  0.13627598
0.27576522  0.13251424
0.26002056  0.12853602
0.24451281  0.12435199
0.22925931  0.11997343
0.21427820  0.11541231
0.19958848  0.11068135
0.18521000  0.10579404
0.17116350  0.10076475
0.15747063  0.09560876
0.14415394  0.09034231
0.13123695  0.08498269
0.11874410  0.07954827
0.10670084  0.07405858
0.09513360  0.06853434
0.08406985  0.06299756
0.07353805  0.05747156
0.06356777  0.05198104
0.05418962  0.04655216
0.04543531  0.04121255
0.03733766  0.03599144
0.02993063  0.03091964
0.02324933  0.02602966
0.01733003  0.02135573
0.01221019  0.01693389
0.00792850  0.01280202
0.00452485  0.00899991
0.00204040  0.00556933
0.00051754  0.00255407
0.00000000  0.00000000
0.00000000  0.00000000
0.00051754  -0.00307760
0.00204040  -0.00593000
0.00452485  -0.00858599
0.00792850  -0.01107123
0.01221019  -0.01340839
0.01733003  -0.01561726
0.02324933  -0.01771492
0.02993063  -0.01971585
0.03733766  -0.02163208
0.04543531  -0.02347330
0.05418962  -0.02524704
0.06356777  -0.02695874
0.07353805  -0.02861196
0.08406985  -0.03020845
0.09513360  -0.03174832
0.10670084  -0.03323016
0.11874410  -0.03465119
0.13123695  -0.03600739
0.14415394  -0.03729360
0.15747063  -0.03850373
0.17116350  -0.03963080
0.18521000  -0.04066718
0.19958848  -0.04160461
0.21427820  -0.04243445
0.22925931  -0.04314771
0.24451281  -0.04373526
0.26002056  -0.04418794
0.27576522  -0.04449668
0.29173028  -0.04465267
0.30790000  -0.04464743
0.32425942  -0.04447304
0.34079431  -0.04412218
0.35749120  -0.04358832
0.37433730  -0.04286586
0.39132052  -0.04195022
0.40842945  -0.04083801
0.42565331  -0.03952717
0.44298198  -0.03801706
0.46040593  -0.03630866
0.47791625  -0.03440464
0.49550459  -0.03230955
0.51316314  -0.03002992
0.53088467  -0.02757439
0.54866242  -0.02495388
0.56649016  -0.02218170
0.58436214  -0.01927367
0.60227305  -0.01624830
0.62021803  -0.01312689
0.63819266  -0.00993365
0.65619289  -0.00669590
0.67421508  -0.00344412
0.69225594  -0.00021216
0.71031254  0.00296267
0.72838225  0.00603946
0.74646278  0.00897356
0.76455210  0.01171642
0.78264847  0.01421551
0.80075038  0.01641413
0.81885656  0.01825132
0.83696596  0.01966168
0.85507770  0.02057528
0.87319109  0.02091750
0.89130559  0.02060889
0.90942079  0.01956506
0.92753640  0.01769653
0.94565221  0.01490859
0.96376812  0.01110116
0.98188406  0.00616870
1.00000000  0.00000000
