NN11327
1.00000000  0.00000000
0.98188406  0.00590755
0.96376812  0.01136391
0.94565221  0.01641894
0.92753640  0.02111900
0.90942079  0.02550704
0.89130559  0.02962266
0.87319109  0.03350224
0.85507770  0.03717902
0.83696596  0.04068321
0.81885656  0.04404206
0.80075038  0.04728000
0.78264847  0.05041870
0.76455210  0.05347715
0.74646278  0.05647183
0.72838225  0.05941671
0.71031254  0.06232343
0.69225594  0.06520134
0.67421508  0.06805761
0.65619289  0.07089737
0.63819266  0.07372372
0.62021803  0.07653791
0.60227305  0.07933938
0.58436214  0.08212589
0.56649016  0.08489358
0.54866242  0.08763713
0.53088467  0.09034977
0.51316314  0.09302344
0.49550459  0.09564888
0.47791625  0.09821569
0.46040593  0.10071246
0.44298198  0.10312685
0.42565331  0.10544571
0.40842945  0.10765513
0.39132052  0.10974057
0.37433730  0.11168696
0.35749120  0.11347879
0.34079431  0.11510018
0.32425942  0.11653501
0.30790000  0.11776700
0.29173028  0.11877982
0.27576522  0.11955716
0.26002056  0.12008285
0.24451281  0.12034095
0.22925931  0.12031585
0.21427820  0.11999233
0.19958848  0.11935572
0.18521000  0.11839195
0.17116350  0.11708766
0.15747063  0.11543028
0.14415394  0.11340817
0.13123695  0.11101064
0.11874410  0.10822815
0.10670084  0.10505230
0.09513360  0.10147601
0.08406985  0.09749354
0.07353805  0.09310068
0.06356777  0.08829474
0.05418962  0.08307474
0.04543531  0.07744143
0.03733766  0.07139746
0.02993063  0.06494740
0.02324933  0.05809789
0.01733003  0.05085772
0.01221019  0.04323793
0.00792850  0.03525188
0.00452485  0.02691540
0.00204040  0.01824682
0.00051754  0.00926712
0.00000000  0.00000000
0.00000000  0.00000000
0.00051754  -0.01048501
0.00204040  -0.01943153
0.00452485  -0.02696776
0.00792850  -0.03321558
0.01221019  -0.03829067
0.01733003  -0.04230269
0.02324933  -0.04535541
0.02993063  -0.04754684
0.03733766  -0.04896941
0.04543531  -0.04971010
0.05418962  -0.04985056
0.06356777  -0.04946730
0.07353805  -0.04863181
0.08406985  -0.04741070
0.09513360  -0.04586587
0.10670084  -0.04405464
0.11874410  -0.04202990
0.13123695  -0.03984025
0.14415394  -0.03753015
0.15747063  -0.03514006
0.17116350  -0.03270660
0.18521000  -0.03026270
0.19958848  -0.02783771
0.21427820  -0.02545758
0.22925931  -0.02314499
0.24451281  -0.02091951
0.26002056  -0.01879774
0.27576522  -0.01679343
0.29173028  -0.01491767
0.30790000  -0.01317901
0.32425942  -0.01158360
0.34079431  -0.01013537
0.35749120  -0.00883612
0.37433730  -0.00768572
0.39132052  -0.00668222
0.40842945  -0.00582203
0.42565331  -0.00510003
0.44298198  -0.00450972
0.46040593  -0.00404340
0.47791625  -0.00369228
0.49550459  -0.00344664
0.51316314  -0.00329598
0.53088467  -0.00322915
0.54866242  -0.00323452
0.56649016  -0.00330009
0.58436214  -0.00341369
0.60227305  -0.00356307
0.62021803  -0.00373607
0.63819266  -0.00392078
0.65619289  -0.00410565
0.67421508  -0.00427967
0.69225594  -0.00443251
0.71031254  -0.00455465
0.72838225  -0.00463753
0.74646278  -0.00467371
0.76455210  -0.00465700
0.78264847  -0.00458261
0.80075038  -0.00444731
0.81885656  -0.00424954
0.83696596  -0.00398962
0.85507770  -0.00366981
0.87319109  -0.00329453
0.89130559  -0.00287047
0.90942079  -0.00240675
0.92753640  -0.00191503
0.94565221  -0.00140973
0.96376812  -0.00090808
0.98188406  -0.00043037
1.00000000  0.00000000
