NN11378
1.00000000  0.00000000
0.98188406  0.01493902
0.96376812  0.02895889
0.94565221  0.04210582
0.92753640  0.05442347
0.90942079  0.06595303
0.89130559  0.07673335
0.87319109  0.08680096
0.85507770  0.09619017
0.83696596  0.10493316
0.81885656  0.11306005
0.80075038  0.12059899
0.78264847  0.12757624
0.76455210  0.13401621
0.74646278  0.13994160
0.72838225  0.14537345
0.71031254  0.15033122
0.69225594  0.15483286
0.67421508  0.15889492
0.65619289  0.16253260
0.63819266  0.16575984
0.62021803  0.16858942
0.60227305  0.17103299
0.58436214  0.17310122
0.56649016  0.17480380
0.54866242  0.17614959
0.53088467  0.17714666
0.51316314  0.17780238
0.49550459  0.17812351
0.47791625  0.17811626
0.46040593  0.17778637
0.44298198  0.17713923
0.42565331  0.17617991
0.40842945  0.17491326
0.39132052  0.17334399
0.37433730  0.17147675
0.35749120  0.16931622
0.34079431  0.16686716
0.32425942  0.16413453
0.30790000  0.16112353
0.29173028  0.15783971
0.27576522  0.15428904
0.26002056  0.15047797
0.24451281  0.14641356
0.22925931  0.14210349
0.21427820  0.13755622
0.19958848  0.13278100
0.18521000  0.12778797
0.17116350  0.12258828
0.15747063  0.11719411
0.14415394  0.11161879
0.13123695  0.10587686
0.11874410  0.09998416
0.10670084  0.09395792
0.09513360  0.08781680
0.08406985  0.08158102
0.07353805  0.07527240
0.06356777  0.06891447
0.05418962  0.06253253
0.04543531  0.05615373
0.03733766  0.04980717
0.02993063  0.04352396
0.02324933  0.03733729
0.01733003  0.03128254
0.01221019  0.02539736
0.00792850  0.01972171
0.00452485  0.01429797
0.00204040  0.00917103
0.00051754  0.00438834
0.00000000  0.00000000
0.00000000  0.00000000
0.00051754  -0.00351324
0.00204040  -0.00642769
0.00452485  -0.00881234
0.00792850  -0.01073178
0.01221019  -0.01224639
0.01733003  -0.01341240
0.02324933  -0.01428204
0.02993063  -0.01490364
0.03733766  -0.01532176
0.04543531  -0.01557731
0.05418962  -0.01570764
0.06356777  -0.01574669
0.07353805  -0.01572509
0.08406985  -0.01567030
0.09513360  -0.01560668
0.10670084  -0.01555566
0.11874410  -0.01553582
0.13123695  -0.01556304
0.14415394  -0.01565057
0.15747063  -0.01580921
0.17116350  -0.01604737
0.18521000  -0.01637122
0.19958848  -0.01678480
0.21427820  -0.01729014
0.22925931  -0.01788737
0.24451281  -0.01857483
0.26002056  -0.01934922
0.27576522  -0.02020568
0.29173028  -0.02113793
0.30790000  -0.02213839
0.32425942  -0.02319826
0.34079431  -0.02430771
0.35749120  -0.02545591
0.37433730  -0.02663122
0.39132052  -0.02782126
0.40842945  -0.02901307
0.42565331  -0.03019316
0.44298198  -0.03134772
0.46040593  -0.03246266
0.47791625  -0.03352376
0.49550459  -0.03451679
0.51316314  -0.03542760
0.53088467  -0.03624229
0.54866242  -0.03694727
0.56649016  -0.03752940
0.58436214  -0.03797614
0.60227305  -0.03827561
0.62021803  -0.03841674
0.63819266  -0.03838939
0.65619289  -0.03818446
0.67421508  -0.03779400
0.69225594  -0.03721133
0.71031254  -0.03643118
0.72838225  -0.03544977
0.74646278  -0.03426497
0.76455210  -0.03287638
0.78264847  -0.03128546
0.80075038  -0.02949565
0.81885656  -0.02751249
0.83696596  -0.02534374
0.85507770  -0.02299948
0.87319109  -0.02049225
0.89130559  -0.01783715
0.90942079  -0.01505197
0.92753640  -0.01215729
0.94565221  -0.00917662
0.96376812  -0.00613651
0.98188406  -0.00306664
1.00000000  0.00000000
