NN12276
1.00000000  0.00000000
0.98188406  0.01759856
0.96376812  0.03417569
0.94565221  0.04975027
0.92753640  0.06434169
0.90942079  0.07796982
0.89130559  0.09065501
0.87319109  0.10241806
0.85507770  0.11328018
0.83696596  0.12326300
0.81885656  0.13238851
0.80075038  0.14067908
0.78264847  0.14815739
0.76455210  0.15484646
0.74646278  0.16076959
0.72838225  0.16595033
0.71031254  0.17041251
0.69225594  0.17418015
0.67421508  0.17727749
0.65619289  0.17972894
0.63819266  0.18155909
0.62021803  0.18279262
0.60227305  0.18345437
0.58436214  0.18356923
0.56649016  0.18316218
0.54866242  0.18225823
0.53088467  0.18088243
0.51316314  0.17905982
0.49550459  0.17681541
0.47791625  0.17417417
0.46040593  0.17116101
0.44298198  0.16780076
0.42565331  0.16411810
0.40842945  0.16013761
0.39132052  0.15588370
0.37433730  0.15138062
0.35749120  0.14665238
0.34079431  0.14172280
0.32425942  0.13661544
0.30790000  0.13135360
0.29173028  0.12596027
0.27576522  0.12045816
0.26002056  0.11486962
0.24451281  0.10921663
0.22925931  0.10352083
0.21427820  0.09780342
0.19958848  0.09208520
0.18521000  0.08638650
0.17116350  0.08072720
0.15747063  0.07512669
0.14415394  0.06960382
0.13123695  0.06417692
0.11874410  0.05886378
0.10670084  0.05368157
0.09513360  0.04864688
0.08406985  0.04377568
0.07353805  0.03908327
0.06356777  0.03458429
0.05418962  0.03029269
0.04543531  0.02622171
0.03733766  0.02238383
0.02993063  0.01879078
0.02324933  0.01545353
0.01733003  0.01238221
0.01221019  0.00958614
0.00792850  0.00707379
0.00452485  0.00485277
0.00204040  0.00292976
0.00051754  0.00131055
0.00000000  0.00000000
0.00000000  0.00000000
0.00051754  -0.00133686
0.00204040  -0.00243628
0.00452485  -0.00335923
0.00792850  -0.00416130
0.01221019  -0.00489285
0.01733003  -0.00559918
0.02324933  -0.00632072
0.02993063  -0.00709320
0.03733766  -0.00794781
0.04543531  -0.00891139
0.05418962  -0.01000657
0.06356777  -0.01125197
0.07353805  -0.01266238
0.08406985  -0.01424890
0.09513360  -0.01601912
0.10670084  -0.01797733
0.11874410  -0.02012463
0.13123695  -0.02245916
0.14415394  -0.02497622
0.15747063  -0.02766850
0.17116350  -0.03052620
0.18521000  -0.03353722
0.19958848  -0.03668734
0.21427820  -0.03996038
0.22925931  -0.04333840
0.24451281  -0.04680183
0.26002056  -0.05032965
0.27576522  -0.05389961
0.29173028  -0.05748834
0.30790000  -0.06107155
0.32425942  -0.06462422
0.34079431  -0.06812071
0.35749120  -0.07153503
0.37433730  -0.07484091
0.39132052  -0.07801204
0.40842945  -0.08102221
0.42565331  -0.08384550
0.44298198  -0.08645645
0.46040593  -0.08883020
0.47791625  -0.09094272
0.49550459  -0.09277092
0.51316314  -0.09429289
0.53088467  -0.09548799
0.54866242  -0.09633709
0.56649016  -0.09682272
0.58436214  -0.09692924
0.60227305  -0.09664300
0.62021803  -0.09595252
0.63819266  -0.09484869
0.65619289  -0.09332490
0.67421508  -0.09137724
0.69225594  -0.08900465
0.71031254  -0.08620910
0.72838225  -0.08299579
0.74646278  -0.07937328
0.76455210  -0.07535368
0.78264847  -0.07095282
0.80075038  -0.06619044
0.81885656  -0.06109033
0.83696596  -0.05568052
0.85507770  -0.04999345
0.87319109  -0.04406614
0.89130559  -0.03794038
0.90942079  -0.03166286
0.92753640  -0.02528539
0.94565221  -0.01886503
0.96376812  -0.01246430
0.98188406  -0.00615132
1.00000000  0.00000000
