NN1269
1.00000000  0.00000000
0.98188406  0.00964742
0.96376812  0.01961326
0.94565221  0.02980981
0.92753640  0.04015486
0.90942079  0.05057155
0.89130559  0.06098832
0.87319109  0.07133864
0.85507770  0.08156098
0.83696596  0.09159860
0.81885656  0.10139943
0.80075038  0.11091595
0.78264847  0.12010501
0.76455210  0.12892771
0.74646278  0.13734926
0.72838225  0.14533884
0.71031254  0.15286945
0.69225594  0.15991777
0.67421508  0.16646402
0.65619289  0.17249183
0.63819266  0.17798808
0.62021803  0.18294278
0.60227305  0.18734889
0.58436214  0.19120223
0.56649016  0.19450131
0.54866242  0.19724720
0.53088467  0.19944335
0.51316314  0.20109551
0.49550459  0.20221156
0.47791625  0.20280135
0.46040593  0.20287660
0.44298198  0.20245070
0.42565331  0.20153863
0.40842945  0.20015681
0.39132052  0.19832289
0.37433730  0.19605572
0.35749120  0.19337510
0.34079431  0.19030171
0.32425942  0.18685696
0.30790000  0.18306281
0.29173028  0.17894167
0.27576522  0.17451623
0.26002056  0.16980935
0.24451281  0.16484388
0.22925931  0.15964257
0.21427820  0.15422786
0.19958848  0.14862180
0.18521000  0.14284589
0.17116350  0.13692092
0.15747063  0.13086685
0.14415394  0.12470266
0.13123695  0.11844622
0.11874410  0.11211412
0.10670084  0.10572157
0.09513360  0.09928222
0.08406985  0.09280805
0.07353805  0.08630920
0.06356777  0.07979386
0.05418962  0.07326810
0.04543531  0.06673575
0.03733766  0.06019823
0.02993063  0.05365445
0.02324933  0.04710065
0.01733003  0.04053023
0.01221019  0.03393366
0.00792850  0.02729830
0.00452485  0.02060829
0.00204040  0.01384435
0.00051754  0.00698374
0.00000000  0.00000000
0.00000000  0.00000000
0.00051754  -0.00237133
0.00204040  -0.00468147
0.00452485  -0.00693613
0.00792850  -0.00913960
0.01221019  -0.01129478
0.01733003  -0.01340334
0.02324933  -0.01546570
0.02993063  -0.01748120
0.03733766  -0.01944814
0.04543531  -0.02136388
0.05418962  -0.02322489
0.06356777  -0.02502690
0.07353805  -0.02676489
0.08406985  -0.02843326
0.09513360  -0.03002585
0.10670084  -0.03153608
0.11874410  -0.03295695
0.13123695  -0.03428123
0.14415394  -0.03550143
0.15747063  -0.03660998
0.17116350  -0.03759924
0.18521000  -0.03846164
0.19958848  -0.03918972
0.21427820  -0.03977623
0.22925931  -0.04021421
0.24451281  -0.04049706
0.26002056  -0.04061867
0.27576522  -0.04057344
0.29173028  -0.04035639
0.30790000  -0.03996326
0.32425942  -0.03939057
0.34079431  -0.03863570
0.35749120  -0.03769699
0.37433730  -0.03657381
0.39132052  -0.03526665
0.40842945  -0.03377719
0.42565331  -0.03210840
0.44298198  -0.03026462
0.46040593  -0.02825161
0.47791625  -0.02607669
0.49550459  -0.02374878
0.51316314  -0.02127849
0.53088467  -0.01867820
0.54866242  -0.01596217
0.56649016  -0.01314659
0.58436214  -0.01024967
0.60227305  -0.00729174
0.62021803  -0.00429531
0.63819266  -0.00128516
0.65619289  0.00171157
0.67421508  0.00466530
0.69225594  0.00754394
0.71031254  0.01031278
0.72838225  0.01293444
0.74646278  0.01536877
0.76455210  0.01757277
0.78264847  0.01950050
0.80075038  0.02110301
0.81885656  0.02232825
0.83696596  0.02312100
0.85507770  0.02342276
0.87319109  0.02317169
0.89130559  0.02230253
0.90942079  0.02074651
0.92753640  0.01843124
0.94565221  0.01528069
0.96376812  0.01121505
0.98188406  0.00615068
1.00000000  0.00000000
