NN12087
1.00000000  0.00000000
0.98188406  0.01264405
0.96376812  0.02447768
0.94565221  0.03554364
0.92753640  0.04588296
0.90942079  0.05553498
0.89130559  0.06453738
0.87319109  0.07292619
0.85507770  0.08073580
0.83696596  0.08799903
0.81885656  0.09474711
0.80075038  0.10100973
0.78264847  0.10681505
0.76455210  0.11218975
0.74646278  0.11715901
0.72838225  0.12174658
0.71031254  0.12597477
0.69225594  0.12986450
0.67421508  0.13343530
0.65619289  0.13670537
0.63819266  0.13969156
0.62021803  0.14240944
0.60227305  0.14487326
0.58436214  0.14709606
0.56649016  0.14908964
0.54866242  0.15086456
0.53088467  0.15243025
0.51316314  0.15379495
0.49550459  0.15496577
0.47791625  0.15594872
0.46040593  0.15674874
0.44298198  0.15736968
0.42565331  0.15781437
0.40842945  0.15808464
0.39132052  0.15818132
0.37433730  0.15810429
0.35749120  0.15785248
0.34079431  0.15742392
0.32425942  0.15681574
0.30790000  0.15602422
0.29173028  0.15504479
0.27576522  0.15387207
0.26002056  0.15249989
0.24451281  0.15092131
0.22925931  0.14912865
0.21427820  0.14711353
0.19958848  0.14486685
0.18521000  0.14237885
0.17116350  0.13963914
0.15747063  0.13663669
0.14415394  0.13335990
0.13123695  0.12979658
0.11874410  0.12593399
0.10670084  0.12175890
0.09513360  0.11725754
0.08406985  0.11241571
0.07353805  0.10721872
0.06356777  0.10165149
0.05418962  0.09569852
0.04543531  0.08934395
0.03733766  0.08257155
0.02993063  0.07536479
0.02324933  0.06770682
0.01733003  0.05958051
0.01221019  0.05096850
0.00792850  0.04185317
0.00452485  0.03221671
0.00204040  0.02204115
0.00051754  0.01130834
0.00000000  0.00000000
0.00000000  0.00000000
0.00051754  -0.01065268
0.00204040  -0.01986220
0.00452485  -0.02776126
0.00792850  -0.03447565
0.01221019  -0.04012436
0.01733003  -0.04481977
0.02324933  -0.04866775
0.02993063  -0.05176788
0.03733766  -0.05421355
0.04543531  -0.05609210
0.05418962  -0.05748502
0.06356777  -0.05846806
0.07353805  -0.05911140
0.08406985  -0.05947978
0.09513360  -0.05963268
0.10670084  -0.05962444
0.11874410  -0.05950443
0.13123695  -0.05931719
0.14415394  -0.05910258
0.15747063  -0.05889595
0.17116350  -0.05872826
0.18521000  -0.05862623
0.19958848  -0.05861255
0.21427820  -0.05870593
0.22925931  -0.05892134
0.24451281  -0.05927012
0.26002056  -0.05976013
0.27576522  -0.06039589
0.29173028  -0.06117877
0.30790000  -0.06210710
0.32425942  -0.06317635
0.34079431  -0.06437925
0.35749120  -0.06570596
0.37433730  -0.06714422
0.39132052  -0.06867950
0.40842945  -0.07029513
0.42565331  -0.07197248
0.44298198  -0.07369109
0.46040593  -0.07542884
0.47791625  -0.07716206
0.49550459  -0.07886574
0.51316314  -0.08051363
0.53088467  -0.08207840
0.54866242  -0.08353180
0.56649016  -0.08484482
0.58436214  -0.08598783
0.60227305  -0.08693070
0.62021803  -0.08764301
0.63819266  -0.08809415
0.65619289  -0.08825349
0.67421508  -0.08809054
0.69225594  -0.08757508
0.71031254  -0.08667731
0.72838225  -0.08536802
0.74646278  -0.08361873
0.76455210  -0.08140184
0.78264847  -0.07869077
0.80075038  -0.07546012
0.81885656  -0.07168584
0.83696596  -0.06734534
0.85507770  -0.06241766
0.87319109  -0.05688362
0.89130559  -0.05072599
0.90942079  -0.04392959
0.92753640  -0.03648150
0.94565221  -0.02837117
0.96376812  -0.01959056
0.98188406  -0.01013434
1.00000000  0.00000000
