NN12002
1.00000000  0.00000000
0.98188406  0.01569029
0.96376812  0.03018593
0.94565221  0.04354137
0.92753640  0.05580978
0.90942079  0.06704299
0.89130559  0.07729156
0.87319109  0.08660473
0.85507770  0.09503042
0.83696596  0.10261526
0.81885656  0.10940458
0.80075038  0.11544238
0.78264847  0.12077137
0.76455210  0.12543294
0.74646278  0.12946719
0.72838225  0.13291288
0.71031254  0.13580748
0.69225594  0.13818715
0.67421508  0.14008674
0.65619289  0.14153976
0.63819266  0.14257845
0.62021803  0.14323371
0.60227305  0.14353513
0.58436214  0.14351099
0.56649016  0.14318826
0.54866242  0.14259258
0.53088467  0.14174828
0.51316314  0.14067840
0.49550459  0.13940461
0.47791625  0.13794731
0.46040593  0.13632557
0.44298198  0.13455712
0.42565331  0.13265839
0.40842945  0.13064451
0.39132052  0.12852924
0.37433730  0.12632505
0.35749120  0.12404311
0.34079431  0.12169322
0.32425942  0.11928389
0.30790000  0.11682230
0.29173028  0.11431430
0.27576522  0.11176443
0.26002056  0.10917589
0.24451281  0.10655057
0.22925931  0.10388903
0.21427820  0.10119048
0.19958848  0.09845285
0.18521000  0.09567269
0.17116350  0.09284527
0.15747063  0.08996451
0.14415394  0.08702299
0.13123695  0.08401199
0.11874410  0.08092142
0.10670084  0.07773990
0.09513360  0.07445470
0.08406985  0.07105175
0.07353805  0.06751567
0.06356777  0.06382972
0.05418962  0.05997586
0.04543531  0.05593468
0.03733766  0.05168547
0.02993063  0.04720616
0.02324933  0.04247336
0.01733003  0.03746234
0.01221019  0.03214702
0.00792850  0.02650000
0.00452485  0.02049254
0.00204040  0.01409455
0.00051754  0.00727463
0.00000000  0.00000000
0.00000000  0.00000000
0.00051754  -0.01104931
0.00204040  -0.02077036
0.00452485  -0.02926269
0.00792850  -0.03662123
0.01221019  -0.04293641
0.01733003  -0.04829422
0.02324933  -0.05277633
0.02993063  -0.05646022
0.03733766  -0.05941924
0.04543531  -0.06172271
0.05418962  -0.06343606
0.06356777  -0.06462088
0.07353805  -0.06533509
0.08406985  -0.06563295
0.09513360  -0.06556523
0.10670084  -0.06517930
0.11874410  -0.06451919
0.13123695  -0.06362574
0.14415394  -0.06253668
0.15747063  -0.06128673
0.17116350  -0.05990770
0.18521000  -0.05842857
0.19958848  -0.05687566
0.21427820  -0.05527265
0.22925931  -0.05364071
0.24451281  -0.05199863
0.26002056  -0.05036287
0.27576522  -0.04874770
0.29173028  -0.04716529
0.30790000  -0.04562580
0.32425942  -0.04413748
0.34079431  -0.04270678
0.35749120  -0.04133847
0.37433730  -0.04003570
0.39132052  -0.03880011
0.40842945  -0.03763198
0.42565331  -0.03653024
0.44298198  -0.03549266
0.46040593  -0.03451590
0.47791625  -0.03359562
0.49550459  -0.03272659
0.51316314  -0.03190278
0.53088467  -0.03111745
0.54866242  -0.03036330
0.56649016  -0.02963251
0.58436214  -0.02891686
0.60227305  -0.02820787
0.62021803  -0.02749684
0.63819266  -0.02677497
0.65619289  -0.02603351
0.67421508  -0.02526378
0.69225594  -0.02445733
0.71031254  -0.02360600
0.72838225  -0.02270208
0.74646278  -0.02173832
0.76455210  -0.02070814
0.78264847  -0.01960562
0.80075038  -0.01842569
0.81885656  -0.01716418
0.83696596  -0.01581793
0.85507770  -0.01438491
0.87319109  -0.01286429
0.89130559  -0.01125656
0.90942079  -0.00956365
0.92753640  -0.00778898
0.94565221  -0.00593759
0.96376812  -0.00401625
0.98188406  -0.00203355
1.00000000  0.00000000
