NN12128
1.00000000  0.00000000
0.98188406  0.00524403
0.96376812  0.01063270
0.94565221  0.01611531
0.92753640  0.02164495
0.90942079  0.02717832
0.89130559  0.03267565
0.87319109  0.03810060
0.85507770  0.04342009
0.83696596  0.04860424
0.81885656  0.05362623
0.80075038  0.05846220
0.78264847  0.06309111
0.76455210  0.06749465
0.74646278  0.07165710
0.72838225  0.07556525
0.71031254  0.07920825
0.69225594  0.08257753
0.67421508  0.08566664
0.65619289  0.08847117
0.63819266  0.09098865
0.62021803  0.09321838
0.60227305  0.09516135
0.58436214  0.09682014
0.56649016  0.09819877
0.54866242  0.09930261
0.53088467  0.10013826
0.51316314  0.10071342
0.49550459  0.10103679
0.47791625  0.10111797
0.46040593  0.10096730
0.44298198  0.10059580
0.42565331  0.10001500
0.40842945  0.09923688
0.39132052  0.09827372
0.37433730  0.09713798
0.35749120  0.09584221
0.34079431  0.09439893
0.32425942  0.09282048
0.30790000  0.09111898
0.29173028  0.08930613
0.27576522  0.08739315
0.26002056  0.08539065
0.24451281  0.08330852
0.22925931  0.08115578
0.21427820  0.07894054
0.19958848  0.07666980
0.18521000  0.07434941
0.17116350  0.07198389
0.15747063  0.06957636
0.14415394  0.06712841
0.13123695  0.06463999
0.11874410  0.06210927
0.10670084  0.05953259
0.09513360  0.05690425
0.08406985  0.05421648
0.07353805  0.05145927
0.06356777  0.04862031
0.05418962  0.04568480
0.04543531  0.04263540
0.03733766  0.03945210
0.02993063  0.03611209
0.02324933  0.03258963
0.01733003  0.02885599
0.01221019  0.02487929
0.00792850  0.02062440
0.00452485  0.01605281
0.00204040  0.01112255
0.00051754  0.00578805
0.00000000  0.00000000
0.00000000  0.00000000
0.00051754  -0.00338996
0.00204040  -0.00639869
0.00452485  -0.00904817
0.00792850  -0.01135963
0.01221019  -0.01335356
0.01733003  -0.01504978
0.02324933  -0.01646739
0.02993063  -0.01762479
0.03733766  -0.01853975
0.04543531  -0.01922934
0.05418962  -0.01971001
0.06356777  -0.01999757
0.07353805  -0.02010721
0.08406985  -0.02005352
0.09513360  -0.01985049
0.10670084  -0.01951152
0.11874410  -0.01904947
0.13123695  -0.01847662
0.14415394  -0.01780472
0.15747063  -0.01704500
0.17116350  -0.01620814
0.18521000  -0.01530436
0.19958848  -0.01434337
0.21427820  -0.01333440
0.22925931  -0.01228622
0.24451281  -0.01120716
0.26002056  -0.01010509
0.27576522  -0.00898748
0.29173028  -0.00786137
0.30790000  -0.00673340
0.32425942  -0.00560985
0.34079431  -0.00449659
0.35749120  -0.00339917
0.37433730  -0.00232275
0.39132052  -0.00127218
0.40842945  -0.00025200
0.42565331  0.00073358
0.44298198  0.00168063
0.46040593  0.00258551
0.47791625  0.00344486
0.49550459  0.00425555
0.51316314  0.00501472
0.53088467  0.00571971
0.54866242  0.00636811
0.56649016  0.00695770
0.58436214  0.00748643
0.60227305  0.00795247
0.62021803  0.00835413
0.63819266  0.00868987
0.65619289  0.00895830
0.67421508  0.00915816
0.69225594  0.00928829
0.71031254  0.00934763
0.72838225  0.00933522
0.74646278  0.00925017
0.76455210  0.00909165
0.78264847  0.00885889
0.80075038  0.00855113
0.81885656  0.00816765
0.83696596  0.00770774
0.85507770  0.00717069
0.87319109  0.00655577
0.89130559  0.00586221
0.90942079  0.00508922
0.92753640  0.00423592
0.94565221  0.00330141
0.96376812  0.00228467
0.98188406  0.00118460
1.00000000  0.00000000
