NN12380
1.00000000  0.00000000
0.98188406  0.01188284
0.96376812  0.02302503
0.94565221  0.03345661
0.92753640  0.04320660
0.90942079  0.05230304
0.89130559  0.06077295
0.87319109  0.06864242
0.85507770  0.07593659
0.83696596  0.08267967
0.81885656  0.08889498
0.80075038  0.09460495
0.78264847  0.09983117
0.76455210  0.10459436
0.74646278  0.10891444
0.72838225  0.11281053
0.71031254  0.11630096
0.69225594  0.11940330
0.67421508  0.12213440
0.65619289  0.12451037
0.63819266  0.12654663
0.62021803  0.12825792
0.60227305  0.12965832
0.58436214  0.13076128
0.56649016  0.13157961
0.54866242  0.13212555
0.53088467  0.13241075
0.51316314  0.13244629
0.49550459  0.13224273
0.47791625  0.13181011
0.46040593  0.13115797
0.44298198  0.13029536
0.42565331  0.12923091
0.40842945  0.12797277
0.39132052  0.12652871
0.37433730  0.12490607
0.35749120  0.12311185
0.34079431  0.12115266
0.32425942  0.11903481
0.30790000  0.11676425
0.29173028  0.11434668
0.27576522  0.11178751
0.26002056  0.10909187
0.24451281  0.10626469
0.22925931  0.10331067
0.21427820  0.10023432
0.19958848  0.09703997
0.18521000  0.09373180
0.17116350  0.09031387
0.15747063  0.08679009
0.14415394  0.08316431
0.13123695  0.07944031
0.11874410  0.07562178
0.10670084  0.07171242
0.09513360  0.06771590
0.08406985  0.06363588
0.07353805  0.05947609
0.06356777  0.05524026
0.05418962  0.05093222
0.04543531  0.04655589
0.03733766  0.04211527
0.02993063  0.03761452
0.02324933  0.03305793
0.01733003  0.02844998
0.01221019  0.02379531
0.00792850  0.01909879
0.00452485  0.01436552
0.00204040  0.00960084
0.00051754  0.00481036
0.00000000  0.00000000
0.00000000  0.00000000
0.00051754  -0.01158502
0.00204040  -0.02209944
0.00452485  -0.03160404
0.00792850  -0.04015683
0.01221019  -0.04781309
0.01733003  -0.05462549
0.02324933  -0.06064413
0.02993063  -0.06591666
0.03733766  -0.07048836
0.04543531  -0.07440219
0.05418962  -0.07769892
0.06356777  -0.08041721
0.07353805  -0.08259365
0.08406985  -0.08426288
0.09513360  -0.08545769
0.10670084  -0.08620905
0.11874410  -0.08654624
0.13123695  -0.08649692
0.14415394  -0.08608723
0.15747063  -0.08534182
0.17116350  -0.08428402
0.18521000  -0.08293583
0.19958848  -0.08131808
0.21427820  -0.07945049
0.22925931  -0.07735172
0.24451281  -0.07503951
0.26002056  -0.07253073
0.27576522  -0.06984147
0.29173028  -0.06698713
0.30790000  -0.06398249
0.32425942  -0.06084182
0.34079431  -0.05757894
0.35749120  -0.05420730
0.37433730  -0.05074010
0.39132052  -0.04719035
0.40842945  -0.04357094
0.42565331  -0.03989474
0.44298198  -0.03617469
0.46040593  -0.03242390
0.47791625  -0.02865566
0.49550459  -0.02488363
0.51316314  -0.02112185
0.53088467  -0.01738482
0.54866242  -0.01368765
0.56649016  -0.01004607
0.58436214  -0.00647658
0.60227305  -0.00299647
0.62021803  0.00037605
0.63819266  0.00362177
0.65619289  0.00672043
0.67421508  0.00965060
0.69225594  0.01238959
0.71031254  0.01491342
0.72838225  0.01719667
0.74646278  0.01921242
0.76455210  0.02093221
0.78264847  0.02232588
0.80075038  0.02336152
0.81885656  0.02400542
0.83696596  0.02422194
0.85507770  0.02397342
0.87319109  0.02322013
0.89130559  0.02192019
0.90942079  0.02002944
0.92753640  0.01750139
0.94565221  0.01428714
0.96376812  0.01033527
0.98188406  0.00559178
1.00000000  0.00000000
