NN1327
1.00000000  0.00000000
0.98188406  0.01220334
0.96376812  0.02371324
0.94565221  0.03455086
0.92753640  0.04473760
0.90942079  0.05429504
0.89130559  0.06324489
0.87319109  0.07160894
0.85507770  0.07940905
0.83696596  0.08666705
0.81885656  0.09340472
0.80075038  0.09964375
0.78264847  0.10540570
0.76455210  0.11071191
0.74646278  0.11558351
0.72838225  0.12004134
0.71031254  0.12410590
0.69225594  0.12779734
0.67421508  0.13113535
0.65619289  0.13413919
0.63819266  0.13682759
0.62021803  0.13921872
0.60227305  0.14133014
0.58436214  0.14317877
0.56649016  0.14478080
0.54866242  0.14615171
0.53088467  0.14730617
0.51316314  0.14825801
0.49550459  0.14902019
0.47791625  0.14960471
0.46040593  0.15002262
0.44298198  0.15028393
0.42565331  0.15039760
0.40842945  0.15037144
0.39132052  0.15021212
0.37433730  0.14992511
0.35749120  0.14951459
0.34079431  0.14898347
0.32425942  0.14833330
0.30790000  0.14756423
0.29173028  0.14667498
0.27576522  0.14566277
0.26002056  0.14452330
0.24451281  0.14325067
0.22925931  0.14183737
0.21427820  0.14027422
0.19958848  0.13855031
0.18521000  0.13665296
0.17116350  0.13456769
0.15747063  0.13227817
0.14415394  0.12976614
0.13123695  0.12701140
0.11874410  0.12399175
0.10670084  0.12068297
0.09513360  0.11705872
0.08406985  0.11309053
0.07353805  0.10874776
0.06356777  0.10399752
0.05418962  0.09880467
0.04543531  0.09313173
0.03733766  0.08693885
0.02993063  0.08018379
0.02324933  0.07282181
0.01733003  0.06480571
0.01221019  0.05608568
0.00792850  0.04660937
0.00452485  0.03632173
0.00204040  0.02516506
0.00051754  0.01307890
0.00000000  0.00000000
0.00000000  0.00000000
0.00051754  -0.01211732
0.00204040  -0.02252254
0.00452485  -0.03136440
0.00792850  -0.03878408
0.01221019  -0.04491537
0.01733003  -0.04988483
0.02324933  -0.05381198
0.02993063  -0.05680947
0.03733766  -0.05898322
0.04543531  -0.06043263
0.05418962  -0.06125074
0.06356777  -0.06152439
0.07353805  -0.06133439
0.08406985  -0.06075573
0.09513360  -0.05985769
0.10670084  -0.05870405
0.11874410  -0.05735328
0.13123695  -0.05585865
0.14415394  -0.05426845
0.15747063  -0.05262616
0.17116350  -0.05097060
0.18521000  -0.04933611
0.19958848  -0.04775272
0.21427820  -0.04624633
0.22925931  -0.04483887
0.24451281  -0.04354849
0.26002056  -0.04238970
0.27576522  -0.04137356
0.29173028  -0.04050787
0.30790000  -0.03979730
0.32425942  -0.03924360
0.34079431  -0.03884573
0.35749120  -0.03860009
0.37433730  -0.03850062
0.39132052  -0.03853905
0.40842945  -0.03870500
0.42565331  -0.03898618
0.44298198  -0.03936859
0.46040593  -0.03983663
0.47791625  -0.04037333
0.49550459  -0.04096048
0.51316314  -0.04157883
0.53088467  -0.04220825
0.54866242  -0.04282790
0.56649016  -0.04341638
0.58436214  -0.04395196
0.60227305  -0.04441269
0.62021803  -0.04477660
0.63819266  -0.04502188
0.65619289  -0.04512701
0.67421508  -0.04507100
0.69225594  -0.04483348
0.71031254  -0.04439496
0.72838225  -0.04373690
0.74646278  -0.04284199
0.76455210  -0.04169421
0.78264847  -0.04027912
0.80075038  -0.03858392
0.81885656  -0.03659769
0.83696596  -0.03431155
0.85507770  -0.03171880
0.87319109  -0.02881515
0.89130559  -0.02559882
0.90942079  -0.02207078
0.92753640  -0.01823485
0.94565221  -0.01409796
0.96376812  -0.00967023
0.98188406  -0.00496521
1.00000000  0.00000000
