NN13460
1.00000000  0.00000000
0.98188406  0.00524258
0.96376812  0.01014128
0.94565221  0.01473321
0.92753640  0.01905271
0.90942079  0.02313150
0.89130559  0.02699868
0.87319109  0.03068084
0.85507770  0.03420216
0.83696596  0.03758445
0.81885656  0.04084725
0.80075038  0.04400788
0.78264847  0.04708158
0.76455210  0.05008150
0.74646278  0.05301885
0.72838225  0.05590294
0.71031254  0.05874129
0.69225594  0.06153966
0.67421508  0.06430216
0.65619289  0.06703133
0.63819266  0.06972820
0.62021803  0.07239238
0.60227305  0.07502214
0.58436214  0.07761446
0.56649016  0.08016516
0.54866242  0.08266893
0.53088467  0.08511941
0.51316314  0.08750931
0.49550459  0.08983045
0.47791625  0.09207383
0.46040593  0.09422974
0.44298198  0.09628782
0.42565331  0.09823715
0.40842945  0.10006629
0.39132052  0.10176341
0.37433730  0.10331633
0.35749120  0.10471261
0.34079431  0.10593964
0.32425942  0.10698468
0.30790000  0.10783499
0.29173028  0.10847787
0.27576522  0.10890073
0.26002056  0.10909121
0.24451281  0.10903723
0.22925931  0.10872705
0.21427820  0.10814939
0.19958848  0.10729348
0.18521000  0.10614913
0.17116350  0.10470684
0.15747063  0.10295785
0.14415394  0.10089422
0.13123695  0.09850891
0.11874410  0.09579588
0.10670084  0.09275014
0.09513360  0.08936782
0.08406985  0.08564629
0.07353805  0.08158419
0.06356777  0.07718154
0.05418962  0.07243981
0.04543531  0.06736197
0.03733766  0.06195262
0.02993063  0.05621803
0.02324933  0.05016621
0.01733003  0.04380703
0.01221019  0.03715226
0.00792850  0.03021565
0.00452485  0.02301303
0.00204040  0.01556237
0.00051754  0.00788386
0.00000000  0.00000000
0.00000000  0.00000000
0.00051754  -0.00844133
0.00204040  -0.01602113
0.00452485  -0.02279343
0.00792850  -0.02881013
0.01221019  -0.03412095
0.01733003  -0.03877355
0.02324933  -0.04281355
0.02993063  -0.04628453
0.03733766  -0.04922816
0.04543531  -0.05168417
0.05418962  -0.05369041
0.06356777  -0.05528292
0.07353805  -0.05649595
0.08406985  -0.05736199
0.09513360  -0.05791187
0.10670084  -0.05817472
0.11874410  -0.05817810
0.13123695  -0.05794798
0.14415394  -0.05750880
0.15747063  -0.05688353
0.17116350  -0.05609369
0.18521000  -0.05515944
0.19958848  -0.05409953
0.21427820  -0.05293147
0.22925931  -0.05167144
0.24451281  -0.05033444
0.26002056  -0.04893429
0.27576522  -0.04748366
0.29173028  -0.04599414
0.30790000  -0.04447626
0.32425942  -0.04293957
0.34079431  -0.04139263
0.35749120  -0.03984310
0.37433730  -0.03829776
0.39132052  -0.03676257
0.40842945  -0.03524269
0.42565331  -0.03374253
0.44298198  -0.03226582
0.46040593  -0.03081562
0.47791625  -0.02939438
0.49550459  -0.02800398
0.51316314  -0.02664576
0.53088467  -0.02532060
0.54866242  -0.02402891
0.56649016  -0.02277074
0.58436214  -0.02154575
0.60227305  -0.02035331
0.62021803  -0.01919252
0.63819266  -0.01806226
0.65619289  -0.01696122
0.67421508  -0.01588796
0.69225594  -0.01484094
0.71031254  -0.01381858
0.72838225  -0.01281929
0.74646278  -0.01184151
0.76455210  -0.01088377
0.78264847  -0.00994472
0.80075038  -0.00902317
0.81885656  -0.00811815
0.83696596  -0.00722894
0.85507770  -0.00635512
0.87319109  -0.00549660
0.89130559  -0.00465368
0.90942079  -0.00382710
0.92753640  -0.00301804
0.94565221  -0.00222823
0.96376812  -0.00145993
0.98188406  -0.00071602
1.00000000  0.00000000
