NN13992
1.00000000  0.00000000
0.98188406  0.01465065
0.96376812  0.02847424
0.94565221  0.04148101
0.92753640  0.05368255
0.90942079  0.06509175
0.89130559  0.07572271
0.87319109  0.08559069
0.85507770  0.09471201
0.83696596  0.10310404
0.81885656  0.11078505
0.80075038  0.11777420
0.78264847  0.12409145
0.76455210  0.12975751
0.74646278  0.13479371
0.72838225  0.13922203
0.71031254  0.14306492
0.69225594  0.14634532
0.67421508  0.14908655
0.65619289  0.15131223
0.63819266  0.15304623
0.62021803  0.15431262
0.60227305  0.15513555
0.58436214  0.15553922
0.56649016  0.15554779
0.54866242  0.15518532
0.53088467  0.15447571
0.51316314  0.15344261
0.49550459  0.15210936
0.47791625  0.15049892
0.46040593  0.14863379
0.44298198  0.14653598
0.42565331  0.14422689
0.40842945  0.14172727
0.39132052  0.13905713
0.37433730  0.13623569
0.35749120  0.13328132
0.34079431  0.13021143
0.32425942  0.12704244
0.30790000  0.12378968
0.29173028  0.12046735
0.27576522  0.11708844
0.26002056  0.11366463
0.24451281  0.11020627
0.22925931  0.10672228
0.21427820  0.10322010
0.19958848  0.09970558
0.18521000  0.09618297
0.17116350  0.09265479
0.15747063  0.08912181
0.14415394  0.08558297
0.13123695  0.08203526
0.11874410  0.07847373
0.10670084  0.07489137
0.09513360  0.07127904
0.08406985  0.06762543
0.07353805  0.06391696
0.06356777  0.06013773
0.05418962  0.05626945
0.04543531  0.05229134
0.03733766  0.04818011
0.02993063  0.04390986
0.02324933  0.03945201
0.01733003  0.03477524
0.01221019  0.02984541
0.00792850  0.02462550
0.00452485  0.01907556
0.00204040  0.01315257
0.00051754  0.00681047
0.00000000  0.00000000
0.00000000  0.00000000
0.00051754  -0.00107325
0.00204040  -0.00215059
0.00452485  -0.00324905
0.00792850  -0.00438332
0.01221019  -0.00556585
0.01733003  -0.00680695
0.02324933  -0.00811485
0.02993063  -0.00949585
0.03733766  -0.01095435
0.04543531  -0.01249300
0.05418962  -0.01411274
0.06356777  -0.01581294
0.07353805  -0.01759144
0.08406985  -0.01944471
0.09513360  -0.02136788
0.10670084  -0.02335488
0.11874410  -0.02539847
0.13123695  -0.02749043
0.14415394  -0.02962156
0.15747063  -0.03178181
0.17116350  -0.03396039
0.18521000  -0.03614584
0.19958848  -0.03832611
0.21427820  -0.04048869
0.22925931  -0.04262068
0.24451281  -0.04470888
0.26002056  -0.04673989
0.27576522  -0.04870021
0.29173028  -0.05057630
0.30790000  -0.05235472
0.32425942  -0.05402220
0.34079431  -0.05556571
0.35749120  -0.05697260
0.37433730  -0.05823065
0.39132052  -0.05932818
0.40842945  -0.06025417
0.42565331  -0.06099828
0.44298198  -0.06155103
0.46040593  -0.06190383
0.47791625  -0.06204909
0.49550459  -0.06198034
0.51316314  -0.06169227
0.53088467  -0.06118086
0.54866242  -0.06044349
0.56649016  -0.05947897
0.58436214  -0.05828770
0.60227305  -0.05687170
0.62021803  -0.05523478
0.63819266  -0.05338254
0.65619289  -0.05132255
0.67421508  -0.04906438
0.69225594  -0.04661973
0.71031254  -0.04400250
0.72838225  -0.04122889
0.74646278  -0.03831751
0.76455210  -0.03528943
0.78264847  -0.03216833
0.80075038  -0.02898054
0.81885656  -0.02575517
0.83696596  -0.02252418
0.85507770  -0.01932248
0.87319109  -0.01618803
0.89130559  -0.01316192
0.90942079  -0.01028846
0.92753640  -0.00761531
0.94565221  -0.00519351
0.96376812  -0.00307764
0.98188406  -0.00132585
1.00000000  0.00000000
