NN13443
1.00000000  0.00000000
0.98188406  0.01793863
0.96376812  0.03507460
0.94565221  0.05140477
0.92753640  0.06692801
0.90942079  0.08164514
0.89130559  0.09555887
0.87319109  0.10867370
0.85507770  0.12099581
0.83696596  0.13253301
0.81885656  0.14329464
0.80075038  0.15329149
0.78264847  0.16253572
0.76455210  0.17104074
0.74646278  0.17882117
0.72838225  0.18589276
0.71031254  0.19227224
0.69225594  0.19797730
0.67421508  0.20302649
0.65619289  0.20743912
0.63819266  0.21123518
0.62021803  0.21443527
0.60227305  0.21706050
0.58436214  0.21913239
0.56649016  0.22067284
0.54866242  0.22170398
0.53088467  0.22224812
0.51316314  0.22232768
0.49550459  0.22196507
0.47791625  0.22118261
0.46040593  0.22000247
0.44298198  0.21844656
0.42565331  0.21653648
0.40842945  0.21429337
0.39132052  0.21173791
0.37433730  0.20889016
0.35749120  0.20576953
0.34079431  0.20239464
0.32425942  0.19878329
0.30790000  0.19495236
0.29173028  0.19091769
0.27576522  0.18669405
0.26002056  0.18229500
0.24451281  0.17773286
0.22925931  0.17301858
0.21427820  0.16816167
0.19958848  0.16317015
0.18521000  0.15805038
0.17116350  0.15280708
0.15747063  0.14744315
0.14415394  0.14195968
0.13123695  0.13635576
0.11874410  0.13062848
0.10670084  0.12477282
0.09513360  0.11878153
0.08406985  0.11264511
0.07353805  0.10635165
0.06356777  0.09988683
0.05418962  0.09323376
0.04543531  0.08637293
0.03733766  0.07928212
0.02993063  0.07193633
0.02324933  0.06430766
0.01733003  0.05636527
0.01221019  0.04807525
0.00792850  0.03940056
0.00452485  0.03030095
0.00204040  0.02073286
0.00051754  0.01064935
0.00000000  0.00000000
0.00000000  0.00000000
0.00051754  -0.01054271
0.00204040  -0.01954136
0.00452485  -0.02712709
0.00792850  -0.03342428
0.01221019  -0.03855073
0.01733003  -0.04261779
0.02324933  -0.04573058
0.02993063  -0.04798809
0.03733766  -0.04948342
0.04543531  -0.05030389
0.05418962  -0.05053121
0.06356777  -0.05024168
0.07353805  -0.04950633
0.08406985  -0.04839109
0.09513360  -0.04695697
0.10670084  -0.04526019
0.11874410  -0.04335240
0.13123695  -0.04128080
0.14415394  -0.03908833
0.15747063  -0.03681382
0.17116350  -0.03449216
0.18521000  -0.03215450
0.19958848  -0.02982835
0.21427820  -0.02753782
0.22925931  -0.02530372
0.24451281  -0.02314377
0.26002056  -0.02107274
0.27576522  -0.01910266
0.29173028  -0.01724290
0.30790000  -0.01550044
0.32425942  -0.01387996
0.34079431  -0.01238404
0.35749120  -0.01101331
0.37433730  -0.00976664
0.39132052  -0.00864128
0.40842945  -0.00763303
0.42565331  -0.00673643
0.44298198  -0.00594489
0.46040593  -0.00525090
0.47791625  -0.00464613
0.49550459  -0.00412169
0.51316314  -0.00366819
0.53088467  -0.00327600
0.54866242  -0.00293536
0.56649016  -0.00263655
0.58436214  -0.00237009
0.60227305  -0.00212687
0.62021803  -0.00189833
0.63819266  -0.00167662
0.65619289  -0.00145480
0.67421508  -0.00122693
0.69225594  -0.00098834
0.71031254  -0.00073569
0.72838225  -0.00046723
0.74646278  -0.00018288
0.76455210  0.00011553
0.78264847  0.00042414
0.80075038  0.00073687
0.81885656  0.00104527
0.83696596  0.00133835
0.85507770  0.00160241
0.87319109  0.00182086
0.89130559  0.00197409
0.90942079  0.00203926
0.92753640  0.00199019
0.94565221  0.00179712
0.96376812  0.00142662
0.98188406  0.00084136
1.00000000  0.00000000
