NN13950
1.00000000  0.00000000
0.98188406  0.00807151
0.96376812  0.01607113
0.94565221  0.02399827
0.92753640  0.03185088
0.90942079  0.03962549
0.89130559  0.04731734
0.87319109  0.05492045
0.85507770  0.06242768
0.83696596  0.06983083
0.81885656  0.07712072
0.80075038  0.08428726
0.78264847  0.09131956
0.76455210  0.09820597
0.74646278  0.10493420
0.72838225  0.11149136
0.71031254  0.11786408
0.69225594  0.12403859
0.67421508  0.13000077
0.65619289  0.13573625
0.63819266  0.14123049
0.62021803  0.14646889
0.60227305  0.15143680
0.58436214  0.15611967
0.56649016  0.16050311
0.54866242  0.16457295
0.53088467  0.16831536
0.51316314  0.17171690
0.49550459  0.17476461
0.47791625  0.17744609
0.46040593  0.17974959
0.44298198  0.18166409
0.42565331  0.18317938
0.40842945  0.18428612
0.39132052  0.18497596
0.37433730  0.18524159
0.35749120  0.18507684
0.34079431  0.18447675
0.32425942  0.18343766
0.30790000  0.18195728
0.29173028  0.18003478
0.27576522  0.17767088
0.26002056  0.17486791
0.24451281  0.17162990
0.22925931  0.16796268
0.21427820  0.16387392
0.19958848  0.15937327
0.18521000  0.15447238
0.17116350  0.14918502
0.15747063  0.14352715
0.14415394  0.13751701
0.13123695  0.13117517
0.11874410  0.12452466
0.10670084  0.11759103
0.09513360  0.11040239
0.08406985  0.10298957
0.07353805  0.09538614
0.06356777  0.08762852
0.05418962  0.07975604
0.04543531  0.07181105
0.03733766  0.06383898
0.02993063  0.05588843
0.02324933  0.04801125
0.01733003  0.04026260
0.01221019  0.03270108
0.00792850  0.02538877
0.00452485  0.01839132
0.00204040  0.01177804
0.00051754  0.00562198
0.00000000  0.00000000
0.00000000  0.00000000
0.00051754  -0.00309558
0.00204040  -0.00585121
0.00452485  -0.00831628
0.00792850  -0.01053611
0.01221019  -0.01255212
0.01733003  -0.01440192
0.02324933  -0.01611951
0.02993063  -0.01773533
0.03733766  -0.01927646
0.04543531  -0.02076671
0.05418962  -0.02222680
0.06356777  -0.02367444
0.07353805  -0.02512450
0.08406985  -0.02658914
0.09513360  -0.02807791
0.10670084  -0.02959793
0.11874410  -0.03115401
0.13123695  -0.03274875
0.14415394  -0.03438272
0.15747063  -0.03605456
0.17116350  -0.03776115
0.18521000  -0.03949769
0.19958848  -0.04125787
0.21427820  -0.04303402
0.22925931  -0.04481718
0.24451281  -0.04659731
0.26002056  -0.04836337
0.27576522  -0.05010347
0.29173028  -0.05180501
0.30790000  -0.05345479
0.32425942  -0.05503919
0.34079431  -0.05654424
0.35749120  -0.05795581
0.37433730  -0.05925972
0.39132052  -0.06044185
0.40842945  -0.06148834
0.42565331  -0.06238564
0.44298198  -0.06312070
0.46040593  -0.06368110
0.47791625  -0.06405514
0.49550459  -0.06423204
0.51316314  -0.06420202
0.53088467  -0.06395644
0.54866242  -0.06348796
0.56649016  -0.06279066
0.58436214  -0.06186017
0.60227305  -0.06069378
0.62021803  -0.05929065
0.63819266  -0.05765184
0.65619289  -0.05578051
0.67421508  -0.05368207
0.69225594  -0.05136423
0.71031254  -0.04883722
0.72838225  -0.04611389
0.74646278  -0.04320982
0.76455210  -0.04014349
0.78264847  -0.03693640
0.80075038  -0.03361320
0.81885656  -0.03020181
0.83696596  -0.02673360
0.85507770  -0.02324347
0.87319109  -0.01977001
0.89130559  -0.01635564
0.90942079  -0.01304671
0.92753640  -0.00989368
0.94565221  -0.00695121
0.96376812  -0.00427833
0.98188406  -0.00193855
1.00000000  0.00000000
