NN13255
1.00000000  0.00000000
0.98188406  0.01959441
0.96376812  0.03790518
0.94565221  0.05496598
0.92753640  0.07081068
0.90942079  0.08547337
0.89130559  0.09898829
0.87319109  0.11138986
0.85507770  0.12271258
0.83696596  0.13299107
0.81885656  0.14226000
0.80075038  0.15055409
0.78264847  0.15790806
0.76455210  0.16435662
0.74646278  0.16993445
0.72838225  0.17467616
0.71031254  0.17861624
0.69225594  0.18178909
0.67421508  0.18422896
0.65619289  0.18596991
0.63819266  0.18704582
0.62021803  0.18749032
0.60227305  0.18733681
0.58436214  0.18661839
0.56649016  0.18536788
0.54866242  0.18361773
0.53088467  0.18140006
0.51316314  0.17874660
0.49550459  0.17568865
0.47791625  0.17225709
0.46040593  0.16848233
0.44298198  0.16439428
0.42565331  0.16002234
0.40842945  0.15539536
0.39132052  0.15054161
0.37433730  0.14548878
0.35749120  0.14026391
0.34079431  0.13489342
0.32425942  0.12940303
0.30790000  0.12381776
0.29173028  0.11816188
0.27576522  0.11245895
0.26002056  0.10673169
0.24451281  0.10100205
0.22925931  0.09529112
0.21427820  0.08961914
0.19958848  0.08400544
0.18521000  0.07846845
0.17116350  0.07302565
0.15747063  0.06769355
0.14415394  0.06248766
0.13123695  0.05742248
0.11874410  0.05251143
0.10670084  0.04776688
0.09513360  0.04320010
0.08406985  0.03882120
0.07353805  0.03463916
0.06356777  0.03066177
0.05418962  0.02689561
0.04543531  0.02334602
0.03733766  0.02001709
0.02993063  0.01691160
0.02324933  0.01403102
0.01733003  0.01137550
0.01221019  0.00894379
0.00792850  0.00673326
0.00452485  0.00473986
0.00204040  0.00295809
0.00051754  0.00138096
0.00000000  0.00000000
0.00000000  0.00000000
0.00051754  -0.00277799
0.00204040  -0.00504564
0.00452485  -0.00687951
0.00792850  -0.00835077
0.01221019  -0.00952536
0.01733003  -0.01046415
0.02324933  -0.01122307
0.02993063  -0.01185324
0.03733766  -0.01240116
0.04543531  -0.01290883
0.05418962  -0.01341389
0.06356777  -0.01394978
0.07353805  -0.01454587
0.08406985  -0.01522762
0.09513360  -0.01601673
0.10670084  -0.01693127
0.11874410  -0.01798584
0.13123695  -0.01919170
0.14415394  -0.02055693
0.15747063  -0.02208658
0.17116350  -0.02378280
0.18521000  -0.02564500
0.19958848  -0.02766997
0.21427820  -0.02985208
0.22925931  -0.03218337
0.24451281  -0.03465372
0.26002056  -0.03725099
0.27576522  -0.03996117
0.29173028  -0.04276855
0.30790000  -0.04565582
0.32425942  -0.04860423
0.34079431  -0.05159376
0.35749120  -0.05460325
0.37433730  -0.05761054
0.39132052  -0.06059263
0.40842945  -0.06352579
0.42565331  -0.06638578
0.44298198  -0.06914791
0.46040593  -0.07178726
0.47791625  -0.07427875
0.49550459  -0.07659736
0.51316314  -0.07871825
0.53088467  -0.08061687
0.54866242  -0.08226915
0.56649016  -0.08365165
0.58436214  -0.08474166
0.60227305  -0.08551739
0.62021803  -0.08595809
0.63819266  -0.08604422
0.65619289  -0.08575758
0.67421508  -0.08508143
0.69225594  -0.08400071
0.71031254  -0.08250211
0.72838225  -0.08057424
0.74646278  -0.07820781
0.76455210  -0.07539573
0.78264847  -0.07213327
0.80075038  -0.06841822
0.81885656  -0.06425102
0.83696596  -0.05963493
0.85507770  -0.05457613
0.87319109  -0.04908391
0.89130559  -0.04317080
0.90942079  -0.03685271
0.92753640  -0.03014909
0.94565221  -0.02308306
0.96376812  -0.01568157
0.98188406  -0.00797554
1.00000000  0.00000000
