NN1307
1.00000000  0.00000000
0.98188406  0.00380272
0.96376812  0.00792384
0.94565221  0.01235047
0.92753640  0.01706859
0.90942079  0.02206309
0.89130559  0.02731782
0.87319109  0.03281568
0.85507770  0.03853865
0.83696596  0.04446785
0.81885656  0.05058363
0.80075038  0.05686557
0.78264847  0.06329259
0.76455210  0.06984299
0.74646278  0.07649451
0.72838225  0.08322438
0.71031254  0.09000940
0.69225594  0.09682595
0.67421508  0.10365012
0.65619289  0.11045771
0.63819266  0.11722430
0.62021803  0.12392534
0.60227305  0.13053617
0.58436214  0.13703209
0.56649016  0.14338842
0.54866242  0.14958057
0.53088467  0.15558409
0.51316314  0.16137470
0.49550459  0.16692840
0.47791625  0.17222149
0.46040593  0.17723065
0.44298198  0.18193298
0.42565331  0.18630607
0.40842945  0.19032805
0.39132052  0.19397766
0.37433730  0.19723431
0.35749120  0.20007810
0.34079431  0.20248994
0.32425942  0.20445157
0.30790000  0.20594561
0.29173028  0.20695564
0.27576522  0.20746627
0.26002056  0.20746314
0.24451281  0.20693305
0.22925931  0.20586399
0.21427820  0.20424516
0.19958848  0.20206709
0.18521000  0.19932167
0.17116350  0.19600220
0.15747063  0.19210345
0.14415394  0.18762176
0.13123695  0.18255501
0.11874410  0.17690278
0.10670084  0.17066634
0.09513360  0.16384873
0.08406985  0.15645481
0.07353805  0.14849133
0.06356777  0.13996700
0.05418962  0.13089250
0.04543531  0.12128060
0.03733766  0.11114617
0.02993063  0.10050625
0.02324933  0.08938014
0.01733003  0.07778942
0.01221019  0.06575800
0.00792850  0.05331223
0.00452485  0.04048092
0.00204040  0.02729539
0.00051754  0.01378957
0.00000000  0.00000000
0.00000000  0.00000000
0.00051754  -0.00376990
0.00204040  -0.00725032
0.00452485  -0.01043459
0.00792850  -0.01331794
0.01221019  -0.01589742
0.01733003  -0.01817185
0.02324933  -0.02014168
0.02993063  -0.02180898
0.03733766  -0.02317733
0.04543531  -0.02425174
0.05418962  -0.02503857
0.06356777  -0.02554546
0.07353805  -0.02578127
0.08406985  -0.02575597
0.09513360  -0.02548056
0.10670084  -0.02496703
0.11874410  -0.02422824
0.13123695  -0.02327789
0.14415394  -0.02213037
0.15747063  -0.02080077
0.17116350  -0.01930472
0.18521000  -0.01765838
0.19958848  -0.01587830
0.21427820  -0.01398140
0.22925931  -0.01198485
0.24451281  -0.00990602
0.26002056  -0.00776237
0.27576522  -0.00557141
0.29173028  -0.00335059
0.30790000  -0.00111725
0.32425942  0.00111149
0.34079431  0.00331878
0.35749120  0.00548813
0.37433730  0.00760348
0.39132052  0.00964930
0.40842945  0.01161063
0.42565331  0.01347322
0.44298198  0.01522352
0.46040593  0.01684883
0.47791625  0.01833737
0.49550459  0.01967830
0.51316314  0.02086189
0.53088467  0.02187951
0.54866242  0.02272376
0.56649016  0.02338854
0.58436214  0.02386911
0.60227305  0.02416219
0.62021803  0.02426603
0.63819266  0.02418046
0.65619289  0.02390704
0.67421508  0.02344904
0.69225594  0.02281162
0.71031254  0.02200182
0.72838225  0.02102869
0.74646278  0.01990336
0.76455210  0.01863909
0.78264847  0.01725141
0.80075038  0.01575811
0.81885656  0.01417940
0.83696596  0.01253793
0.85507770  0.01085892
0.87319109  0.00917019
0.89130559  0.00750225
0.90942079  0.00588840
0.92753640  0.00436479
0.94565221  0.00297050
0.96376812  0.00174763
0.98188406  0.00074135
1.00000000  0.00000000
