NN13678
1.00000000  0.00000000
0.98188406  0.02248386
0.96376812  0.04390882
0.94565221  0.06429499
0.92753640  0.08366169
0.90942079  0.10202749
0.89130559  0.11941026
0.87319109  0.13582722
0.85507770  0.15129501
0.83696596  0.16582970
0.81885656  0.17944688
0.80075038  0.19216169
0.78264847  0.20398887
0.76455210  0.21494284
0.74646278  0.22503770
0.72838225  0.23428733
0.71031254  0.24270539
0.69225594  0.25030544
0.67421508  0.25710092
0.65619289  0.26310524
0.63819266  0.26833183
0.62021803  0.27279416
0.60227305  0.27650584
0.58436214  0.27948063
0.56649016  0.28173251
0.54866242  0.28327572
0.53088467  0.28412481
0.51316314  0.28429472
0.49550459  0.28380079
0.47791625  0.28265882
0.46040593  0.28088516
0.44298198  0.27849670
0.42565331  0.27551096
0.40842945  0.27194613
0.39132052  0.26782114
0.37433730  0.26315566
0.35749120  0.25797021
0.34079431  0.25228618
0.32425942  0.24612586
0.30790000  0.23951256
0.29173028  0.23247057
0.27576522  0.22502529
0.26002056  0.21720323
0.24451281  0.20903209
0.22925931  0.20054080
0.21427820  0.19175955
0.19958848  0.18271988
0.18521000  0.17345471
0.17116350  0.16399838
0.15747063  0.15438673
0.14415394  0.14465711
0.13123695  0.13484848
0.11874410  0.12500142
0.10670084  0.11515820
0.09513360  0.10536283
0.08406985  0.09566109
0.07353805  0.08610061
0.06356777  0.07673093
0.05418962  0.06760348
0.04543531  0.05877172
0.03733766  0.05029114
0.02993063  0.04221933
0.02324933  0.03461599
0.01733003  0.02754304
0.01221019  0.02106466
0.00792850  0.01524727
0.00452485  0.01015969
0.00204040  0.00587311
0.00051754  0.00246117
0.00000000  0.00000000
0.00000000  0.00000000
0.00051754  -0.00690769
0.00204040  -0.01328580
0.00452485  -0.01917007
0.00792850  -0.02459426
0.01221019  -0.02959013
0.01733003  -0.03418755
0.02324933  -0.03841453
0.02993063  -0.04229729
0.03733766  -0.04586029
0.04543531  -0.04912634
0.05418962  -0.05211661
0.06356777  -0.05485070
0.07353805  -0.05734671
0.08406985  -0.05962127
0.09513360  -0.06168964
0.10670084  -0.06356571
0.11874410  -0.06526212
0.13123695  -0.06679026
0.14415394  -0.06816037
0.15747063  -0.06938156
0.17116350  -0.07046191
0.18521000  -0.07140850
0.19958848  -0.07222745
0.21427820  -0.07292401
0.22925931  -0.07350262
0.24451281  -0.07396693
0.26002056  -0.07431988
0.27576522  -0.07456378
0.29173028  -0.07470033
0.30790000  -0.07473067
0.32425942  -0.07465549
0.34079431  -0.07447504
0.35749120  -0.07418919
0.37433730  -0.07379753
0.39132052  -0.07329937
0.40842945  -0.07269382
0.42565331  -0.07197988
0.44298198  -0.07115643
0.46040593  -0.07022235
0.47791625  -0.06917654
0.49550459  -0.06801800
0.51316314  -0.06674587
0.53088467  -0.06535947
0.54866242  -0.06385842
0.56649016  -0.06224264
0.58436214  -0.06051240
0.60227305  -0.05866845
0.62021803  -0.05671197
0.63819266  -0.05464474
0.65619289  -0.05246911
0.67421508  -0.05018810
0.69225594  -0.04780544
0.71031254  -0.04532564
0.72838225  -0.04275404
0.74646278  -0.04009686
0.76455210  -0.03736128
0.78264847  -0.03455547
0.80075038  -0.03168866
0.81885656  -0.02877120
0.83696596  -0.02581462
0.85507770  -0.02283166
0.87319109  -0.01983636
0.89130559  -0.01684411
0.90942079  -0.01387170
0.92753640  -0.01093737
0.94565221  -0.00806088
0.96376812  -0.00526357
0.98188406  -0.00256839
1.00000000  0.00000000
