NN14894
1.00000000  0.00000000
0.98188406  0.00528496
0.96376812  0.01121406
0.94565221  0.01772319
0.92753640  0.02475012
0.90942079  0.03223444
0.89130559  0.04011760
0.87319109  0.04834286
0.85507770  0.05685531
0.83696596  0.06560183
0.81885656  0.07453110
0.80075038  0.08359359
0.78264847  0.09274151
0.76455210  0.10192887
0.74646278  0.11111139
0.72838225  0.12024656
0.71031254  0.12929358
0.69225594  0.13821337
0.67421508  0.14696854
0.65619289  0.15552342
0.63819266  0.16384399
0.62021803  0.17189793
0.60227305  0.17965456
0.58436214  0.18708486
0.56649016  0.19416145
0.54866242  0.20085856
0.53088467  0.20715205
0.51316314  0.21301937
0.49550459  0.21843960
0.47791625  0.22339335
0.46040593  0.22786285
0.44298198  0.23183184
0.42565331  0.23528567
0.40842945  0.23821117
0.39132052  0.24059673
0.37433730  0.24243225
0.35749120  0.24370913
0.34079431  0.24442027
0.32425942  0.24456004
0.30790000  0.24412431
0.29173028  0.24311037
0.27576522  0.24151700
0.26002056  0.23934438
0.24451281  0.23659416
0.22925931  0.23326936
0.21427820  0.22937445
0.19958848  0.22491525
0.18521000  0.21989901
0.17116350  0.21433431
0.15747063  0.20823111
0.14415394  0.20160072
0.13123695  0.19445580
0.11874410  0.18681031
0.10670084  0.17867955
0.09513360  0.17008011
0.08406985  0.16102989
0.07353805  0.15154806
0.06356777  0.14165506
0.05418962  0.13137262
0.04543531  0.12072368
0.03733766  0.10973245
0.02993063  0.09842435
0.02324933  0.08682603
0.01733003  0.07496533
0.01221019  0.06287130
0.00792850  0.05057417
0.00452485  0.03810534
0.00204040  0.02549737
0.00051754  0.01278397
0.00000000  0.00000000
0.00000000  0.00000000
0.00051754  -0.01256904
0.00204040  -0.02413504
0.00452485  -0.03476674
0.00792850  -0.04452847
0.01221019  -0.05348033
0.01733003  -0.06167828
0.02324933  -0.06917434
0.02993063  -0.07601674
0.03733766  -0.08225002
0.04543531  -0.08791526
0.05418962  -0.09305015
0.06356777  -0.09768920
0.07353805  -0.10186386
0.08406985  -0.10560269
0.09513360  -0.10893148
0.10670084  -0.11187345
0.11874410  -0.11444935
0.13123695  -0.11667765
0.14415394  -0.11857465
0.15747063  -0.12015468
0.17116350  -0.12143021
0.18521000  -0.12241202
0.19958848  -0.12310936
0.21427820  -0.12353006
0.22925931  -0.12368074
0.24451281  -0.12356689
0.26002056  -0.12319311
0.27576522  -0.12256318
0.29173028  -0.12168023
0.30790000  -0.12054693
0.32425942  -0.11916561
0.34079431  -0.11753840
0.35749120  -0.11566740
0.37433730  -0.11355482
0.39132052  -0.11120316
0.40842945  -0.10861530
0.42565331  -0.10579473
0.44298198  -0.10274563
0.46040593  -0.09947305
0.47791625  -0.09598307
0.49550459  -0.09228294
0.51316314  -0.08838123
0.53088467  -0.08428799
0.54866242  -0.08001487
0.56649016  -0.07557533
0.58436214  -0.07098472
0.60227305  -0.06626049
0.62021803  -0.06142231
0.63819266  -0.05649221
0.65619289  -0.05149478
0.67421508  -0.04645727
0.69225594  -0.04140976
0.71031254  -0.03638531
0.72838225  -0.03142012
0.74646278  -0.02655365
0.76455210  -0.02182883
0.78264847  -0.01729215
0.80075038  -0.01299382
0.81885656  -0.00898797
0.83696596  -0.00533274
0.85507770  -0.00209047
0.87319109  0.00067217
0.89130559  0.00288402
0.90942079  0.00446929
0.92753640  0.00534737
0.94565221  0.00543274
0.96376812  0.00463477
0.98188406  0.00285761
1.00000000  0.00000000
