NN1491
1.00000000  0.00000000
0.98188406  0.01268817
0.96376812  0.02447913
0.94565221  0.03542984
0.92753640  0.04559467
0.90942079  0.05502540
0.89130559  0.06377131
0.87319109  0.07187918
0.85507770  0.07939336
0.83696596  0.08635582
0.81885656  0.09280617
0.80075038  0.09878173
0.78264847  0.10431755
0.76455210  0.10944650
0.74646278  0.11419925
0.72838225  0.11860437
0.71031254  0.12268834
0.69225594  0.12647564
0.67421508  0.12998872
0.65619289  0.13324811
0.63819266  0.13627246
0.62021803  0.13907855
0.60227305  0.14168134
0.58436214  0.14409406
0.56649016  0.14632820
0.54866242  0.14839359
0.53088467  0.15029843
0.51316314  0.15204933
0.49550459  0.15365138
0.47791625  0.15510815
0.46040593  0.15642179
0.44298198  0.15759304
0.42565331  0.15862127
0.40842945  0.15950456
0.39132052  0.16023969
0.37433730  0.16082225
0.35749120  0.16124663
0.34079431  0.16150609
0.32425942  0.16159281
0.30790000  0.16149793
0.29173028  0.16121156
0.27576522  0.16072290
0.26002056  0.16002022
0.24451281  0.15909091
0.22925931  0.15792157
0.21427820  0.15649800
0.19958848  0.15480530
0.18521000  0.15282785
0.17116350  0.15054943
0.15747063  0.14795318
0.14415394  0.14502174
0.13123695  0.14173719
0.11874410  0.13808121
0.10670084  0.13403501
0.09513360  0.12957946
0.08406985  0.12469510
0.07353805  0.11936219
0.06356777  0.11356074
0.05418962  0.10727060
0.04543531  0.10047144
0.03733766  0.09314284
0.02993063  0.08526434
0.02324933  0.07681545
0.01733003  0.06777572
0.01221019  0.05812478
0.00792850  0.04784237
0.00452485  0.03690843
0.00204040  0.02530307
0.00051754  0.01300670
0.00000000  0.00000000
0.00000000  0.00000000
0.00051754  -0.00489644
0.00204040  -0.00882892
0.00452485  -0.01188272
0.00792850  -0.01413914
0.01221019  -0.01567555
0.01733003  -0.01656552
0.02324933  -0.01687884
0.02993063  -0.01668166
0.03733766  -0.01603653
0.04543531  -0.01500250
0.05418962  -0.01363518
0.06356777  -0.01198687
0.07353805  -0.01010656
0.08406985  -0.00804008
0.09513360  -0.00583017
0.10670084  -0.00351651
0.11874410  -0.00113586
0.13123695  0.00127788
0.14415394  0.00369361
0.15747063  0.00608291
0.17116350  0.00842000
0.18521000  0.01068164
0.19958848  0.01284703
0.21427820  0.01489778
0.22925931  0.01681778
0.24451281  0.01859315
0.26002056  0.02021214
0.27576522  0.02166507
0.29173028  0.02294423
0.30790000  0.02404382
0.32425942  0.02495983
0.34079431  0.02569001
0.35749120  0.02623378
0.37433730  0.02659211
0.39132052  0.02676746
0.40842945  0.02676375
0.42565331  0.02658619
0.44298198  0.02624126
0.46040593  0.02573662
0.47791625  0.02508103
0.49550459  0.02428424
0.51316314  0.02335695
0.53088467  0.02231071
0.54866242  0.02115786
0.56649016  0.01991139
0.58436214  0.01858495
0.60227305  0.01719268
0.62021803  0.01574920
0.63819266  0.01426949
0.65619289  0.01276881
0.67421508  0.01126266
0.69225594  0.00976663
0.71031254  0.00829638
0.72838225  0.00686755
0.74646278  0.00549565
0.76455210  0.00419599
0.78264847  0.00298364
0.80075038  0.00187329
0.81885656  0.00087920
0.83696596  0.00001512
0.85507770  -0.00070579
0.87319109  -0.00127104
0.89130559  -0.00166893
0.90942079  -0.00188854
0.92753640  -0.00191991
0.94565221  -0.00175405
0.96376812  -0.00138308
0.98188406  -0.00080023
1.00000000  0.00000000
