NN14537
1.00000000  0.00000000
0.98188406  0.01653846
0.96376812  0.03237805
0.94565221  0.04750427
0.92753640  0.06190536
0.90942079  0.07557221
0.89130559  0.08849823
0.87319109  0.10067931
0.85507770  0.11211366
0.83696596  0.12280175
0.81885656  0.13274620
0.80075038  0.14195166
0.78264847  0.15042477
0.76455210  0.15817398
0.74646278  0.16520952
0.72838225  0.17154326
0.71031254  0.17718863
0.69225594  0.18216052
0.67421508  0.18647516
0.65619289  0.19015006
0.63819266  0.19320387
0.62021803  0.19565631
0.60227305  0.19752806
0.58436214  0.19884065
0.56649016  0.19961638
0.54866242  0.19987823
0.53088467  0.19964971
0.51316314  0.19895483
0.49550459  0.19781793
0.47791625  0.19626365
0.46040593  0.19431679
0.44298198  0.19200221
0.42565331  0.18934474
0.40842945  0.18636909
0.39132052  0.18309974
0.37433730  0.17956084
0.35749120  0.17577611
0.34079431  0.17176875
0.32425942  0.16756135
0.30790000  0.16317575
0.29173028  0.15863299
0.27576522  0.15395317
0.26002056  0.14915539
0.24451281  0.14425762
0.22925931  0.13927661
0.21427820  0.13422779
0.19958848  0.12912520
0.18521000  0.12398132
0.17116350  0.11880705
0.15747063  0.11361157
0.14415394  0.10840224
0.13123695  0.10318451
0.11874410  0.09796184
0.10670084  0.09273555
0.09513360  0.08750476
0.08406985  0.08226630
0.07353805  0.07701458
0.06356777  0.07174150
0.05418962  0.06643637
0.04543531  0.06108578
0.03733766  0.05567352
0.02993063  0.05018050
0.02324933  0.04458460
0.01733003  0.03886063
0.01221019  0.03298016
0.00792850  0.02691151
0.00452485  0.02061957
0.00204040  0.01406575
0.00051754  0.00720785
0.00000000  0.00000000
0.00000000  0.00000000
0.00051754  -0.00569136
0.00204040  -0.01085832
0.00452485  -0.01555229
0.00792850  -0.01982055
0.01221019  -0.02370645
0.01733003  -0.02724952
0.02324933  -0.03048563
0.02993063  -0.03344717
0.03733766  -0.03616314
0.04543531  -0.03865937
0.05418962  -0.04095862
0.06356777  -0.04308076
0.07353805  -0.04504290
0.08406985  -0.04685957
0.09513360  -0.04854281
0.10670084  -0.05010242
0.11874410  -0.05154601
0.13123695  -0.05287921
0.14415394  -0.05410580
0.15747063  -0.05522788
0.17116350  -0.05624599
0.18521000  -0.05715928
0.19958848  -0.05796568
0.21427820  -0.05866199
0.22925931  -0.05924411
0.24451281  -0.05970713
0.26002056  -0.06004551
0.27576522  -0.06025321
0.29173028  -0.06032386
0.30790000  -0.06025093
0.32425942  -0.06002780
0.34079431  -0.05964803
0.35749120  -0.05910540
0.37433730  -0.05839412
0.39132052  -0.05750898
0.40842945  -0.05644549
0.42565331  -0.05520000
0.44298198  -0.05376993
0.46040593  -0.05215383
0.47791625  -0.05035160
0.49550459  -0.04836460
0.51316314  -0.04619581
0.53088467  -0.04385000
0.54866242  -0.04133386
0.56649016  -0.03865616
0.58436214  -0.03582790
0.60227305  -0.03286244
0.62021803  -0.02977570
0.63819266  -0.02658625
0.65619289  -0.02331552
0.67421508  -0.01998790
0.69225594  -0.01663092
0.71031254  -0.01327541
0.72838225  -0.00995561
0.74646278  -0.00670936
0.76455210  -0.00357824
0.78264847  -0.00060770
0.80075038  0.00215275
0.81885656  0.00464944
0.83696596  0.00682432
0.85507770  0.00861488
0.87319109  0.00995395
0.89130559  0.01076959
0.90942079  0.01098490
0.92753640  0.01051789
0.94565221  0.00928131
0.96376812  0.00718254
0.98188406  0.00412339
1.00000000  0.00000000
