NN1410
1.00000000  0.00000000
0.98188406  0.01130367
0.96376812  0.02197582
0.94565221  0.03204033
0.92753640  0.04152072
0.90942079  0.05044011
0.89130559  0.05882120
0.87319109  0.06668627
0.85507770  0.07405712
0.83696596  0.08095509
0.81885656  0.08740102
0.80075038  0.09341525
0.78264847  0.09901756
0.76455210  0.10422719
0.74646278  0.10906279
0.72838225  0.11354243
0.71031254  0.11768355
0.69225594  0.12150296
0.67421508  0.12501682
0.65619289  0.12824061
0.63819266  0.13118909
0.62021803  0.13387635
0.60227305  0.13631569
0.58436214  0.13851971
0.56649016  0.14050018
0.54866242  0.14226810
0.53088467  0.14383365
0.51316314  0.14520618
0.49550459  0.14639417
0.47791625  0.14740522
0.46040593  0.14824605
0.44298198  0.14892245
0.42565331  0.14943927
0.40842945  0.14980041
0.39132052  0.15000879
0.37433730  0.15006633
0.35749120  0.14997393
0.34079431  0.14973146
0.32425942  0.14933772
0.30790000  0.14879044
0.29173028  0.14808626
0.27576522  0.14722069
0.26002056  0.14618809
0.24451281  0.14498169
0.22925931  0.14359352
0.21427820  0.14201441
0.19958848  0.14023399
0.18521000  0.13824064
0.17116350  0.13602147
0.15747063  0.13356232
0.14415394  0.13084775
0.13123695  0.12786096
0.11874410  0.12458385
0.10670084  0.12099694
0.09513360  0.11707938
0.08406985  0.11280890
0.07353805  0.10816183
0.06356777  0.10311306
0.05418962  0.09763601
0.04543531  0.09170263
0.03733766  0.08528336
0.02993063  0.07834713
0.02324933  0.07086132
0.01733003  0.06279175
0.01221019  0.05410268
0.00792850  0.04475673
0.00452485  0.03471494
0.00204040  0.02393669
0.00051754  0.01237970
0.00000000  0.00000000
0.00000000  0.00000000
0.00051754  -0.00684505
0.00204040  -0.01232374
0.00452485  -0.01655310
0.00792850  -0.01964463
0.01221019  -0.02170434
0.01733003  -0.02283296
0.02324933  -0.02312603
0.02993063  -0.02267401
0.03733766  -0.02156243
0.04543531  -0.01987201
0.05418962  -0.01767878
0.06356777  -0.01505423
0.07353805  -0.01206538
0.08406985  -0.00877496
0.09513360  -0.00524153
0.10670084  -0.00151957
0.11874410  0.00234037
0.13123695  0.00629153
0.14415394  0.01029085
0.15747063  0.01429880
0.17116350  0.01827931
0.18521000  0.02219958
0.19958848  0.02603002
0.21427820  0.02974408
0.22925931  0.03331811
0.24451281  0.03673131
0.26002056  0.03996551
0.27576522  0.04300511
0.29173028  0.04583694
0.30790000  0.04845012
0.32425942  0.05083593
0.34079431  0.05298770
0.35749120  0.05490071
0.37433730  0.05657200
0.39132052  0.05800030
0.40842945  0.05918586
0.42565331  0.06013037
0.44298198  0.06083681
0.46040593  0.06130932
0.47791625  0.06155308
0.49550459  0.06157419
0.51316314  0.06137953
0.53088467  0.06097666
0.54866242  0.06037366
0.56649016  0.05957904
0.58436214  0.05860157
0.60227305  0.05745021
0.62021803  0.05613394
0.63819266  0.05466165
0.65619289  0.05304201
0.67421508  0.05128337
0.69225594  0.04939359
0.71031254  0.04737993
0.72838225  0.04524895
0.74646278  0.04300637
0.76455210  0.04065691
0.78264847  0.03820422
0.80075038  0.03565072
0.81885656  0.03299748
0.83696596  0.03024410
0.85507770  0.02738858
0.87319109  0.02442719
0.89130559  0.02135436
0.90942079  0.01816253
0.92753640  0.01484206
0.94565221  0.01138106
0.96376812  0.00776529
0.98188406  0.00397804
1.00000000  0.00000000
