NN14513
1.00000000  0.00000000
0.98188406  0.01025623
0.96376812  0.02060680
0.94565221  0.03100572
0.92753640  0.04140918
0.90942079  0.05177545
0.89130559  0.06206491
0.87319109  0.07223998
0.85507770  0.08226507
0.83696596  0.09210662
0.81885656  0.10173299
0.80075038  0.11111444
0.78264847  0.12022314
0.76455210  0.12903308
0.74646278  0.13752010
0.72838225  0.14566178
0.71031254  0.15343746
0.69225594  0.16082820
0.67421508  0.16781673
0.65619289  0.17438743
0.63819266  0.18052629
0.62021803  0.18622086
0.60227305  0.19146027
0.58436214  0.19623513
0.56649016  0.20053753
0.54866242  0.20436101
0.53088467  0.20770052
0.51316314  0.21055239
0.49550459  0.21291426
0.47791625  0.21478512
0.46040593  0.21616521
0.44298198  0.21705602
0.42565331  0.21746023
0.40842945  0.21738173
0.39132052  0.21682550
0.37433730  0.21579766
0.35749120  0.21430539
0.34079431  0.21235693
0.32425942  0.20996148
0.30790000  0.20712925
0.29173028  0.20387138
0.27576522  0.20019990
0.26002056  0.19612772
0.24451281  0.19166858
0.22925931  0.18683703
0.21427820  0.18164840
0.19958848  0.17611872
0.18521000  0.17026476
0.17116350  0.16410392
0.15747063  0.15765428
0.14415394  0.15093448
0.13123695  0.14396375
0.11874410  0.13676184
0.10670084  0.12934900
0.09513360  0.12174597
0.08406985  0.11397388
0.07353805  0.10605429
0.06356777  0.09800913
0.05418962  0.08986063
0.04543531  0.08163134
0.03733766  0.07334407
0.02993063  0.06502185
0.02324933  0.05668793
0.01733003  0.04836569
0.01221019  0.04007867
0.00792850  0.03185049
0.00452485  0.02370482
0.00204040  0.01566539
0.00051754  0.00775589
0.00000000  0.00000000
0.00000000  0.00000000
0.00051754  -0.01332879
0.00204040  -0.02536679
0.00452485  -0.03619995
0.00792850  -0.04590996
0.01221019  -0.05457443
0.01733003  -0.06226690
0.02324933  -0.06905707
0.02993063  -0.07501081
0.03733766  -0.08019034
0.04543531  -0.08465432
0.05418962  -0.08845794
0.06356777  -0.09165309
0.07353805  -0.09428841
0.08406985  -0.09640944
0.09513360  -0.09805873
0.10670084  -0.09927594
0.11874410  -0.10009798
0.13123695  -0.10055906
0.14415394  -0.10069090
0.15747063  -0.10052274
0.17116350  -0.10008153
0.18521000  -0.09939201
0.19958848  -0.09847683
0.21427820  -0.09735665
0.22925931  -0.09605027
0.24451281  -0.09457474
0.26002056  -0.09294546
0.27576522  -0.09117631
0.29173028  -0.08927975
0.30790000  -0.08726695
0.32425942  -0.08514787
0.34079431  -0.08293140
0.35749120  -0.08062548
0.37433730  -0.07823720
0.39132052  -0.07577288
0.40842945  -0.07323826
0.42565331  -0.07063854
0.44298198  -0.06797852
0.46040593  -0.06526273
0.47791625  -0.06249552
0.49550459  -0.05968118
0.51316314  -0.05682404
0.53088467  -0.05392862
0.54866242  -0.05099970
0.56649016  -0.04804246
0.58436214  -0.04506258
0.60227305  -0.04206636
0.62021803  -0.03906083
0.63819266  -0.03605386
0.65619289  -0.03305428
0.67421508  -0.03007198
0.69225594  -0.02711805
0.71031254  -0.02420486
0.72838225  -0.02134619
0.74646278  -0.01855734
0.76455210  -0.01585525
0.78264847  -0.01325860
0.80075038  -0.01078793
0.81885656  -0.00846575
0.83696596  -0.00631666
0.85507770  -0.00436746
0.87319109  -0.00264725
0.89130559  -0.00118756
0.90942079  -0.00002247
0.92753640  0.00081132
0.94565221  0.00127432
0.96376812  0.00132418
0.98188406  0.00091555
1.00000000  0.00000000
