NN1453
1.00000000  0.00000000
0.98188406  0.01599500
0.96376812  0.03052146
0.94565221  0.04367943
0.92753640  0.05556378
0.90942079  0.06626430
0.89130559  0.07586590
0.87319109  0.08444873
0.85507770  0.09208830
0.83696596  0.09885564
0.81885656  0.10481745
0.80075038  0.11003622
0.78264847  0.11457038
0.76455210  0.11847445
0.74646278  0.12179916
0.72838225  0.12459162
0.71031254  0.12689541
0.69225594  0.12875080
0.67421508  0.13019482
0.65619289  0.13126143
0.63819266  0.13198166
0.62021803  0.13238375
0.60227305  0.13249329
0.58436214  0.13233336
0.56649016  0.13192467
0.54866242  0.13128571
0.53088467  0.13043288
0.51316314  0.12938064
0.49550459  0.12814162
0.47791625  0.12672683
0.46040593  0.12514573
0.44298198  0.12340639
0.42565331  0.12151568
0.40842945  0.11947932
0.39132052  0.11730211
0.37433730  0.11498802
0.35749120  0.11254034
0.34079431  0.10996184
0.32425942  0.10725486
0.30790000  0.10442153
0.29173028  0.10146385
0.27576522  0.09838383
0.26002056  0.09518368
0.24451281  0.09186591
0.22925931  0.08843347
0.21427820  0.08488992
0.19958848  0.08123954
0.18521000  0.07748749
0.17116350  0.07363995
0.15747063  0.06970425
0.14415394  0.06568901
0.13123695  0.06160431
0.11874410  0.05746179
0.10670084  0.05327482
0.09513360  0.04905863
0.08406985  0.04483045
0.07353805  0.04060966
0.06356777  0.03641790
0.05418962  0.03227928
0.04543531  0.02822044
0.03733766  0.02427073
0.02993063  0.02046236
0.02324933  0.01683053
0.01733003  0.01341356
0.01221019  0.01025305
0.00792850  0.00739401
0.00452485  0.00488499
0.00204040  0.00277827
0.00051754  0.00112991
0.00000000  0.00000000
0.00000000  0.00000000
0.00051754  -0.01144338
0.00204040  -0.02200566
0.00452485  -0.03172922
0.00792850  -0.04065485
0.01221019  -0.04882175
0.01733003  -0.05626762
0.02324933  -0.06302865
0.02993063  -0.06913961
0.03733766  -0.07463383
0.04543531  -0.07954329
0.05418962  -0.08389865
0.06356777  -0.08772927
0.07353805  -0.09106325
0.08406985  -0.09392749
0.09513360  -0.09634774
0.10670084  -0.09834858
0.11874410  -0.09995353
0.13123695  -0.10118505
0.14415394  -0.10206458
0.15747063  -0.10261260
0.17116350  -0.10284864
0.18521000  -0.10279135
0.19958848  -0.10245853
0.21427820  -0.10186716
0.22925931  -0.10103343
0.24451281  -0.09997283
0.26002056  -0.09870012
0.27576522  -0.09722942
0.29173028  -0.09557424
0.30790000  -0.09374749
0.32425942  -0.09176158
0.34079431  -0.08962838
0.35749120  -0.08735933
0.37433730  -0.08496545
0.39132052  -0.08245737
0.40842945  -0.07984538
0.42565331  -0.07713948
0.44298198  -0.07434941
0.46040593  -0.07148468
0.47791625  -0.06855462
0.49550459  -0.06556843
0.51316314  -0.06253520
0.53088467  -0.05946395
0.54866242  -0.05636369
0.56649016  -0.05324344
0.58436214  -0.05011229
0.60227305  -0.04697940
0.62021803  -0.04385408
0.63819266  -0.04074581
0.65619289  -0.03766431
0.67421508  -0.03461951
0.69225594  -0.03162168
0.71031254  -0.02868137
0.72838225  -0.02580956
0.74646278  -0.02301760
0.76455210  -0.02031732
0.78264847  -0.01772101
0.80075038  -0.01524152
0.81885656  -0.01289227
0.83696596  -0.01068727
0.85507770  -0.00864119
0.87319109  -0.00676939
0.89130559  -0.00508797
0.90942079  -0.00361377
0.92753640  -0.00236446
0.94565221  -0.00135857
0.96376812  -0.00061548
0.98188406  -0.00015553
1.00000000  0.00000000
