NN14734
1.00000000  0.00000000
0.98188406  0.01265956
0.96376812  0.02508759
0.94565221  0.03723322
0.92753640  0.04904969
0.90942079  0.06049419
0.89130559  0.07152778
0.87319109  0.08211528
0.85507770  0.09222514
0.83696596  0.10182938
0.81885656  0.11090345
0.80075038  0.11942613
0.78264847  0.12737944
0.76455210  0.13474849
0.74646278  0.14152146
0.72838225  0.14768939
0.71031254  0.15324615
0.69225594  0.15818832
0.67421508  0.16251505
0.65619289  0.16622798
0.63819266  0.16933116
0.62021803  0.17183088
0.60227305  0.17373562
0.58436214  0.17505594
0.56649016  0.17580432
0.54866242  0.17599514
0.53088467  0.17564448
0.51316314  0.17477011
0.49550459  0.17339131
0.47791625  0.17152879
0.46040593  0.16920459
0.44298198  0.16644197
0.42565331  0.16326531
0.40842945  0.15970000
0.39132052  0.15577230
0.37433730  0.15150932
0.35749120  0.14693882
0.34079431  0.14208915
0.32425942  0.13698917
0.30790000  0.13166807
0.29173028  0.12615534
0.27576522  0.12048063
0.26002056  0.11467363
0.24451281  0.10876399
0.22925931  0.10278121
0.21427820  0.09675453
0.19958848  0.09071282
0.18521000  0.08468447
0.17116350  0.07869730
0.15747063  0.07277846
0.14415394  0.06695430
0.13123695  0.06125026
0.11874410  0.05569080
0.10670084  0.05029927
0.09513360  0.04509781
0.08406985  0.04010723
0.07353805  0.03534694
0.06356777  0.03083479
0.05418962  0.02658703
0.04543531  0.02261815
0.03733766  0.01894078
0.02993063  0.01556564
0.02324933  0.01250135
0.01733003  0.00975439
0.01221019  0.00732897
0.00792850  0.00522691
0.00452485  0.00344758
0.00204040  0.00198773
0.00051754  0.00084145
0.00000000  0.00000000
0.00000000  0.00000000
0.00051754  -0.01296434
0.00204040  -0.02411048
0.00452485  -0.03358391
0.00792850  -0.04152342
0.01221019  -0.04806127
0.01733003  -0.05332331
0.02324933  -0.05742911
0.02993063  -0.06049211
0.03733766  -0.06261974
0.04543531  -0.06391357
0.05418962  -0.06446944
0.06356777  -0.06437759
0.07353805  -0.06372280
0.08406985  -0.06258453
0.09513360  -0.06103706
0.10670084  -0.05914960
0.11874410  -0.05698644
0.13123695  -0.05460711
0.14415394  -0.05206648
0.15747063  -0.04941490
0.17116350  -0.04669837
0.18521000  -0.04395862
0.19958848  -0.04123329
0.21427820  -0.03855607
0.22925931  -0.03595677
0.24451281  -0.03346155
0.26002056  -0.03109298
0.27576522  -0.02887021
0.29173028  -0.02680911
0.30790000  -0.02492236
0.32425942  -0.02321967
0.34079431  -0.02170782
0.35749120  -0.02039087
0.37433730  -0.01927026
0.39132052  -0.01834493
0.40842945  -0.01761151
0.42565331  -0.01706440
0.44298198  -0.01669594
0.46040593  -0.01649654
0.47791625  -0.01645478
0.49550459  -0.01655762
0.51316314  -0.01679044
0.53088467  -0.01713727
0.54866242  -0.01758086
0.56649016  -0.01810283
0.58436214  -0.01868384
0.60227305  -0.01930367
0.62021803  -0.01994140
0.63819266  -0.02057552
0.65619289  -0.02118408
0.67421508  -0.02174483
0.69225594  -0.02223532
0.71031254  -0.02263309
0.72838225  -0.02291576
0.74646278  -0.02306118
0.76455210  -0.02304758
0.78264847  -0.02285368
0.80075038  -0.02245886
0.81885656  -0.02184325
0.83696596  -0.02098790
0.85507770  -0.01987492
0.87319109  -0.01848757
0.89130559  -0.01681046
0.90942079  -0.01482962
0.92753640  -0.01253270
0.94565221  -0.00990905
0.96376812  -0.00694989
0.98188406  -0.00364843
1.00000000  0.00000000
