NN14515
1.00000000  0.00000000
0.98188406  0.01668455
0.96376812  0.03245358
0.94565221  0.04736748
0.92753640  0.06148195
0.90942079  0.07484818
0.89130559  0.08751300
0.87319109  0.09951904
0.85507770  0.11090494
0.83696596  0.12170547
0.81885656  0.13195173
0.80075038  0.14167130
0.78264847  0.15088841
0.76455210  0.15962412
0.74646278  0.16789648
0.72838225  0.17572068
0.71031254  0.18310926
0.69225594  0.19007224
0.67421508  0.19661729
0.65619289  0.20274992
0.63819266  0.20847365
0.62021803  0.21379013
0.60227305  0.21869938
0.58436214  0.22319989
0.56649016  0.22728882
0.54866242  0.23096218
0.53088467  0.23421497
0.51316314  0.23704138
0.49550459  0.23943491
0.47791625  0.24138858
0.46040593  0.24289509
0.44298198  0.24394698
0.42565331  0.24453678
0.40842945  0.24465723
0.39132052  0.24430138
0.37433730  0.24346283
0.35749120  0.24213583
0.34079431  0.24031548
0.32425942  0.23799793
0.30790000  0.23518047
0.29173028  0.23186178
0.27576522  0.22804202
0.26002056  0.22372307
0.24451281  0.21890866
0.22925931  0.21360453
0.21427820  0.20781862
0.19958848  0.20156123
0.18521000  0.19484517
0.17116350  0.18768597
0.15747063  0.18010201
0.14415394  0.17211469
0.13123695  0.16374862
0.11874410  0.15503177
0.10670084  0.14599565
0.09513360  0.13667545
0.08406985  0.12711027
0.07353805  0.11734320
0.06356777  0.10742157
0.05418962  0.09739705
0.04543531  0.08732588
0.03733766  0.07726899
0.02993063  0.06729219
0.02324933  0.05746634
0.01733003  0.04786749
0.01221019  0.03857709
0.00792850  0.02968213
0.00452485  0.02127531
0.00204040  0.01345523
0.00051754  0.00632650
0.00000000  0.00000000
0.00000000  0.00000000
0.00051754  -0.00678734
0.00204040  -0.01325577
0.00452485  -0.01942338
0.00792850  -0.02530617
0.01221019  -0.03091821
0.01733003  -0.03627169
0.02324933  -0.04137703
0.02993063  -0.04624300
0.03733766  -0.05087680
0.04543531  -0.05528417
0.05418962  -0.05946948
0.06356777  -0.06343582
0.07353805  -0.06718513
0.08406985  -0.07071828
0.09513360  -0.07403515
0.10670084  -0.07713476
0.11874410  -0.08001537
0.13123695  -0.08267456
0.14415394  -0.08510932
0.15747063  -0.08731619
0.17116350  -0.08929133
0.18521000  -0.09103060
0.19958848  -0.09252971
0.21427820  -0.09378428
0.22925931  -0.09478995
0.24451281  -0.09554250
0.26002056  -0.09603789
0.27576522  -0.09627244
0.29173028  -0.09624286
0.30790000  -0.09594640
0.32425942  -0.09538089
0.34079431  -0.09454490
0.35749120  -0.09343783
0.37433730  -0.09205996
0.39132052  -0.09041260
0.40842945  -0.08849816
0.42565331  -0.08632028
0.44298198  -0.08388389
0.46040593  -0.08119535
0.47791625  -0.07826250
0.49550459  -0.07509481
0.51316314  -0.07170344
0.53088467  -0.06810138
0.54866242  -0.06430350
0.56649016  -0.06032667
0.58436214  -0.05618990
0.60227305  -0.05191435
0.62021803  -0.04752353
0.63819266  -0.04304332
0.65619289  -0.03850210
0.67421508  -0.03393086
0.69225594  -0.02936328
0.71031254  -0.02483585
0.72838225  -0.02038793
0.74646278  -0.01606190
0.76455210  -0.01190323
0.78264847  -0.00796056
0.80075038  -0.00428585
0.81885656  -0.00093444
0.83696596  0.00203484
0.85507770  0.00455957
0.87319109  0.00657364
0.89130559  0.00800715
0.90942079  0.00878632
0.92753640  0.00883338
0.94565221  0.00806646
0.96376812  0.00639954
0.98188406  0.00374229
1.00000000  0.00000000
