NN14483
1.00000000  0.00000000
0.98188406  0.01748196
0.96376812  0.03432569
0.94565221  0.05050440
0.92753640  0.06599463
0.90942079  0.08077619
0.89130559  0.09483206
0.87319109  0.10814823
0.85507770  0.12071365
0.83696596  0.13252008
0.81885656  0.14356200
0.80075038  0.15383651
0.78264847  0.16334319
0.76455210  0.17208404
0.74646278  0.18006332
0.72838225  0.18728749
0.71031254  0.19376507
0.69225594  0.19950654
0.67421508  0.20452423
0.65619289  0.20883222
0.63819266  0.21244623
0.62021803  0.21538352
0.60227305  0.21766274
0.58436214  0.21930387
0.56649016  0.22032812
0.54866242  0.22075775
0.53088467  0.22061604
0.51316314  0.21992715
0.49550459  0.21871601
0.47791625  0.21700820
0.46040593  0.21482988
0.44298198  0.21220765
0.42565331  0.20916844
0.40842945  0.20573944
0.39132052  0.20194793
0.37433730  0.19782123
0.35749120  0.19338657
0.34079431  0.18867097
0.32425942  0.18370115
0.30790000  0.17850341
0.29173028  0.17310353
0.27576522  0.16752666
0.26002056  0.16179721
0.24451281  0.15593874
0.22925931  0.14997385
0.21427820  0.14392408
0.19958848  0.13780982
0.18521000  0.13165015
0.17116350  0.12546277
0.15747063  0.11926389
0.14415394  0.11306813
0.13123695  0.10688837
0.11874410  0.10073569
0.10670084  0.09461923
0.09513360  0.08854611
0.08406985  0.08252129
0.07353805  0.07654749
0.06356777  0.07062507
0.05418962  0.06475191
0.04543531  0.05892333
0.03733766  0.05313195
0.02993063  0.04736761
0.02324933  0.04161725
0.01733003  0.03586481
0.01221019  0.03009108
0.00792850  0.02427366
0.00452485  0.01838681
0.00204040  0.01240135
0.00051754  0.00628454
0.00000000  0.00000000
0.00000000  0.00000000
0.00051754  -0.00071656
0.00204040  -0.00176838
0.00452485  -0.00312396
0.00792850  -0.00475284
0.01221019  -0.00662562
0.01733003  -0.00871395
0.02324933  -0.01099051
0.02993063  -0.01342902
0.03733766  -0.01600421
0.04543531  -0.01869181
0.05418962  -0.02146855
0.06356777  -0.02431216
0.07353805  -0.02720136
0.08406985  -0.03011581
0.09513360  -0.03303615
0.10670084  -0.03594397
0.11874410  -0.03882181
0.13123695  -0.04165314
0.14415394  -0.04442235
0.15747063  -0.04711473
0.17116350  -0.04971652
0.18521000  -0.05221482
0.19958848  -0.05459761
0.21427820  -0.05685379
0.22925931  -0.05897309
0.24451281  -0.06094611
0.26002056  -0.06276431
0.27576522  -0.06441998
0.29173028  -0.06590624
0.30790000  -0.06721705
0.32425942  -0.06834715
0.34079431  -0.06929212
0.35749120  -0.07004831
0.37433730  -0.07061286
0.39132052  -0.07098369
0.40842945  -0.07115948
0.42565331  -0.07113968
0.44298198  -0.07092446
0.46040593  -0.07051476
0.47791625  -0.06991223
0.49550459  -0.06911925
0.51316314  -0.06813890
0.53088467  -0.06697496
0.54866242  -0.06563192
0.56649016  -0.06411493
0.58436214  -0.06242983
0.60227305  -0.06058311
0.62021803  -0.05858193
0.63819266  -0.05643407
0.65619289  -0.05414798
0.67421508  -0.05173272
0.69225594  -0.04919795
0.71031254  -0.04655396
0.72838225  -0.04381164
0.74646278  -0.04098245
0.76455210  -0.03807845
0.78264847  -0.03511226
0.80075038  -0.03209707
0.81885656  -0.02904660
0.83696596  -0.02597515
0.85507770  -0.02289751
0.87319109  -0.01982903
0.89130559  -0.01678555
0.90942079  -0.01378344
0.92753640  -0.01083954
0.94565221  -0.00797120
0.96376812  -0.00519623
0.98188406  -0.00253291
1.00000000  0.00000000
