NN14428
1.00000000  0.00000000
0.98188406  0.01506781
0.96376812  0.02943479
0.94565221  0.04312605
0.92753640  0.05616503
0.90942079  0.06857356
0.89130559  0.08037193
0.87319109  0.09157897
0.85507770  0.10221206
0.83696596  0.11228727
0.81885656  0.12181937
0.80075038  0.13082192
0.78264847  0.13930735
0.76455210  0.14728696
0.74646278  0.15477108
0.72838225  0.16176906
0.71031254  0.16828937
0.69225594  0.17433965
0.67421508  0.17992678
0.65619289  0.18505697
0.63819266  0.18973579
0.62021803  0.19396823
0.60227305  0.19775881
0.58436214  0.20111162
0.56649016  0.20403037
0.54866242  0.20651847
0.53088467  0.20857911
0.51316314  0.21021530
0.49550459  0.21142995
0.47791625  0.21222593
0.46040593  0.21260614
0.44298198  0.21257357
0.42565331  0.21213137
0.40842945  0.21128291
0.39132052  0.21003185
0.37433730  0.20838221
0.35749120  0.20633842
0.34079431  0.20390540
0.32425942  0.20108863
0.30790000  0.19789417
0.29173028  0.19432880
0.27576522  0.19040004
0.26002056  0.18611620
0.24451281  0.18148649
0.22925931  0.17652104
0.21427820  0.17123101
0.19958848  0.16562863
0.18521000  0.15972725
0.17116350  0.15354145
0.15747063  0.14708705
0.14415394  0.14038123
0.13123695  0.13344256
0.11874410  0.12629108
0.10670084  0.11894834
0.09513360  0.11143752
0.08406985  0.10378344
0.07353805  0.09601264
0.06356777  0.08815348
0.05418962  0.08023616
0.04543531  0.07229279
0.03733766  0.06435749
0.02993063  0.05646643
0.02324933  0.04865789
0.01733003  0.04097235
0.01221019  0.03345252
0.00792850  0.02614344
0.00452485  0.01909252
0.00204040  0.01234963
0.00051754  0.00596714
0.00000000  0.00000000
0.00000000  0.00000000
0.00051754  -0.00719131
0.00204040  -0.01362074
0.00452485  -0.01935788
0.00792850  -0.02446865
0.01221019  -0.02901539
0.01733003  -0.03305694
0.02324933  -0.03664868
0.02993063  -0.03984265
0.03733766  -0.04268758
0.04543531  -0.04522897
0.05418962  -0.04750918
0.06356777  -0.04956748
0.07353805  -0.05144014
0.08406985  -0.05316049
0.09513360  -0.05475897
0.10670084  -0.05626326
0.11874410  -0.05769830
0.13123695  -0.05908638
0.14415394  -0.06044721
0.15747063  -0.06179798
0.17116350  -0.06315346
0.18521000  -0.06452606
0.19958848  -0.06592586
0.21427820  -0.06736076
0.22925931  -0.06883649
0.24451281  -0.07035669
0.26002056  -0.07192301
0.27576522  -0.07353515
0.29173028  -0.07519096
0.30790000  -0.07688648
0.32425942  -0.07861604
0.34079431  -0.08037231
0.35749120  -0.08214640
0.37433730  -0.08392789
0.39132052  -0.08570495
0.40842945  -0.08746435
0.42565331  -0.08919159
0.44298198  -0.09087097
0.46040593  -0.09248559
0.47791625  -0.09401751
0.49550459  -0.09544778
0.51316314  -0.09675651
0.53088467  -0.09792293
0.54866242  -0.09892550
0.56649016  -0.09974196
0.58436214  -0.10034938
0.60227305  -0.10072429
0.62021803  -0.10084267
0.63819266  -0.10068010
0.65619289  -0.10021178
0.67421508  -0.09941263
0.69225594  -0.09825733
0.71031254  -0.09672045
0.72838225  -0.09477644
0.74646278  -0.09239978
0.76455210  -0.08956500
0.78264847  -0.08624676
0.80075038  -0.08241995
0.81885656  -0.07805973
0.83696596  -0.07314161
0.85507770  -0.06764154
0.87319109  -0.06153595
0.89130559  -0.05480184
0.90942079  -0.04741686
0.92753640  -0.03935935
0.94565221  -0.03060845
0.96376812  -0.02114415
0.98188406  -0.01094736
1.00000000  0.00000000
