NN14327
1.00000000  0.00000000
0.98188406  0.01009658
0.96376812  0.01994023
0.94565221  0.02949403
0.92753640  0.03872470
0.90942079  0.04760247
0.89130559  0.05610094
0.87319109  0.06419699
0.85507770  0.07187065
0.83696596  0.07910499
0.81885656  0.08588602
0.80075038  0.09220253
0.78264847  0.09804603
0.76455210  0.10341059
0.74646278  0.10829276
0.72838225  0.11269144
0.71031254  0.11660773
0.69225594  0.12004488
0.67421508  0.12300814
0.65619289  0.12550462
0.63819266  0.12754322
0.62021803  0.12913451
0.60227305  0.13029056
0.58436214  0.13102490
0.56649016  0.13135235
0.54866242  0.13128893
0.53088467  0.13085174
0.51316314  0.13005884
0.49550459  0.12892914
0.47791625  0.12748227
0.46040593  0.12573850
0.44298198  0.12371858
0.42565331  0.12144365
0.40842945  0.11893513
0.39132052  0.11621459
0.37433730  0.11330364
0.35749120  0.11022380
0.34079431  0.10699642
0.32425942  0.10364253
0.30790000  0.10018274
0.29173028  0.09663714
0.27576522  0.09302514
0.26002056  0.08936539
0.24451281  0.08567567
0.22925931  0.08197275
0.21427820  0.07827227
0.19958848  0.07458868
0.18521000  0.07093504
0.17116350  0.06732298
0.15747063  0.06376254
0.14415394  0.06026208
0.13123695  0.05682814
0.11874410  0.05346535
0.10670084  0.05017628
0.09513360  0.04696137
0.08406985  0.04381879
0.07353805  0.04074431
0.06356777  0.03773122
0.05418962  0.03477017
0.04543531  0.03184910
0.03733766  0.02895311
0.02993063  0.02606432
0.02324933  0.02316178
0.01733003  0.02022135
0.01221019  0.01721558
0.00792850  0.01411361
0.00452485  0.01088102
0.00204040  0.00747976
0.00051754  0.00386799
0.00000000  0.00000000
0.00000000  0.00000000
0.00051754  -0.01177427
0.00204040  -0.02234162
0.00452485  -0.03178750
0.00792850  -0.04019369
0.01221019  -0.04763844
0.01733003  -0.05419648
0.02324933  -0.05993907
0.02993063  -0.06493413
0.03733766  -0.06924621
0.04543531  -0.07293662
0.05418962  -0.07606345
0.06356777  -0.07868167
0.07353805  -0.08084314
0.08406985  -0.08259672
0.09513360  -0.08398827
0.10670084  -0.08506078
0.11874410  -0.08585440
0.13123695  -0.08640647
0.14415394  -0.08675164
0.15747063  -0.08692188
0.17116350  -0.08694656
0.18521000  -0.08685252
0.19958848  -0.08666412
0.21427820  -0.08640328
0.22925931  -0.08608959
0.24451281  -0.08574033
0.26002056  -0.08537055
0.27576522  -0.08499309
0.29173028  -0.08461872
0.30790000  -0.08425613
0.32425942  -0.08391201
0.34079431  -0.08359112
0.35749120  -0.08329636
0.37433730  -0.08302878
0.39132052  -0.08278772
0.40842945  -0.08257079
0.42565331  -0.08237398
0.44298198  -0.08219172
0.46040593  -0.08201691
0.47791625  -0.08184100
0.49550459  -0.08165407
0.51316314  -0.08144483
0.53088467  -0.08120077
0.54866242  -0.08090812
0.56649016  -0.08055199
0.58436214  -0.08011640
0.60227305  -0.07958433
0.62021803  -0.07893780
0.63819266  -0.07815792
0.65619289  -0.07722496
0.67421508  -0.07611838
0.69225594  -0.07481695
0.71031254  -0.07329874
0.72838225  -0.07154124
0.74646278  -0.06952137
0.76455210  -0.06721560
0.78264847  -0.06459994
0.80075038  -0.06165006
0.81885656  -0.05834132
0.83696596  -0.05464883
0.85507770  -0.05054753
0.87319109  -0.04601224
0.89130559  -0.04101770
0.90942079  -0.03553867
0.92753640  -0.02954996
0.94565221  -0.02302650
0.96376812  -0.01594340
0.98188406  -0.00827602
1.00000000  0.00000000
