NN14666
1.00000000  0.00000000
0.98188406  0.00285219
0.96376812  0.00604282
0.94565221  0.00954456
0.92753640  0.01333035
0.90942079  0.01737337
0.89130559  0.02164705
0.87319109  0.02612515
0.85507770  0.03078171
0.83696596  0.03559113
0.81885656  0.04052815
0.80075038  0.04556791
0.78264847  0.05068593
0.76455210  0.05585817
0.74646278  0.06106103
0.72838225  0.06627135
0.71031254  0.07146651
0.69225594  0.07662435
0.67421508  0.08172326
0.65619289  0.08674218
0.63819266  0.09166063
0.62021803  0.09645872
0.60227305  0.10111716
0.58436214  0.10561733
0.56649016  0.10994124
0.54866242  0.11407160
0.53088467  0.11799182
0.51316314  0.12168602
0.49550459  0.12513908
0.47791625  0.12833665
0.46040593  0.13126515
0.44298198  0.13391184
0.42565331  0.13626478
0.40842945  0.13831290
0.39132052  0.14004600
0.37433730  0.14145479
0.35749120  0.14253088
0.34079431  0.14326683
0.32425942  0.14365615
0.30790000  0.14369335
0.29173028  0.14337393
0.27576522  0.14269443
0.26002056  0.14165241
0.24451281  0.14024653
0.22925931  0.13847652
0.21427820  0.13634324
0.19958848  0.13384866
0.18521000  0.13099592
0.17116350  0.12778934
0.15747063  0.12423443
0.14415394  0.12033792
0.13123695  0.11610778
0.11874410  0.11155325
0.10670084  0.10668485
0.09513360  0.10151441
0.08406985  0.09605507
0.07353805  0.09032135
0.06356777  0.08432910
0.05418962  0.07809560
0.04543531  0.07163953
0.03733766  0.06498099
0.02993063  0.05814156
0.02324933  0.05114428
0.01733003  0.04401370
0.01221019  0.03677589
0.00792850  0.02945847
0.00452485  0.02209060
0.00204040  0.01470305
0.00051754  0.00732818
0.00000000  0.00000000
0.00000000  0.00000000
0.00051754  -0.00690022
0.00204040  -0.01359045
0.00452485  -0.02004634
0.00792850  -0.02624587
0.01221019  -0.03216928
0.01733003  -0.03779897
0.02324933  -0.04311950
0.02993063  -0.04811748
0.03733766  -0.05278152
0.04543531  -0.05710217
0.05418962  -0.06107186
0.06356777  -0.06468483
0.07353805  -0.06793704
0.08406985  -0.07082619
0.09513360  -0.07335154
0.10670084  -0.07551395
0.11874410  -0.07731577
0.13123695  -0.07876075
0.14415394  -0.07985405
0.15747063  -0.08060211
0.17116350  -0.08101261
0.18521000  -0.08109441
0.19958848  -0.08085750
0.21427820  -0.08031290
0.22925931  -0.07947263
0.24451281  -0.07834963
0.26002056  -0.07695771
0.27576522  -0.07531147
0.29173028  -0.07342623
0.30790000  -0.07131802
0.32425942  -0.06900344
0.34079431  -0.06649965
0.35749120  -0.06382430
0.37433730  -0.06099544
0.39132052  -0.05803149
0.40842945  -0.05495115
0.42565331  -0.05177335
0.44298198  -0.04851720
0.46040593  -0.04520190
0.47791625  -0.04184667
0.49550459  -0.03847074
0.51316314  -0.03509323
0.53088467  -0.03173311
0.54866242  -0.02840914
0.56649016  -0.02513979
0.58436214  -0.02194321
0.60227305  -0.01883713
0.62021803  -0.01583881
0.63819266  -0.01296498
0.65619289  -0.01023177
0.67421508  -0.00765468
0.69225594  -0.00524845
0.71031254  -0.00302706
0.72838225  -0.00100364
0.74646278  0.00080962
0.76455210  0.00240146
0.78264847  0.00376169
0.80075038  0.00488122
0.81885656  0.00575210
0.83696596  0.00636763
0.85507770  0.00672241
0.87319109  0.00681237
0.89130559  0.00663486
0.90942079  0.00618875
0.92753640  0.00547439
0.94565221  0.00449381
0.96376812  0.00325064
0.98188406  0.00175031
1.00000000  0.00000000
