NN15994
1.00000000  0.00000000
0.98188406  0.00755430
0.96376812  0.01475083
0.94565221  0.02159260
0.92753640  0.02808387
0.90942079  0.03423006
0.89130559  0.04003763
0.87319109  0.04551404
0.85507770  0.05066768
0.83696596  0.05550772
0.81885656  0.06004413
0.80075038  0.06428751
0.78264847  0.06824907
0.76455210  0.07194050
0.74646278  0.07537394
0.72838225  0.07856187
0.71031254  0.08151703
0.69225594  0.08425234
0.67421508  0.08678083
0.65619289  0.08911556
0.63819266  0.09126952
0.62021803  0.09325558
0.60227305  0.09508637
0.58436214  0.09677425
0.56649016  0.09833117
0.54866242  0.09976865
0.53088467  0.10109765
0.51316314  0.10232853
0.49550459  0.10347094
0.47791625  0.10453374
0.46040593  0.10552494
0.44298198  0.10645162
0.42565331  0.10731981
0.40842945  0.10813447
0.39132052  0.10889935
0.37433730  0.10961696
0.35749120  0.11028845
0.34079431  0.11091356
0.32425942  0.11149052
0.30790000  0.11201597
0.29173028  0.11248490
0.27576522  0.11289054
0.26002056  0.11322430
0.24451281  0.11347569
0.22925931  0.11363223
0.21427820  0.11367937
0.19958848  0.11360042
0.18521000  0.11337645
0.17116350  0.11298624
0.15747063  0.11240617
0.14415394  0.11161015
0.13123695  0.11056955
0.11874410  0.10925310
0.10670084  0.10762684
0.09513360  0.10565400
0.08406985  0.10329494
0.07353805  0.10050708
0.06356777  0.09724481
0.05418962  0.09345939
0.04543531  0.08909891
0.03733766  0.08410817
0.02993063  0.07842863
0.02324933  0.07199832
0.01733003  0.06475173
0.01221019  0.05661978
0.00792850  0.04752972
0.00452485  0.03740503
0.00204040  0.02616536
0.00051754  0.01372643
0.00000000  0.00000000
0.00000000  0.00000000
0.00051754  -0.00662585
0.00204040  -0.01251383
0.00452485  -0.01769956
0.00792850  -0.02221805
0.01221019  -0.02610363
0.01733003  -0.02938999
0.02324933  -0.03211016
0.02993063  -0.03429654
0.03733766  -0.03598083
0.04543531  -0.03719411
0.05418962  -0.03796675
0.06356777  -0.03832849
0.07353805  -0.03830837
0.08406985  -0.03793476
0.09513360  -0.03723536
0.10670084  -0.03623718
0.11874410  -0.03496654
0.13123695  -0.03344908
0.14415394  -0.03170974
0.15747063  -0.02977277
0.17116350  -0.02766172
0.18521000  -0.02539943
0.19958848  -0.02300805
0.21427820  -0.02050901
0.22925931  -0.01792302
0.24451281  -0.01527009
0.26002056  -0.01256950
0.27576522  -0.00983983
0.29173028  -0.00709890
0.30790000  -0.00436384
0.32425942  -0.00165101
0.34079431  0.00102393
0.35749120  0.00364608
0.37433730  0.00620129
0.39132052  0.00867611
0.40842945  0.01105790
0.42565331  0.01333472
0.44298198  0.01549540
0.46040593  0.01752955
0.47791625  0.01942751
0.49550459  0.02118040
0.51316314  0.02278010
0.53088467  0.02421927
0.54866242  0.02549133
0.56649016  0.02659050
0.58436214  0.02751176
0.60227305  0.02825089
0.62021803  0.02880443
0.63819266  0.02916973
0.65619289  0.02934495
0.67421508  0.02932901
0.69225594  0.02912166
0.71031254  0.02872343
0.72838225  0.02813569
0.74646278  0.02736057
0.76455210  0.02640107
0.78264847  0.02526095
0.80075038  0.02394485
0.81885656  0.02245817
0.83696596  0.02080719
0.85507770  0.01899898
0.87319109  0.01704147
0.89130559  0.01494341
0.90942079  0.01271440
0.92753640  0.01036487
0.94565221  0.00790611
0.96376812  0.00535024
0.98188406  0.00271026
1.00000000  0.00000000
