NN15705
1.00000000  0.00000000
0.98188406  0.01513726
0.96376812  0.02944841
0.94565221  0.04295152
0.92753640  0.05566509
0.90942079  0.06760794
0.89130559  0.07879921
0.87319109  0.08925830
0.85507770  0.09900488
0.83696596  0.10805882
0.81885656  0.11644017
0.80075038  0.12416910
0.78264847  0.13126592
0.76455210  0.13775100
0.74646278  0.14364473
0.72838225  0.14896754
0.71031254  0.15373980
0.69225594  0.15798183
0.67421508  0.16171387
0.65619289  0.16495599
0.63819266  0.16772813
0.62021803  0.17005001
0.60227305  0.17194113
0.58436214  0.17342070
0.56649016  0.17450765
0.54866242  0.17522057
0.53088467  0.17557767
0.51316314  0.17559677
0.49550459  0.17529522
0.47791625  0.17468995
0.46040593  0.17379733
0.44298198  0.17263322
0.42565331  0.17121290
0.40842945  0.16955103
0.39132052  0.16766163
0.37433730  0.16555806
0.35749120  0.16325295
0.34079431  0.16075817
0.32425942  0.15808485
0.30790000  0.15524328
0.29173028  0.15224290
0.27576522  0.14909227
0.26002056  0.14579904
0.24451281  0.14236992
0.22925931  0.13881060
0.21427820  0.13512578
0.19958848  0.13131909
0.18521000  0.12739310
0.17116350  0.12334923
0.15747063  0.11918776
0.14415394  0.11490776
0.13123695  0.11050710
0.11874410  0.10598239
0.10670084  0.10132893
0.09513360  0.09654071
0.08406985  0.09161034
0.07353805  0.08652908
0.06356777  0.08128670
0.05418962  0.07587155
0.04543531  0.07027048
0.03733766  0.06446879
0.02993063  0.05845022
0.02324933  0.05219692
0.01733003  0.04568941
0.01221019  0.03890652
0.00792850  0.03182541
0.00452485  0.02442146
0.00204040  0.01666833
0.00051754  0.00853785
0.00000000  0.00000000
0.00000000  0.00000000
0.00051754  -0.00244690
0.00204040  -0.00448645
0.00452485  -0.00617700
0.00792850  -0.00757308
0.01221019  -0.00872548
0.01733003  -0.00968133
0.02324933  -0.01048425
0.02993063  -0.01117435
0.03733766  -0.01178841
0.04543531  -0.01235992
0.05418962  -0.01291918
0.06356777  -0.01349343
0.07353805  -0.01410688
0.08406985  -0.01478086
0.09513360  -0.01553387
0.10670084  -0.01638170
0.11874410  -0.01733752
0.13123695  -0.01841196
0.14415394  -0.01961320
0.15747063  -0.02094708
0.17116350  -0.02241718
0.18521000  -0.02402493
0.19958848  -0.02576966
0.21427820  -0.02764875
0.22925931  -0.02965767
0.24451281  -0.03179012
0.26002056  -0.03403808
0.27576522  -0.03639193
0.29173028  -0.03884053
0.30790000  -0.04137131
0.32425942  -0.04397040
0.34079431  -0.04662264
0.35749120  -0.04931177
0.37433730  -0.05202046
0.39132052  -0.05473041
0.40842945  -0.05742247
0.42565331  -0.06007669
0.44298198  -0.06267246
0.46040593  -0.06518856
0.47791625  -0.06760330
0.49550459  -0.06989454
0.51316314  -0.07203988
0.53088467  -0.07401665
0.54866242  -0.07580209
0.56649016  -0.07737338
0.58436214  -0.07870776
0.60227305  -0.07978263
0.62021803  -0.08057564
0.63819266  -0.08106474
0.65619289  -0.08122834
0.67421508  -0.08104536
0.69225594  -0.08049532
0.71031254  -0.07955847
0.72838225  -0.07821584
0.74646278  -0.07644934
0.76455210  -0.07424188
0.78264847  -0.07157744
0.80075038  -0.06844118
0.81885656  -0.06481949
0.83696596  -0.06070014
0.85507770  -0.05607232
0.87319109  -0.05092679
0.89130559  -0.04525592
0.90942079  -0.03905379
0.92753640  -0.03231633
0.94565221  -0.02504135
0.96376812  -0.01722866
0.98188406  -0.00888018
1.00000000  0.00000000
