NN15907
1.00000000  0.00000000
0.98188406  0.01635369
0.96376812  0.03148103
0.94565221  0.04546961
0.92753640  0.05840207
0.90942079  0.07035620
0.89130559  0.08140504
0.87319109  0.09161706
0.85507770  0.10105627
0.83696596  0.10978234
0.81885656  0.11785076
0.80075038  0.12531292
0.78264847  0.13221629
0.76455210  0.13860455
0.74646278  0.14451765
0.72838225  0.14999205
0.71031254  0.15506076
0.69225594  0.15975350
0.67421508  0.16409685
0.65619289  0.16811435
0.63819266  0.17182666
0.62021803  0.17525166
0.60227305  0.17840460
0.58436214  0.18129822
0.56649016  0.18394289
0.54866242  0.18634674
0.53088467  0.18851578
0.51316314  0.19045404
0.49550459  0.19216370
0.47791625  0.19364520
0.46040593  0.19489741
0.44298198  0.19591773
0.42565331  0.19670223
0.40842945  0.19724576
0.39132052  0.19754212
0.37433730  0.19758418
0.35749120  0.19736397
0.34079431  0.19687285
0.32425942  0.19610165
0.30790000  0.19504076
0.29173028  0.19368029
0.27576522  0.19201018
0.26002056  0.19002035
0.24451281  0.18770084
0.22925931  0.18504189
0.21427820  0.18203413
0.19958848  0.17866867
0.18521000  0.17493724
0.17116350  0.17083234
0.15747063  0.16634734
0.14415394  0.16147664
0.13123695  0.15621577
0.11874410  0.15056153
0.10670084  0.14451216
0.09513360  0.13806740
0.08406985  0.13122868
0.07353805  0.12399921
0.06356777  0.11638414
0.05418962  0.10839067
0.04543531  0.10002819
0.03733766  0.09130842
0.02993063  0.08224552
0.02324933  0.07285622
0.01733003  0.06315997
0.01221019  0.05317907
0.00792850  0.04293876
0.00452485  0.03246742
0.00204040  0.02179663
0.00051754  0.01096134
0.00000000  0.00000000
0.00000000  0.00000000
0.00051754  -0.00605005
0.00204040  -0.01209946
0.00452485  -0.01808149
0.00792850  -0.02393631
0.01221019  -0.02961076
0.01733003  -0.03505813
0.02324933  -0.04023785
0.02993063  -0.04511526
0.03733766  -0.04966133
0.04543531  -0.05385244
0.05418962  -0.05767005
0.06356777  -0.06110051
0.07353805  -0.06413478
0.08406985  -0.06676815
0.09513360  -0.06899999
0.10670084  -0.07083350
0.11874410  -0.07227546
0.13123695  -0.07333593
0.14415394  -0.07402803
0.15747063  -0.07436766
0.17116350  -0.07437326
0.18521000  -0.07406553
0.19958848  -0.07346717
0.21427820  -0.07260264
0.22925931  -0.07149788
0.24451281  -0.07018007
0.26002056  -0.06867734
0.27576522  -0.06701855
0.29173028  -0.06523300
0.30790000  -0.06335019
0.32425942  -0.06139954
0.34079431  -0.05941015
0.35749120  -0.05741052
0.37433730  -0.05542834
0.39132052  -0.05349013
0.40842945  -0.05162111
0.42565331  -0.04984482
0.44298198  -0.04818296
0.46040593  -0.04665505
0.47791625  -0.04527822
0.49550459  -0.04406693
0.51316314  -0.04303273
0.53088467  -0.04218398
0.54866242  -0.04152559
0.56649016  -0.04105878
0.58436214  -0.04078079
0.60227305  -0.04068466
0.62021803  -0.04075893
0.63819266  -0.04098742
0.65619289  -0.04134893
0.67421508  -0.04181702
0.69225594  -0.04235971
0.71031254  -0.04293925
0.72838225  -0.04351186
0.74646278  -0.04402746
0.76455210  -0.04442941
0.78264847  -0.04465424
0.80075038  -0.04463142
0.81885656  -0.04428308
0.83696596  -0.04352376
0.85507770  -0.04226014
0.87319109  -0.04039077
0.89130559  -0.03780586
0.90942079  -0.03438695
0.92753640  -0.03000672
0.94565221  -0.02452867
0.96376812  -0.01780691
0.98188406  -0.00968585
1.00000000  0.00000000
