NN15838
1.00000000  0.00000000
0.98188406  0.02258558
0.96376812  0.04304274
0.94565221  0.06152500
0.92753640  0.07817823
0.90942079  0.09314075
0.89130559  0.10654362
0.87319109  0.11851070
0.85507770  0.12915893
0.83696596  0.13859846
0.81885656  0.14693283
0.80075038  0.15425917
0.78264847  0.16066838
0.76455210  0.16624531
0.74646278  0.17106891
0.72838225  0.17521247
0.71031254  0.17874373
0.69225594  0.18172513
0.67421508  0.18421394
0.65619289  0.18626247
0.63819266  0.18791824
0.62021803  0.18922415
0.60227305  0.19021869
0.58436214  0.19093610
0.56649016  0.19140653
0.54866242  0.19165628
0.53088467  0.19170793
0.51316314  0.19158054
0.49550459  0.19128981
0.47791625  0.19084831
0.46040593  0.19026561
0.44298198  0.18954848
0.42565331  0.18870108
0.40842945  0.18772513
0.39132052  0.18662009
0.37433730  0.18538335
0.35749120  0.18401039
0.34079431  0.18249500
0.32425942  0.18082941
0.30790000  0.17900453
0.29173028  0.17701006
0.27576522  0.17483474
0.26002056  0.17246649
0.24451281  0.16989259
0.22925931  0.16709990
0.21427820  0.16407499
0.19958848  0.16080434
0.18521000  0.15727454
0.17116350  0.15347246
0.15747063  0.14938541
0.14415394  0.14500134
0.13123695  0.14030902
0.11874410  0.13529824
0.10670084  0.12995993
0.09513360  0.12428642
0.08406985  0.11827156
0.07353805  0.11191093
0.06356777  0.10520200
0.05418962  0.09814435
0.04543531  0.09073980
0.03733766  0.08299263
0.02993063  0.07490976
0.02324933  0.06650089
0.01733003  0.05777872
0.01221019  0.04875912
0.00792850  0.03946133
0.00452485  0.02990809
0.00204040  0.02012586
0.00051754  0.01014502
0.00000000  0.00000000
0.00000000  0.00000000
0.00051754  -0.00054950
0.00204040  -0.00177638
0.00452485  -0.00357387
0.00792850  -0.00584274
0.01221019  -0.00849109
0.01733003  -0.01143410
0.02324933  -0.01459379
0.02993063  -0.01789885
0.03733766  -0.02128434
0.04543531  -0.02469151
0.05418962  -0.02806758
0.06356777  -0.03136546
0.07353805  -0.03454358
0.08406985  -0.03756563
0.09513360  -0.04040035
0.10670084  -0.04302129
0.11874410  -0.04540658
0.13123695  -0.04753874
0.14415394  -0.04940440
0.15747063  -0.05099409
0.17116350  -0.05230205
0.18521000  -0.05332595
0.19958848  -0.05406668
0.21427820  -0.05452816
0.22925931  -0.05471705
0.24451281  -0.05464257
0.26002056  -0.05431625
0.27576522  -0.05375172
0.29173028  -0.05296448
0.30790000  -0.05197163
0.32425942  -0.05079173
0.34079431  -0.04944447
0.35749120  -0.04795055
0.37433730  -0.04633135
0.39132052  -0.04460877
0.40842945  -0.04280500
0.42565331  -0.04094224
0.44298198  -0.03904255
0.46040593  -0.03712755
0.47791625  -0.03521824
0.49550459  -0.03333476
0.51316314  -0.03149616
0.53088467  -0.02972017
0.54866242  -0.02802298
0.56649016  -0.02641901
0.58436214  -0.02492069
0.60227305  -0.02353820
0.62021803  -0.02227930
0.63819266  -0.02114906
0.65619289  -0.02014964
0.67421508  -0.01928007
0.69225594  -0.01853603
0.71031254  -0.01790959
0.72838225  -0.01738903
0.74646278  -0.01695858
0.76455210  -0.01659821
0.78264847  -0.01628337
0.80075038  -0.01598482
0.81885656  -0.01566835
0.83696596  -0.01529458
0.85507770  -0.01481873
0.87319109  -0.01419038
0.89130559  -0.01335326
0.90942079  -0.01224503
0.92753640  -0.01079700
0.94565221  -0.00893397
0.96376812  -0.00657398
0.98188406  -0.00362805
1.00000000  0.00000000
