NN15848
1.00000000  0.00000000
0.98188406  0.01344221
0.96376812  0.02566983
0.94565221  0.03679517
0.92753640  0.04692298
0.90942079  0.05615076
0.89130559  0.06456891
0.87319109  0.07226097
0.85507770  0.07930388
0.83696596  0.08576819
0.81885656  0.09171825
0.80075038  0.09721251
0.78264847  0.10230367
0.76455210  0.10703896
0.74646278  0.11146034
0.72838225  0.11560475
0.71031254  0.11950428
0.69225594  0.12318649
0.67421508  0.12667455
0.65619289  0.12998750
0.63819266  0.13314049
0.62021803  0.13614499
0.60227305  0.13900901
0.58436214  0.14173733
0.56649016  0.14433177
0.54866242  0.14679132
0.53088467  0.14911248
0.51316314  0.15128940
0.49550459  0.15331415
0.47791625  0.15517691
0.46040593  0.15686626
0.44298198  0.15836934
0.42565331  0.15967211
0.40842945  0.16075957
0.39132052  0.16161599
0.37433730  0.16222513
0.35749120  0.16257046
0.34079431  0.16263541
0.32425942  0.16240357
0.30790000  0.16185895
0.29173028  0.16098615
0.27576522  0.15977066
0.26002056  0.15819901
0.24451281  0.15625907
0.22925931  0.15394021
0.21427820  0.15123358
0.19958848  0.14813230
0.18521000  0.14463171
0.17116350  0.14072958
0.15747063  0.13642633
0.14415394  0.13172530
0.13123695  0.12663292
0.11874410  0.12115897
0.10670084  0.11531680
0.09513360  0.10912356
0.08406985  0.10260041
0.07353805  0.09577277
0.06356777  0.08867052
0.05418962  0.08132825
0.04543531  0.07378548
0.03733766  0.06608688
0.02993063  0.05828250
0.02324933  0.05042799
0.01733003  0.04258484
0.01221019  0.03482061
0.00792850  0.02720912
0.00452485  0.01983072
0.00204040  0.01277251
0.00051754  0.00612852
0.00000000  0.00000000
0.00000000  0.00000000
0.00051754  -0.00462020
0.00204040  -0.00877883
0.00452485  -0.01250891
0.00792850  -0.01584138
0.01221019  -0.01880517
0.01733003  -0.02142729
0.02324933  -0.02373289
0.02993063  -0.02574535
0.03733766  -0.02748631
0.04543531  -0.02897581
0.05418962  -0.03023231
0.06356777  -0.03127279
0.07353805  -0.03211282
0.08406985  -0.03276661
0.09513360  -0.03324714
0.10670084  -0.03356618
0.11874410  -0.03373438
0.13123695  -0.03376134
0.14415394  -0.03365571
0.15747063  -0.03342523
0.17116350  -0.03307683
0.18521000  -0.03261668
0.19958848  -0.03205029
0.21427820  -0.03138254
0.22925931  -0.03061783
0.24451281  -0.02976006
0.26002056  -0.02881278
0.27576522  -0.02777924
0.29173028  -0.02666244
0.30790000  -0.02546523
0.32425942  -0.02419038
0.34079431  -0.02284064
0.35749120  -0.02141885
0.37433730  -0.01992797
0.39132052  -0.01837116
0.40842945  -0.01675190
0.42565331  -0.01507399
0.44298198  -0.01334171
0.46040593  -0.01155981
0.47791625  -0.00973363
0.49550459  -0.00786918
0.51316314  -0.00597319
0.53088467  -0.00405320
0.54866242  -0.00211760
0.56649016  -0.00017578
0.58436214  0.00176189
0.60227305  0.00368392
0.62021803  0.00557765
0.63819266  0.00742917
0.65619289  0.00922325
0.67421508  0.01094328
0.69225594  0.01257116
0.71031254  0.01408726
0.72838225  0.01547033
0.74646278  0.01669744
0.76455210  0.01774388
0.78264847  0.01858311
0.80075038  0.01918669
0.81885656  0.01952417
0.83696596  0.01956305
0.85507770  0.01926872
0.87319109  0.01860432
0.89130559  0.01753075
0.90942079  0.01600653
0.92753640  0.01398776
0.94565221  0.01142803
0.96376812  0.00827837
0.98188406  0.00448715
1.00000000  0.00000000
