NN15362
1.00000000  0.00000000
0.98188406  0.01201202
0.96376812  0.02323543
0.94565221  0.03370582
0.92753640  0.04345723
0.90942079  0.05252220
0.89130559  0.06093183
0.87319109  0.06871581
0.85507770  0.07590246
0.83696596  0.08251877
0.81885656  0.08859047
0.80075038  0.09414204
0.78264847  0.09919676
0.76455210  0.10377678
0.74646278  0.10790313
0.72838225  0.11159580
0.71031254  0.11487372
0.69225594  0.11775489
0.67421508  0.12025636
0.65619289  0.12239427
0.63819266  0.12418395
0.62021803  0.12563991
0.60227305  0.12677591
0.58436214  0.12760497
0.56649016  0.12813948
0.54866242  0.12839117
0.53088467  0.12837120
0.51316314  0.12809019
0.49550459  0.12755824
0.47791625  0.12678502
0.46040593  0.12577979
0.44298198  0.12455142
0.42565331  0.12310848
0.40842945  0.12145925
0.39132052  0.11961176
0.37433730  0.11757387
0.35749120  0.11535326
0.34079431  0.11295754
0.32425942  0.11039422
0.30790000  0.10767081
0.29173028  0.10479485
0.27576522  0.10177392
0.26002056  0.09861573
0.24451281  0.09532813
0.22925931  0.09191919
0.21427820  0.08839720
0.19958848  0.08477074
0.18521000  0.08104871
0.17116350  0.07724038
0.15747063  0.07335545
0.14415394  0.06940407
0.13123695  0.06539687
0.11874410  0.06134506
0.10670084  0.05726040
0.09513360  0.05315532
0.08406985  0.04904288
0.07353805  0.04493690
0.06356777  0.04085192
0.05418962  0.03680333
0.04543531  0.03280733
0.03733766  0.02888103
0.02993063  0.02504247
0.02324933  0.02131066
0.01733003  0.01770564
0.01221019  0.01424852
0.00792850  0.01096151
0.00452485  0.00786797
0.00204040  0.00499246
0.00051754  0.00236078
0.00000000  0.00000000
0.00000000  0.00000000
0.00051754  -0.01010245
0.00204040  -0.01883243
0.00452485  -0.02627916
0.00792850  -0.03252952
0.01221019  -0.03766806
0.01733003  -0.04177693
0.02324933  -0.04493595
0.02993063  -0.04722251
0.03733766  -0.04871163
0.04543531  -0.04947593
0.05418962  -0.04958558
0.06356777  -0.04910834
0.07353805  -0.04810952
0.08406985  -0.04665198
0.09513360  -0.04479612
0.10670084  -0.04259984
0.11874410  -0.04011856
0.13123695  -0.03740522
0.14415394  -0.03451022
0.15747063  -0.03148144
0.17116350  -0.02836425
0.18521000  -0.02520144
0.19958848  -0.02203326
0.21427820  -0.01889739
0.22925931  -0.01582891
0.24451281  -0.01286034
0.26002056  -0.01002156
0.27576522  -0.00733985
0.29173028  -0.00483987
0.30790000  -0.00254363
0.32425942  -0.00047048
0.34079431  0.00136286
0.35749120  0.00294238
0.37433730  0.00425675
0.39132052  0.00529731
0.40842945  0.00605813
0.42565331  0.00653601
0.44298198  0.00673046
0.46040593  0.00664375
0.47791625  0.00628089
0.49550459  0.00564966
0.51316314  0.00476064
0.53088467  0.00362717
0.54866242  0.00226540
0.56649016  0.00069431
0.58436214  -0.00106433
0.60227305  -0.00298587
0.62021803  -0.00504285
0.63819266  -0.00720494
0.65619289  -0.00943894
0.67421508  -0.01170875
0.69225594  -0.01397539
0.71031254  -0.01619700
0.72838225  -0.01832876
0.74646278  -0.02032294
0.76455210  -0.02212889
0.78264847  -0.02369297
0.80075038  -0.02495861
0.81885656  -0.02586624
0.83696596  -0.02635333
0.85507770  -0.02635433
0.87319109  -0.02580070
0.89130559  -0.02462086
0.90942079  -0.02274021
0.92753640  -0.02008110
0.94565221  -0.01656284
0.96376812  -0.01210164
0.98188406  -0.00661068
1.00000000  0.00000000
