NN16913
1.00000000  0.00000000
0.98188406  0.01905579
0.96376812  0.03706784
0.94565221  0.05404414
0.92753640  0.06999502
0.90942079  0.08493302
0.89130559  0.09887279
0.87319109  0.11183099
0.85507770  0.12382614
0.83696596  0.13487851
0.81885656  0.14501003
0.80075038  0.15424416
0.78264847  0.16260574
0.76455210  0.17012093
0.74646278  0.17681707
0.72838225  0.18272253
0.71031254  0.18786665
0.69225594  0.19227960
0.67421508  0.19599225
0.65619289  0.19903605
0.63819266  0.20144297
0.62021803  0.20324530
0.60227305  0.20447560
0.58436214  0.20516655
0.56649016  0.20535085
0.54866242  0.20506109
0.53088467  0.20432965
0.51316314  0.20318855
0.49550459  0.20166938
0.47791625  0.19980316
0.46040593  0.19762022
0.44298198  0.19515008
0.42565331  0.19242135
0.40842945  0.18946161
0.39132052  0.18629727
0.37433730  0.18295351
0.35749120  0.17945408
0.34079431  0.17582127
0.32425942  0.17207573
0.30790000  0.16823637
0.29173028  0.16432028
0.27576522  0.16034257
0.26002056  0.15631626
0.24451281  0.15225217
0.22925931  0.14815883
0.21427820  0.14404231
0.19958848  0.13990615
0.18521000  0.13575121
0.17116350  0.13157559
0.15747063  0.12737449
0.14415394  0.12314007
0.13123695  0.11886140
0.11874410  0.11452428
0.10670084  0.11011114
0.09513360  0.10560096
0.08406985  0.10096910
0.07353805  0.09618722
0.06356777  0.09122315
0.05418962  0.08604077
0.04543531  0.08059992
0.03733766  0.07485623
0.02993063  0.06876106
0.02324933  0.06226135
0.01733003  0.05529954
0.01221019  0.04781338
0.00792850  0.03973590
0.00452485  0.03099523
0.00204040  0.02151454
0.00051754  0.01121186
0.00000000  0.00000000
0.00000000  0.00000000
0.00051754  -0.00162062
0.00204040  -0.00297087
0.00452485  -0.00409053
0.00792850  -0.00501659
0.01221019  -0.00578330
0.01733003  -0.00642226
0.02324933  -0.00696250
0.02993063  -0.00743056
0.03733766  -0.00785055
0.04543531  -0.00824423
0.05418962  -0.00863112
0.06356777  -0.00902852
0.07353805  -0.00945164
0.08406985  -0.00991364
0.09513360  -0.01042572
0.10670084  -0.01099720
0.11874410  -0.01163559
0.13123695  -0.01234668
0.14415394  -0.01313460
0.15747063  -0.01400190
0.17116350  -0.01494962
0.18521000  -0.01597741
0.19958848  -0.01708354
0.21427820  -0.01826502
0.22925931  -0.01951768
0.24451281  -0.02083621
0.26002056  -0.02221428
0.27576522  -0.02364458
0.29173028  -0.02511892
0.30790000  -0.02662831
0.32425942  -0.02816302
0.34079431  -0.02971264
0.35749120  -0.03126622
0.37433730  -0.03281228
0.39132052  -0.03433892
0.40842945  -0.03583388
0.42565331  -0.03728465
0.44298198  -0.03867850
0.46040593  -0.04000259
0.47791625  -0.04124404
0.49550459  -0.04238999
0.51316314  -0.04342770
0.53088467  -0.04434461
0.54866242  -0.04512844
0.56649016  -0.04576722
0.58436214  -0.04624943
0.60227305  -0.04656400
0.62021803  -0.04670048
0.63819266  -0.04664903
0.65619289  -0.04640055
0.67421508  -0.04594673
0.69225594  -0.04528013
0.71031254  -0.04439429
0.72838225  -0.04328376
0.74646278  -0.04194419
0.76455210  -0.04037243
0.78264847  -0.03856657
0.80075038  -0.03652606
0.81885656  -0.03425174
0.83696596  -0.03174596
0.85507770  -0.02901262
0.87319109  -0.02605727
0.89130559  -0.02288718
0.90942079  -0.01951141
0.92753640  -0.01594089
0.94565221  -0.01218852
0.96376812  -0.00826921
0.98188406  -0.00419997
1.00000000  0.00000000
