NN16699
1.00000000  0.00000000
0.98188406  0.00993036
0.96376812  0.02012847
0.94565221  0.03054581
0.92753640  0.04113543
0.90942079  0.05185192
0.89130559  0.06265145
0.87319109  0.07349169
0.85507770  0.08433185
0.83696596  0.09513267
0.81885656  0.10585636
0.80075038  0.11646664
0.78264847  0.12692871
0.76455210  0.13720923
0.74646278  0.14727631
0.72838225  0.15709951
0.71031254  0.16664983
0.69225594  0.17589970
0.67421508  0.18482292
0.65619289  0.19339474
0.63819266  0.20159176
0.62021803  0.20939197
0.60227305  0.21677473
0.58436214  0.22372074
0.56649016  0.23021205
0.54866242  0.23623205
0.53088467  0.24176542
0.51316314  0.24679819
0.49550459  0.25131764
0.47791625  0.25531238
0.46040593  0.25877225
0.44298198  0.26168838
0.42565331  0.26405315
0.40842945  0.26586017
0.39132052  0.26710428
0.37433730  0.26778154
0.35749120  0.26788920
0.34079431  0.26742574
0.32425942  0.26639077
0.30790000  0.26478512
0.29173028  0.26261075
0.27576522  0.25987079
0.26002056  0.25656947
0.24451281  0.25271219
0.22925931  0.24830543
0.21427820  0.24335679
0.19958848  0.23787495
0.18521000  0.23186969
0.17116350  0.22535183
0.15747063  0.21833326
0.14415394  0.21082693
0.13123695  0.20284681
0.11874410  0.19440787
0.10670084  0.18552614
0.09513360  0.17621861
0.08406985  0.16650328
0.07353805  0.15639912
0.06356777  0.14592606
0.05418962  0.13510498
0.04543531  0.12395774
0.03733766  0.11250708
0.02993063  0.10077669
0.02324933  0.08879116
0.01733003  0.07657599
0.01221019  0.06415755
0.00792850  0.05156309
0.00452485  0.03882072
0.00204040  0.02595941
0.00051754  0.01300896
0.00000000  0.00000000
0.00000000  0.00000000
0.00051754  -0.00304803
0.00204040  -0.00602500
0.00452485  -0.00894054
0.00792850  -0.01180282
0.01221019  -0.01461856
0.01733003  -0.01739314
0.02324933  -0.02013063
0.02993063  -0.02283390
0.03733766  -0.02550465
0.04543531  -0.02814346
0.05418962  -0.03074993
0.06356777  -0.03332265
0.07353805  -0.03585934
0.08406985  -0.03835688
0.09513360  -0.04081138
0.10670084  -0.04321826
0.11874410  -0.04557230
0.13123695  -0.04786770
0.14415394  -0.05009818
0.15747063  -0.05225699
0.17116350  -0.05433704
0.18521000  -0.05633092
0.19958848  -0.05823097
0.21427820  -0.06002937
0.22925931  -0.06171819
0.24451281  -0.06328944
0.26002056  -0.06473516
0.27576522  -0.06604749
0.29173028  -0.06721871
0.30790000  -0.06824133
0.32425942  -0.06910812
0.34079431  -0.06981222
0.35749120  -0.07034720
0.37433730  -0.07070708
0.39132052  -0.07088644
0.40842945  -0.07088048
0.42565331  -0.07068507
0.44298198  -0.07029684
0.46040593  -0.06971320
0.47791625  -0.06893246
0.49550459  -0.06795387
0.51316314  -0.06677767
0.53088467  -0.06540520
0.54866242  -0.06383891
0.56649016  -0.06208247
0.58436214  -0.06014082
0.60227305  -0.05802022
0.62021803  -0.05572835
0.63819266  -0.05327435
0.65619289  -0.05066889
0.67421508  -0.04792425
0.69225594  -0.04505434
0.71031254  -0.04207484
0.72838225  -0.03900321
0.74646278  -0.03585876
0.76455210  -0.03266273
0.78264847  -0.02943837
0.80075038  -0.02621096
0.81885656  -0.02300793
0.83696596  -0.01985889
0.85507770  -0.01679569
0.87319109  -0.01385252
0.89130559  -0.01106594
0.90942079  -0.00847498
0.92753640  -0.00612117
0.94565221  -0.00404863
0.96376812  -0.00230414
0.98188406  -0.00093717
1.00000000  0.00000000
