NN16988
1.00000000  0.00000000
0.98188406  0.01914643
0.96376812  0.03665764
0.94565221  0.05264895
0.92753640  0.06722917
0.90942079  0.08050077
0.89130559  0.09256011
0.87319109  0.10349757
0.85507770  0.11339778
0.83696596  0.12233979
0.81885656  0.13039727
0.80075038  0.13763868
0.78264847  0.14412745
0.76455210  0.14992221
0.74646278  0.15507693
0.72838225  0.15964113
0.71031254  0.16366007
0.69225594  0.16717492
0.67421508  0.17022296
0.65619289  0.17283777
0.63819266  0.17504941
0.62021803  0.17688461
0.60227305  0.17836694
0.58436214  0.17951704
0.56649016  0.18035276
0.54866242  0.18088938
0.53088467  0.18113977
0.51316314  0.18111460
0.49550459  0.18082252
0.47791625  0.18027035
0.46040593  0.17946325
0.44298198  0.17840494
0.42565331  0.17709783
0.40842945  0.17554330
0.39132052  0.17374177
0.37433730  0.17169300
0.35749120  0.16939620
0.34079431  0.16685025
0.32425942  0.16405386
0.30790000  0.16100582
0.29173028  0.15770510
0.27576522  0.15415111
0.26002056  0.15034384
0.24451281  0.14628408
0.22925931  0.14197359
0.21427820  0.13741528
0.19958848  0.13261341
0.18521000  0.12757379
0.17116350  0.12230394
0.15747063  0.11681327
0.14415394  0.11111332
0.13123695  0.10521788
0.11874410  0.09914324
0.10670084  0.09290833
0.09513360  0.08653492
0.08406985  0.08004781
0.07353805  0.07347504
0.06356777  0.06684803
0.05418962  0.06020181
0.04543531  0.05357519
0.03733766  0.04701092
0.02993063  0.04055593
0.02324933  0.03426149
0.01733003  0.02818339
0.01221019  0.02238214
0.00792850  0.01692315
0.00452485  0.01187691
0.00204040  0.00731920
0.00051754  0.00333127
0.00000000  0.00000000
0.00000000  0.00000000
0.00051754  -0.00677131
0.00204040  -0.01361410
0.00452485  -0.02046916
0.00792850  -0.02728185
0.01221019  -0.03400197
0.01733003  -0.04058357
0.02324933  -0.04698488
0.02993063  -0.05316817
0.03733766  -0.05909959
0.04543531  -0.06474907
0.05418962  -0.07009016
0.06356777  -0.07509994
0.07353805  -0.07975884
0.08406985  -0.08405055
0.09513360  -0.08796188
0.10670084  -0.09148261
0.11874410  -0.09460539
0.13123695  -0.09732556
0.14415394  -0.09964108
0.15747063  -0.10155238
0.17116350  -0.10306218
0.18521000  -0.10417544
0.19958848  -0.10489917
0.21427820  -0.10524231
0.22925931  -0.10521564
0.24451281  -0.10483158
0.26002056  -0.10410412
0.27576522  -0.10304866
0.29173028  -0.10168189
0.30790000  -0.10002163
0.32425942  -0.09808676
0.34079431  -0.09589703
0.35749120  -0.09347296
0.37433730  -0.09083570
0.39132052  -0.08800690
0.40842945  -0.08500859
0.42565331  -0.08186302
0.44298198  -0.07859258
0.46040593  -0.07521962
0.47791625  -0.07176632
0.49550459  -0.06825462
0.51316314  -0.06470601
0.53088467  -0.06114146
0.54866242  -0.05758125
0.56649016  -0.05404486
0.58436214  -0.05055084
0.60227305  -0.04711666
0.62021803  -0.04375861
0.63819266  -0.04049165
0.65619289  -0.03732926
0.67421508  -0.03428335
0.69225594  -0.03136412
0.71031254  -0.02857990
0.72838225  -0.02593705
0.74646278  -0.02343980
0.76455210  -0.02109017
0.78264847  -0.01888779
0.80075038  -0.01682977
0.81885656  -0.01491062
0.83696596  -0.01312206
0.85507770  -0.01145292
0.87319109  -0.00988901
0.89130559  -0.00841298
0.90942079  -0.00700420
0.92753640  -0.00563860
0.94565221  -0.00428858
0.96376812  -0.00292286
0.98188406  -0.00150634
1.00000000  0.00000000
