NN16971
1.00000000  0.00000000
0.98188406  0.01532292
0.96376812  0.03019502
0.94565221  0.04460995
0.92753640  0.05856115
0.90942079  0.07204189
0.89130559  0.08504534
0.87319109  0.09756460
0.85507770  0.10959272
0.83696596  0.12112282
0.81885656  0.13214805
0.80075038  0.14266168
0.78264847  0.15265714
0.76455210  0.16212809
0.74646278  0.17106839
0.72838225  0.17947224
0.71031254  0.18733415
0.69225594  0.19464903
0.67421508  0.20141223
0.65619289  0.20761954
0.63819266  0.21326732
0.62021803  0.21835247
0.60227305  0.22287250
0.58436214  0.22682559
0.56649016  0.23021062
0.54866242  0.23302721
0.53088467  0.23527580
0.51316314  0.23695763
0.49550459  0.23807487
0.47791625  0.23863059
0.46040593  0.23862885
0.44298198  0.23807473
0.42565331  0.23697436
0.40842945  0.23533502
0.39132052  0.23316510
0.37433730  0.23047424
0.35749120  0.22727331
0.34079431  0.22357445
0.32425942  0.21939119
0.30790000  0.21473840
0.29173028  0.20963240
0.27576522  0.20409100
0.26002056  0.19813350
0.24451281  0.19178078
0.22925931  0.18505536
0.21427820  0.17798137
0.19958848  0.17058468
0.18521000  0.16289289
0.17116350  0.15493541
0.15747063  0.14674347
0.14415394  0.13835020
0.13123695  0.12979065
0.11874410  0.12110185
0.10670084  0.11232287
0.09513360  0.10349482
0.08406985  0.09466092
0.07353805  0.08586658
0.06356777  0.07715938
0.05418962  0.06858917
0.04543531  0.06020808
0.03733766  0.05207059
0.02993063  0.04423356
0.02324933  0.03675627
0.01733003  0.02970050
0.01221019  0.02313053
0.00792850  0.01711322
0.00452485  0.01171803
0.00204040  0.00701709
0.00051754  0.00308522
0.00000000  0.00000000
0.00000000  0.00000000
0.00051754  -0.01291488
0.00204040  -0.02489094
0.00452485  -0.03596299
0.00792850  -0.04616563
0.01221019  -0.05553314
0.01733003  -0.06409954
0.02324933  -0.07189852
0.02993063  -0.07896341
0.03733766  -0.08532715
0.04543531  -0.09102229
0.05418962  -0.09608096
0.06356777  -0.10053480
0.07353805  -0.10441499
0.08406985  -0.10775217
0.09513360  -0.11057648
0.10670084  -0.11291746
0.11874410  -0.11480406
0.13123695  -0.11626462
0.14415394  -0.11732683
0.15747063  -0.11801771
0.17116350  -0.11836357
0.18521000  -0.11838999
0.19958848  -0.11812181
0.21427820  -0.11758308
0.22925931  -0.11679703
0.24451281  -0.11578608
0.26002056  -0.11457177
0.27576522  -0.11317476
0.29173028  -0.11161477
0.30790000  -0.10991062
0.32425942  -0.10808012
0.34079431  -0.10614012
0.35749120  -0.10410641
0.37433730  -0.10199375
0.39132052  -0.09981582
0.40842945  -0.09758521
0.42565331  -0.09531335
0.44298198  -0.09301054
0.46040593  -0.09068587
0.47791625  -0.08834724
0.49550459  -0.08600131
0.51316314  -0.08365347
0.53088467  -0.08130780
0.54866242  -0.07896710
0.56649016  -0.07663279
0.58436214  -0.07430494
0.60227305  -0.07198220
0.62021803  -0.06966182
0.63819266  -0.06733957
0.65619289  -0.06500976
0.67421508  -0.06266518
0.69225594  -0.06029710
0.71031254  -0.05789521
0.72838225  -0.05544764
0.74646278  -0.05294088
0.76455210  -0.05035979
0.78264847  -0.04768757
0.80075038  -0.04490571
0.81885656  -0.04199398
0.83696596  -0.03893041
0.85507770  -0.03569126
0.87319109  -0.03225097
0.89130559  -0.02858217
0.90942079  -0.02465561
0.92753640  -0.02044018
0.94565221  -0.01590286
0.96376812  -0.01100867
0.98188406  -0.00572069
1.00000000  0.00000000
