NN16740
1.00000000  0.00000000
0.98188406  0.01758386
0.96376812  0.03397342
0.94565221  0.04923346
0.92753640  0.06342584
0.90942079  0.07660957
0.89130559  0.08884089
0.87319109  0.10017332
0.85507770  0.11065771
0.83696596  0.12034235
0.81885656  0.12927296
0.80075038  0.13749283
0.78264847  0.14504282
0.76455210  0.15196146
0.74646278  0.15828500
0.72838225  0.16404749
0.71031254  0.16928081
0.69225594  0.17401476
0.67421508  0.17827712
0.65619289  0.18209370
0.63819266  0.18548841
0.62021803  0.18848333
0.60227305  0.19109877
0.58436214  0.19335332
0.56649016  0.19526394
0.54866242  0.19684599
0.53088467  0.19811332
0.51316314  0.19907832
0.49550459  0.19975197
0.47791625  0.20014395
0.46040593  0.20026265
0.44298198  0.20011527
0.42565331  0.19970784
0.40842945  0.19904534
0.39132052  0.19813172
0.37433730  0.19696999
0.35749120  0.19556225
0.34079431  0.19390979
0.32425942  0.19201314
0.30790000  0.18987210
0.29173028  0.18748587
0.27576522  0.18485305
0.26002056  0.18197175
0.24451281  0.17883961
0.22925931  0.17545389
0.21427820  0.17181154
0.19958848  0.16790923
0.18521000  0.16374347
0.17116350  0.15931060
0.15747063  0.15460690
0.14415394  0.14962866
0.13123695  0.14437220
0.11874410  0.13883399
0.10670084  0.13301065
0.09513360  0.12689907
0.08406985  0.12049643
0.07353805  0.11380031
0.06356777  0.10680869
0.05418962  0.09952006
0.04543531  0.09193350
0.03733766  0.08404866
0.02993063  0.07586592
0.02324933  0.06738639
0.01733003  0.05861200
0.01221019  0.04954556
0.00792850  0.04019081
0.00452485  0.03055250
0.00204040  0.02063643
0.00051754  0.01044956
0.00000000  0.00000000
0.00000000  0.00000000
0.00051754  -0.00651272
0.00204040  -0.01252393
0.00452485  -0.01805673
0.00792850  -0.02313325
0.01221019  -0.02777473
0.01733003  -0.03200151
0.02324933  -0.03583312
0.02993063  -0.03928822
0.03733766  -0.04238473
0.04543531  -0.04513977
0.05418962  -0.04756975
0.06356777  -0.04969036
0.07353805  -0.05151664
0.08406985  -0.05306295
0.09513360  -0.05434306
0.10670084  -0.05537015
0.11874410  -0.05615684
0.13123695  -0.05671522
0.14415394  -0.05705688
0.15747063  -0.05719295
0.17116350  -0.05713409
0.18521000  -0.05689059
0.19958848  -0.05647233
0.21427820  -0.05588884
0.22925931  -0.05514932
0.24451281  -0.05426271
0.26002056  -0.05323763
0.27576522  -0.05208250
0.29173028  -0.05080552
0.30790000  -0.04941472
0.32425942  -0.04791797
0.34079431  -0.04632303
0.35749120  -0.04463756
0.37433730  -0.04286916
0.39132052  -0.04102539
0.40842945  -0.03911383
0.42565331  -0.03714206
0.44298198  -0.03511773
0.46040593  -0.03304857
0.47791625  -0.03094241
0.49550459  -0.02880725
0.51316314  -0.02665124
0.53088467  -0.02448272
0.54866242  -0.02231029
0.56649016  -0.02014280
0.58436214  -0.01798936
0.60227305  -0.01585944
0.62021803  -0.01376282
0.63819266  -0.01170967
0.65619289  -0.00971057
0.67421508  -0.00777653
0.69225594  -0.00591901
0.71031254  -0.00414999
0.72838225  -0.00248193
0.74646278  -0.00092788
0.76455210  0.00049854
0.78264847  0.00178313
0.80075038  0.00291102
0.81885656  0.00386668
0.83696596  0.00463389
0.85507770  0.00519571
0.87319109  0.00553443
0.89130559  0.00563157
0.90942079  0.00546783
0.92753640  0.00502308
0.94565221  0.00427629
0.96376812  0.00320557
0.98188406  0.00178807
1.00000000  0.00000000
