NN16715
1.00000000  0.00000000
0.98188406  0.01352363
0.96376812  0.02620550
0.94565221  0.03809829
0.92753640  0.04925135
0.90942079  0.05971079
0.89130559  0.06951958
0.87319109  0.07871766
0.85507770  0.08734204
0.83696596  0.09542692
0.81885656  0.10300375
0.80075038  0.11010141
0.78264847  0.11674623
0.76455210  0.12296216
0.74646278  0.12877083
0.72838225  0.13419170
0.71031254  0.13924211
0.69225594  0.14393741
0.67421508  0.14829110
0.65619289  0.15231486
0.63819266  0.15601873
0.62021803  0.15941114
0.60227305  0.16249908
0.58436214  0.16528817
0.56649016  0.16778278
0.54866242  0.16998611
0.53088467  0.17190032
0.51316314  0.17352663
0.49550459  0.17486540
0.47791625  0.17591628
0.46040593  0.17667825
0.44298198  0.17714980
0.42565331  0.17732898
0.40842945  0.17721351
0.39132052  0.17680091
0.37433730  0.17608859
0.35749120  0.17507393
0.34079431  0.17375444
0.32425942  0.17212780
0.30790000  0.17019203
0.29173028  0.16794553
0.27576522  0.16538722
0.26002056  0.16251666
0.24451281  0.15933411
0.22925931  0.15584068
0.21427820  0.15203837
0.19958848  0.14793027
0.18521000  0.14352057
0.17116350  0.13881473
0.15747063  0.13381954
0.14415394  0.12854325
0.13123695  0.12299568
0.11874410  0.11718829
0.10670084  0.11113431
0.09513360  0.10484887
0.08406985  0.09834904
0.07353805  0.09165397
0.06356777  0.08478503
0.05418962  0.07776583
0.04543531  0.07062240
0.03733766  0.06338327
0.02993063  0.05607955
0.02324933  0.04874507
0.01733003  0.04141646
0.01221019  0.03413328
0.00792850  0.02693809
0.00452485  0.01987658
0.00204040  0.01299765
0.00051754  0.00635357
0.00000000  0.00000000
0.00000000  0.00000000
0.00051754  -0.00615579
0.00204040  -0.01151535
0.00452485  -0.01611852
0.00792850  -0.02000526
0.01221019  -0.02321566
0.01733003  -0.02578984
0.02324933  -0.02776787
0.02993063  -0.02918972
0.03733766  -0.03009517
0.04543531  -0.03052375
0.05418962  -0.03051469
0.06356777  -0.03010679
0.07353805  -0.02933842
0.08406985  -0.02824742
0.09513360  -0.02687099
0.10670084  -0.02524570
0.11874410  -0.02340735
0.13123695  -0.02139094
0.14415394  -0.01923057
0.15747063  -0.01695941
0.17116350  -0.01460958
0.18521000  -0.01221213
0.19958848  -0.00979691
0.21427820  -0.00739256
0.22925931  -0.00502642
0.24451281  -0.00272442
0.26002056  -0.00051108
0.27576522  0.00159062
0.29173028  0.00355929
0.30790000  0.00537518
0.32425942  0.00702029
0.34079431  0.00847841
0.35749120  0.00973519
0.37433730  0.01077823
0.39132052  0.01159714
0.40842945  0.01218362
0.42565331  0.01253150
0.44298198  0.01263684
0.46040593  0.01249801
0.47791625  0.01211571
0.49550459  0.01149311
0.51316314  0.01063584
0.53088467  0.00955214
0.54866242  0.00825288
0.56649016  0.00675163
0.58436214  0.00506478
0.60227305  0.00321154
0.62021803  0.00121407
0.63819266  -0.00090250
0.65619289  -0.00310994
0.67421508  -0.00537692
0.69225594  -0.00766888
0.71031254  -0.00994798
0.72838225  -0.01217304
0.74646278  -0.01429947
0.76455210  -0.01627919
0.78264847  -0.01806054
0.80075038  -0.01958824
0.81885656  -0.02080334
0.83696596  -0.02164307
0.85507770  -0.02204087
0.87319109  -0.02192622
0.89130559  -0.02122466
0.90942079  -0.01985766
0.92753640  -0.01774256
0.94565221  -0.01479252
0.96376812  -0.01091644
0.98188406  -0.00601888
1.00000000  0.00000000
