NN16472
1.00000000  0.00000000
0.98188406  0.02346063
0.96376812  0.04565790
0.94565221  0.06658571
0.92753640  0.08624188
0.90942079  0.10462801
0.89130559  0.12174927
0.87319109  0.13761430
0.85507770  0.15223505
0.83696596  0.16562660
0.81885656  0.17780702
0.80075038  0.18879725
0.78264847  0.19862090
0.76455210  0.20730411
0.74646278  0.21487542
0.72838225  0.22136558
0.71031254  0.22680744
0.69225594  0.23123577
0.67421508  0.23468709
0.65619289  0.23719956
0.63819266  0.23881282
0.62021803  0.23956778
0.60227305  0.23950656
0.58436214  0.23867225
0.56649016  0.23710882
0.54866242  0.23486093
0.53088467  0.23197379
0.51316314  0.22849302
0.49550459  0.22446446
0.47791625  0.21993406
0.46040593  0.21494772
0.44298198  0.20955109
0.42565331  0.20378948
0.40842945  0.19770767
0.39132052  0.19134977
0.37433730  0.18475908
0.35749120  0.17797788
0.34079431  0.17104737
0.32425942  0.16400743
0.30790000  0.15689652
0.29173028  0.14975150
0.27576522  0.14260749
0.26002056  0.13549773
0.24451281  0.12845340
0.22925931  0.12150347
0.21427820  0.11467457
0.19958848  0.10799083
0.18521000  0.10147369
0.17116350  0.09514183
0.15747063  0.08901090
0.14415394  0.08309350
0.13123695  0.07739891
0.11874410  0.07193300
0.10670084  0.06669808
0.09513360  0.06169271
0.08406985  0.05691159
0.07353805  0.05234537
0.06356777  0.04798051
0.05418962  0.04379914
0.04543531  0.03977890
0.03733766  0.03589277
0.02993063  0.03210896
0.02324933  0.02839069
0.01733003  0.02469610
0.01221019  0.02097808
0.00792850  0.01718409
0.00452485  0.01325604
0.00204040  0.00913013
0.00051754  0.00473668
0.00000000  0.00000000
0.00000000  0.00000000
0.00051754  -0.00323959
0.00204040  -0.00621780
0.00452485  -0.00896389
0.00792850  -0.01150500
0.01221019  -0.01386625
0.01733003  -0.01607078
0.02324933  -0.01813979
0.02993063  -0.02009265
0.03733766  -0.02194691
0.04543531  -0.02371837
0.05418962  -0.02542118
0.06356777  -0.02706783
0.07353805  -0.02866930
0.08406985  -0.03023501
0.09513360  -0.03177298
0.10670084  -0.03328984
0.11874410  -0.03479089
0.13123695  -0.03628016
0.14415394  -0.03776050
0.15747063  -0.03923360
0.17116350  -0.04070008
0.18521000  -0.04215952
0.19958848  -0.04361055
0.21427820  -0.04505089
0.22925931  -0.04647742
0.24451281  -0.04788623
0.26002056  -0.04927269
0.27576522  -0.05063151
0.29173028  -0.05195679
0.30790000  -0.05324207
0.32425942  -0.05448044
0.34079431  -0.05566454
0.35749120  -0.05678664
0.37433730  -0.05783871
0.39132052  -0.05881249
0.40842945  -0.05969951
0.42565331  -0.06049118
0.44298198  -0.06117885
0.46040593  -0.06175387
0.47791625  -0.06220761
0.49550459  -0.06253159
0.51316314  -0.06271748
0.53088467  -0.06275720
0.54866242  -0.06264293
0.56649016  -0.06236724
0.58436214  -0.06192308
0.60227305  -0.06130389
0.62021803  -0.06050363
0.63819266  -0.05951686
0.65619289  -0.05833879
0.67421508  -0.05696532
0.69225594  -0.05539316
0.71031254  -0.05361980
0.72838225  -0.05164367
0.74646278  -0.04946410
0.76455210  -0.04708147
0.78264847  -0.04449721
0.80075038  -0.04171387
0.81885656  -0.03873521
0.83696596  -0.03556623
0.85507770  -0.03221322
0.87319109  -0.02868387
0.89130559  -0.02498727
0.90942079  -0.02113401
0.92753640  -0.01713622
0.94565221  -0.01300765
0.96376812  -0.00876371
0.98188406  -0.00442151
1.00000000  0.00000000
