NN16173
1.00000000  0.00000000
0.98188406  0.00918744
0.96376812  0.01830318
0.94565221  0.02733111
0.92753640  0.03625561
0.90942079  0.04506159
0.89130559  0.05373441
0.87319109  0.06225992
0.85507770  0.07062448
0.83696596  0.07881489
0.81885656  0.08681844
0.80075038  0.09462287
0.78264847  0.10221639
0.76455210  0.10958767
0.74646278  0.11672583
0.72838225  0.12362041
0.71031254  0.13026144
0.69225594  0.13663936
0.67421508  0.14274503
0.65619289  0.14856975
0.63819266  0.15410527
0.62021803  0.15934372
0.60227305  0.16427766
0.58436214  0.16890005
0.56649016  0.17320428
0.54866242  0.17718412
0.53088467  0.18083372
0.51316314  0.18414766
0.49550459  0.18712088
0.47791625  0.18974870
0.46040593  0.19202683
0.44298198  0.19395134
0.42565331  0.19551868
0.40842945  0.19672565
0.39132052  0.19756942
0.37433730  0.19804751
0.35749120  0.19815777
0.34079431  0.19789843
0.32425942  0.19726802
0.30790000  0.19626544
0.29173028  0.19488991
0.27576522  0.19314095
0.26002056  0.19101844
0.24451281  0.18852254
0.22925931  0.18565376
0.21427820  0.18241287
0.19958848  0.17880100
0.18521000  0.17481952
0.17116350  0.17047012
0.15747063  0.16575479
0.14415394  0.16067579
0.13123695  0.15523565
0.11874410  0.14943718
0.10670084  0.14328347
0.09513360  0.13677788
0.08406985  0.12992399
0.07353805  0.12272569
0.06356777  0.11518709
0.05418962  0.10731253
0.04543531  0.09910664
0.03733766  0.09057425
0.02993063  0.08172043
0.02324933  0.07255047
0.01733003  0.06306991
0.01221019  0.05328449
0.00792850  0.04320015
0.00452485  0.03282306
0.00204040  0.02215960
0.00051754  0.01121632
0.00000000  0.00000000
0.00000000  0.00000000
0.00051754  -0.00761466
0.00204040  -0.01464701
0.00452485  -0.02114813
0.00792850  -0.02716523
0.01221019  -0.03274181
0.01733003  -0.03791777
0.02324933  -0.04272955
0.02993063  -0.04721027
0.03733766  -0.05138985
0.04543531  -0.05529517
0.05418962  -0.05895017
0.06356777  -0.06237601
0.07353805  -0.06559119
0.08406985  -0.06861168
0.09513360  -0.07145106
0.10670084  -0.07412068
0.11874410  -0.07662972
0.13123695  -0.07898542
0.14415394  -0.08119312
0.15747063  -0.08325647
0.17116350  -0.08517752
0.18521000  -0.08695686
0.19958848  -0.08859376
0.21427820  -0.09008631
0.22925931  -0.09143152
0.24451281  -0.09262552
0.26002056  -0.09366361
0.27576522  -0.09454045
0.29173028  -0.09525020
0.30790000  -0.09578660
0.32425942  -0.09614315
0.34079431  -0.09631324
0.35749120  -0.09629024
0.37433730  -0.09606771
0.39132052  -0.09563946
0.40842945  -0.09499972
0.42565331  -0.09414326
0.44298198  -0.09306555
0.46040593  -0.09176285
0.47791625  -0.09023239
0.49550459  -0.08847245
0.51316314  -0.08648256
0.53088467  -0.08426357
0.54866242  -0.08181782
0.56649016  -0.07914928
0.58436214  -0.07626363
0.60227305  -0.07316848
0.62021803  -0.06987341
0.63819266  -0.06639018
0.65619289  -0.06273281
0.67421508  -0.05891775
0.69225594  -0.05496399
0.71031254  -0.05089321
0.72838225  -0.04672991
0.74646278  -0.04250152
0.76455210  -0.03823857
0.78264847  -0.03397479
0.80075038  -0.02974729
0.81885656  -0.02559662
0.83696596  -0.02156698
0.85507770  -0.01770632
0.87319109  -0.01406645
0.89130559  -0.01070321
0.90942079  -0.00767660
0.92753640  -0.00505090
0.94565221  -0.00289478
0.96376812  -0.00128151
0.98188406  -0.00028900
1.00000000  0.00000000
