NN1724
1.00000000  0.00000000
0.98188406  0.00989227
0.96376812  0.01955846
0.94565221  0.02899259
0.92753640  0.03818905
0.90942079  0.04714253
0.89130559  0.05584807
0.87319109  0.06430099
0.85507770  0.07249692
0.83696596  0.08043177
0.81885656  0.08810172
0.80075038  0.09550321
0.78264847  0.10263292
0.76455210  0.10948777
0.74646278  0.11606489
0.72838225  0.12236165
0.71031254  0.12837558
0.69225594  0.13410441
0.67421508  0.13954606
0.65619289  0.14469860
0.63819266  0.14956023
0.62021803  0.15412932
0.60227305  0.15840435
0.58436214  0.16238390
0.56649016  0.16606667
0.54866242  0.16945145
0.53088467  0.17253709
0.51316314  0.17532252
0.49550459  0.17780671
0.47791625  0.17998869
0.46040593  0.18186748
0.44298198  0.18344217
0.42565331  0.18471181
0.40842945  0.18567546
0.39132052  0.18633215
0.37433730  0.18668090
0.35749120  0.18672066
0.34079431  0.18645034
0.32425942  0.18586877
0.30790000  0.18497471
0.29173028  0.18376682
0.27576522  0.18224365
0.26002056  0.18040365
0.24451281  0.17824514
0.22925931  0.17576627
0.21427820  0.17296507
0.19958848  0.16983938
0.18521000  0.16638689
0.17116350  0.16260507
0.15747063  0.15849121
0.14415394  0.15404238
0.13123695  0.14925542
0.11874410  0.14412694
0.10670084  0.13865328
0.09513360  0.13283055
0.08406985  0.12665456
0.07353805  0.12012084
0.06356777  0.11322463
0.05418962  0.10596085
0.04543531  0.09832409
0.03733766  0.09030863
0.02993063  0.08190837
0.02324933  0.07311689
0.01733003  0.06392736
0.01221019  0.05433260
0.00792850  0.04432501
0.00452485  0.03389658
0.00204040  0.02303892
0.00051754  0.01174315
0.00000000  0.00000000
0.00000000  0.00000000
0.00051754  -0.01280941
0.00204040  -0.02472019
0.00452485  -0.03577746
0.00792850  -0.04602468
0.01221019  -0.05550377
0.01733003  -0.06425503
0.02324933  -0.07231724
0.02993063  -0.07972765
0.03733766  -0.08652201
0.04543531  -0.09273459
0.05418962  -0.09839819
0.06356777  -0.10354420
0.07353805  -0.10820259
0.08406985  -0.11240195
0.09513360  -0.11616948
0.10670084  -0.11953109
0.11874410  -0.12251131
0.13123695  -0.12513344
0.14415394  -0.12741945
0.15747063  -0.12939011
0.17116350  -0.13106493
0.18521000  -0.13246225
0.19958848  -0.13359920
0.21427820  -0.13449176
0.22925931  -0.13515480
0.24451281  -0.13560206
0.26002056  -0.13584620
0.27576522  -0.13589880
0.29173028  -0.13577044
0.30790000  -0.13547063
0.32425942  -0.13500792
0.34079431  -0.13438989
0.35749120  -0.13362314
0.37433730  -0.13271339
0.39132052  -0.13166542
0.40842945  -0.13048315
0.42565331  -0.12916963
0.44298198  -0.12772710
0.46040593  -0.12615696
0.47791625  -0.12445984
0.49550459  -0.12263561
0.51316314  -0.12068339
0.53088467  -0.11860159
0.54866242  -0.11638791
0.56649016  -0.11403940
0.58436214  -0.11155244
0.60227305  -0.10892279
0.62021803  -0.10614563
0.63819266  -0.10321553
0.65619289  -0.10012651
0.67421508  -0.09687207
0.69225594  -0.09344519
0.71031254  -0.08983837
0.72838225  -0.08604362
0.74646278  -0.08205255
0.76455210  -0.07785632
0.78264847  -0.07344571
0.80075038  -0.06881112
0.81885656  -0.06394260
0.83696596  -0.05882988
0.85507770  -0.05346240
0.87319109  -0.04782928
0.89130559  -0.04191943
0.90942079  -0.03572149
0.92753640  -0.02922391
0.94565221  -0.02241495
0.96376812  -0.01528270
0.98188406  -0.00781510
1.00000000  0.00000000
