NN17231
1.00000000  0.00000000
0.98188406  0.01270804
0.96376812  0.02458952
0.94565221  0.03570993
0.92753640  0.04613042
0.90942079  0.05590787
0.89130559  0.06509505
0.87319109  0.07374076
0.85507770  0.08188991
0.83696596  0.08958369
0.81885656  0.09685965
0.80075038  0.10375187
0.78264847  0.11029105
0.76455210  0.11650467
0.74646278  0.12241707
0.72838225  0.12804962
0.71031254  0.13342080
0.69225594  0.13854638
0.67421508  0.14343949
0.65619289  0.14811077
0.63819266  0.15256851
0.62021803  0.15681875
0.60227305  0.16086541
0.58436214  0.16471043
0.56649016  0.16835387
0.54866242  0.17179405
0.53088467  0.17502770
0.51316314  0.17805002
0.49550459  0.18085488
0.47791625  0.18343488
0.46040593  0.18578152
0.44298198  0.18788530
0.42565331  0.18973586
0.40842945  0.19132211
0.39132052  0.19263231
0.37433730  0.19365427
0.35749120  0.19437540
0.34079431  0.19478289
0.32425942  0.19486381
0.30790000  0.19460522
0.29173028  0.19399433
0.27576522  0.19301863
0.26002056  0.19166594
0.24451281  0.18992464
0.22925931  0.18778372
0.21427820  0.18523292
0.19958848  0.18226288
0.18521000  0.17886526
0.17116350  0.17503281
0.15747063  0.17075958
0.14415394  0.16604098
0.13123695  0.16087395
0.11874410  0.15525704
0.10670084  0.14919058
0.09513360  0.14267675
0.08406985  0.13571978
0.07353805  0.12832601
0.06356777  0.12050403
0.05418962  0.11226484
0.04543531  0.10362193
0.03733766  0.09459142
0.02993063  0.08519219
0.02324933  0.07544602
0.01733003  0.06537768
0.01221019  0.05501507
0.00792850  0.04438938
0.00452485  0.03353513
0.00204040  0.02249040
0.00051754  0.01129688
0.00000000  0.00000000
0.00000000  0.00000000
0.00051754  -0.00840535
0.00204040  -0.01598105
0.00452485  -0.02277396
0.00792850  -0.02882993
0.01221019  -0.03419383
0.01733003  -0.03890946
0.02324933  -0.04301960
0.02993063  -0.04656594
0.03733766  -0.04958907
0.04543531  -0.05212848
0.05418962  -0.05422252
0.06356777  -0.05590836
0.07353805  -0.05722203
0.08406985  -0.05819834
0.09513360  -0.05887089
0.10670084  -0.05927203
0.11874410  -0.05943286
0.13123695  -0.05938320
0.14415394  -0.05915158
0.15747063  -0.05876518
0.17116350  -0.05824986
0.18521000  -0.05763013
0.19958848  -0.05692908
0.21427820  -0.05616844
0.22925931  -0.05536847
0.24451281  -0.05454803
0.26002056  -0.05372449
0.27576522  -0.05291373
0.29173028  -0.05213015
0.30790000  -0.05138659
0.32425942  -0.05069437
0.34079431  -0.05006324
0.35749120  -0.04950134
0.37433730  -0.04901521
0.39132052  -0.04860979
0.40842945  -0.04828832
0.42565331  -0.04805242
0.44298198  -0.04790197
0.46040593  -0.04783517
0.47791625  -0.04784849
0.49550459  -0.04793663
0.51316314  -0.04809253
0.53088467  -0.04830732
0.54866242  -0.04857033
0.56649016  -0.04886904
0.58436214  -0.04918911
0.60227305  -0.04951428
0.62021803  -0.04982641
0.63819266  -0.05010546
0.65619289  -0.05032942
0.67421508  -0.05047434
0.69225594  -0.05051430
0.71031254  -0.05042137
0.72838225  -0.05016559
0.74646278  -0.04971496
0.76455210  -0.04903545
0.78264847  -0.04809092
0.80075038  -0.04684312
0.81885656  -0.04525170
0.83696596  -0.04327415
0.85507770  -0.04086581
0.87319109  -0.03797982
0.89130559  -0.03456714
0.90942079  -0.03057646
0.92753640  -0.02595428
0.94565221  -0.02064477
0.96376812  -0.01458988
0.98188406  -0.00772919
1.00000000  0.00000000
