NN17861
1.00000000  0.00000000
0.98188406  0.01299531
0.96376812  0.02535222
0.94565221  0.03711111
0.92753640  0.04830967
0.90942079  0.05898291
0.89130559  0.06916324
0.87319109  0.07888057
0.85507770  0.08816237
0.83696596  0.09703376
0.81885656  0.10551757
0.80075038  0.11363440
0.78264847  0.12140276
0.76455210  0.12883907
0.74646278  0.13595777
0.72838225  0.14277142
0.71031254  0.14929073
0.69225594  0.15552465
0.67421508  0.16148047
0.65619289  0.16716387
0.63819266  0.17257900
0.62021803  0.17772857
0.60227305  0.18261389
0.58436214  0.18723501
0.56649016  0.19159072
0.54866242  0.19567869
0.53088467  0.19949550
0.51316314  0.20303673
0.49550459  0.20629706
0.47791625  0.20927032
0.46040593  0.21194956
0.44298198  0.21432715
0.42565331  0.21639482
0.40842945  0.21814379
0.39132052  0.21956480
0.37433730  0.22064820
0.35749120  0.22138402
0.34079431  0.22176206
0.32425942  0.22177195
0.30790000  0.22140325
0.29173028  0.22064549
0.27576522  0.21948828
0.26002056  0.21792136
0.24451281  0.21593469
0.22925931  0.21351853
0.21427820  0.21066348
0.19958848  0.20736063
0.18521000  0.20360154
0.17116350  0.19937841
0.15747063  0.19468408
0.14415394  0.18951214
0.13123695  0.18385703
0.11874410  0.17771405
0.10670084  0.17107951
0.09513360  0.16395074
0.08406985  0.15632621
0.07353805  0.14820560
0.06356777  0.13958985
0.05418962  0.13048127
0.04543531  0.12088358
0.03733766  0.11080202
0.02993063  0.10024340
0.02324933  0.08921621
0.01733003  0.07773063
0.01221019  0.06579869
0.00792850  0.05343427
0.00452485  0.04065324
0.00204040  0.02747349
0.00051754  0.01391501
0.00000000  0.00000000
0.00000000  0.00000000
0.00051754  -0.01095041
0.00204040  -0.02077786
0.00452485  -0.02955175
0.00792850  -0.03733825
0.01221019  -0.04420041
0.01733003  -0.05019825
0.02324933  -0.05538880
0.02993063  -0.05982628
0.03733766  -0.06356211
0.04543531  -0.06664505
0.05418962  -0.06912127
0.06356777  -0.07103445
0.07353805  -0.07242588
0.08406985  -0.07333453
0.09513360  -0.07379716
0.10670084  -0.07384840
0.11874410  -0.07352086
0.13123695  -0.07284519
0.14415394  -0.07185020
0.15747063  -0.07056294
0.17116350  -0.06900881
0.18521000  -0.06721161
0.19958848  -0.06519367
0.21427820  -0.06297593
0.22925931  -0.06057803
0.24451281  -0.05801839
0.26002056  -0.05531433
0.27576522  -0.05248215
0.29173028  -0.04953718
0.30790000  -0.04649396
0.32425942  -0.04336625
0.34079431  -0.04016715
0.35749120  -0.03690921
0.37433730  -0.03360449
0.39132052  -0.03026469
0.40842945  -0.02690119
0.42565331  -0.02352518
0.44298198  -0.02014777
0.46040593  -0.01678000
0.47791625  -0.01343304
0.49550459  -0.01011820
0.51316314  -0.00684704
0.53088467  -0.00363150
0.54866242  -0.00048393
0.56649016  0.00258276
0.58436214  0.00555505
0.60227305  0.00841870
0.62021803  0.01115865
0.63819266  0.01375895
0.65619289  0.01620266
0.67421508  0.01847175
0.69225594  0.02054701
0.71031254  0.02240797
0.72838225  0.02403281
0.74646278  0.02539823
0.76455210  0.02647942
0.78264847  0.02724992
0.80075038  0.02768154
0.81885656  0.02774428
0.83696596  0.02740623
0.85507770  0.02663348
0.87319109  0.02539002
0.89130559  0.02363768
0.90942079  0.02133597
0.92753640  0.01844208
0.94565221  0.01491071
0.96376812  0.01069402
0.98188406  0.00574152
1.00000000  0.00000000
