NN17042
1.00000000  0.00000000
0.98188406  0.00646704
0.96376812  0.01248917
0.94565221  0.01811249
0.92753640  0.02337973
0.90942079  0.02833036
0.89130559  0.03300070
0.87319109  0.03742398
0.85507770  0.04163049
0.83696596  0.04564763
0.81885656  0.04950003
0.80075038  0.05320962
0.78264847  0.05679577
0.76455210  0.06027536
0.74646278  0.06366286
0.72838225  0.06697047
0.71031254  0.07020816
0.69225594  0.07338383
0.67421508  0.07650335
0.65619289  0.07957071
0.63819266  0.08258805
0.62021803  0.08555582
0.60227305  0.08847284
0.58436214  0.09133642
0.56649016  0.09414241
0.54866242  0.09688536
0.53088467  0.09955858
0.51316314  0.10215424
0.49550459  0.10466345
0.47791625  0.10707641
0.46040593  0.10938244
0.44298198  0.11157013
0.42565331  0.11362739
0.40842945  0.11554160
0.39132052  0.11729965
0.37433730  0.11888809
0.35749120  0.12029316
0.34079431  0.12150097
0.32425942  0.12249753
0.30790000  0.12326886
0.29173028  0.12380113
0.27576522  0.12408068
0.26002056  0.12409418
0.24451281  0.12382870
0.22925931  0.12327182
0.21427820  0.12241171
0.19958848  0.12123722
0.18521000  0.11973803
0.17116350  0.11790465
0.15747063  0.11572863
0.14415394  0.11320256
0.13123695  0.11032021
0.11874410  0.10707665
0.10670084  0.10346829
0.09513360  0.09949302
0.08406985  0.09515028
0.07353805  0.09044117
0.06356777  0.08536856
0.05418962  0.07993715
0.04543531  0.07415361
0.03733766  0.06802662
0.02993063  0.06156703
0.02324933  0.05478792
0.01733003  0.04770469
0.01221019  0.04033518
0.00792850  0.03269976
0.00452485  0.02482141
0.00204040  0.01672584
0.00051754  0.00844156
0.00000000  0.00000000
0.00000000  0.00000000
0.00051754  -0.00244620
0.00204040  -0.00454750
0.00452485  -0.00633717
0.00792850  -0.00784693
0.01221019  -0.00910698
0.01733003  -0.01014602
0.02324933  -0.01099126
0.02993063  -0.01166845
0.03733766  -0.01220189
0.04543531  -0.01261448
0.05418962  -0.01292770
0.06356777  -0.01316165
0.07353805  -0.01333510
0.08406985  -0.01346546
0.09513360  -0.01356881
0.10670084  -0.01365996
0.11874410  -0.01375243
0.13123695  -0.01385849
0.14415394  -0.01398918
0.15747063  -0.01415431
0.17116350  -0.01436253
0.18521000  -0.01462127
0.19958848  -0.01493686
0.21427820  -0.01531446
0.22925931  -0.01575814
0.24451281  -0.01627089
0.26002056  -0.01685460
0.27576522  -0.01751014
0.29173028  -0.01823734
0.30790000  -0.01903504
0.32425942  -0.01990107
0.34079431  -0.02083232
0.35749120  -0.02182472
0.37433730  -0.02287328
0.39132052  -0.02397211
0.40842945  -0.02511445
0.42565331  -0.02629265
0.44298198  -0.02749824
0.46040593  -0.02872194
0.47791625  -0.02995365
0.49550459  -0.03118251
0.51316314  -0.03239688
0.53088467  -0.03358441
0.54866242  -0.03473201
0.56649016  -0.03582591
0.58436214  -0.03685167
0.60227305  -0.03779418
0.62021803  -0.03863772
0.63819266  -0.03936592
0.65619289  -0.03996187
0.67421508  -0.04040804
0.69225594  -0.04068639
0.71031254  -0.04077831
0.72838225  -0.04066473
0.74646278  -0.04032605
0.76455210  -0.03974223
0.78264847  -0.03889277
0.80075038  -0.03775674
0.81885656  -0.03631282
0.83696596  -0.03453931
0.85507770  -0.03241412
0.87319109  -0.02991484
0.89130559  -0.02701873
0.90942079  -0.02370275
0.92753640  -0.01994358
0.94565221  -0.01571765
0.96376812  -0.01100113
0.98188406  -0.00577000
1.00000000  0.00000000
