NN17604
1.00000000  0.00000000
0.98188406  0.01497537
0.96376812  0.02966695
0.94565221  0.04402469
0.92753640  0.05800242
0.90942079  0.07155783
0.89130559  0.08465233
0.87319109  0.09725094
0.85507770  0.10932220
0.83696596  0.12083808
0.81885656  0.13177387
0.80075038  0.14210807
0.78264847  0.15182229
0.76455210  0.16090117
0.74646278  0.16933226
0.72838225  0.17710592
0.71031254  0.18421521
0.69225594  0.19065581
0.67421508  0.19642591
0.65619289  0.20152611
0.63819266  0.20595931
0.62021803  0.20973060
0.60227305  0.21284720
0.58436214  0.21531832
0.56649016  0.21715506
0.54866242  0.21837034
0.53088467  0.21897875
0.51316314  0.21899651
0.49550459  0.21844131
0.47791625  0.21733225
0.46040593  0.21568971
0.44298198  0.21353526
0.42565331  0.21089157
0.40842945  0.20778230
0.39132052  0.20423199
0.37433730  0.20026597
0.35749120  0.19591026
0.34079431  0.19119144
0.32425942  0.18613661
0.30790000  0.18077321
0.29173028  0.17512900
0.27576522  0.16923188
0.26002056  0.16310987
0.24451281  0.15679092
0.22925931  0.15030288
0.21427820  0.14367337
0.19958848  0.13692970
0.18521000  0.13009870
0.17116350  0.12320673
0.15747063  0.11627947
0.14415394  0.10934189
0.13123695  0.10241813
0.11874410  0.09553138
0.10670084  0.08870380
0.09513360  0.08195640
0.08406985  0.07530898
0.07353805  0.06877996
0.06356777  0.06238634
0.05418962  0.05614359
0.04543531  0.05006549
0.03733766  0.04416413
0.02993063  0.03844970
0.02324933  0.03293049
0.01733003  0.02761269
0.01221019  0.02250038
0.00792850  0.01759537
0.00452485  0.01289711
0.00204040  0.00840261
0.00051754  0.00410631
0.00000000  0.00000000
0.00000000  0.00000000
0.00051754  -0.00191100
0.00204040  -0.00412484
0.00452485  -0.00659837
0.00792850  -0.00929026
0.01221019  -0.01216101
0.01733003  -0.01517292
0.02324933  -0.01829007
0.02993063  -0.02147832
0.03733766  -0.02470527
0.04543531  -0.02794029
0.05418962  -0.03115446
0.06356777  -0.03432057
0.07353805  -0.03741313
0.08406985  -0.04040832
0.09513360  -0.04328399
0.10670084  -0.04601965
0.11874410  -0.04859645
0.13123695  -0.05099716
0.14415394  -0.05320618
0.15747063  -0.05520948
0.17116350  -0.05699463
0.18521000  -0.05855078
0.19958848  -0.05986860
0.21427820  -0.06094032
0.22925931  -0.06175970
0.24451281  -0.06232199
0.26002056  -0.06262396
0.27576522  -0.06266383
0.29173028  -0.06244132
0.30790000  -0.06195757
0.32425942  -0.06121517
0.34079431  -0.06021814
0.35749120  -0.05897189
0.37433730  -0.05748323
0.39132052  -0.05576037
0.40842945  -0.05381284
0.42565331  -0.05165156
0.44298198  -0.04928876
0.46040593  -0.04673799
0.47791625  -0.04401412
0.49550459  -0.04113331
0.51316314  -0.03811298
0.53088467  -0.03497181
0.54866242  -0.03172976
0.56649016  -0.02840798
0.58436214  -0.02502887
0.60227305  -0.02161602
0.62021803  -0.01819419
0.63819266  -0.01478935
0.65619289  -0.01142861
0.67421508  -0.00814022
0.69225594  -0.00495357
0.71031254  -0.00189917
0.72838225  0.00099140
0.74646278  0.00368543
0.76455210  0.00614917
0.78264847  0.00834780
0.80075038  0.01024546
0.81885656  0.01180526
0.83696596  0.01298930
0.85507770  0.01375868
0.87319109  0.01407352
0.89130559  0.01389296
0.90942079  0.01317519
0.92753640  0.01187747
0.94565221  0.00995613
0.96376812  0.00736657
0.98188406  0.00406331
1.00000000  0.00000000
