NN17994
1.00000000  0.00000000
0.98188406  0.01745982
0.96376812  0.03341993
0.94565221  0.04797928
0.92753640  0.06123155
0.90942079  0.07326530
0.89130559  0.08416413
0.87319109  0.09400683
0.85507770  0.10286752
0.83696596  0.11081580
0.81885656  0.11791690
0.80075038  0.12423184
0.78264847  0.12981757
0.76455210  0.13472712
0.74646278  0.13900976
0.72838225  0.14271113
0.71031254  0.14587340
0.69225594  0.14853542
0.67421508  0.15073288
0.65619289  0.15249843
0.63819266  0.15386187
0.62021803  0.15485025
0.60227305  0.15548808
0.58436214  0.15579743
0.56649016  0.15579808
0.54866242  0.15550772
0.53088467  0.15494203
0.51316314  0.15411490
0.49550459  0.15303851
0.47791625  0.15172354
0.46040593  0.15017928
0.44298198  0.14841380
0.42565331  0.14643408
0.40842945  0.14424619
0.39132052  0.14185540
0.37433730  0.13926637
0.35749120  0.13648327
0.34079431  0.13350995
0.32425942  0.13035006
0.30790000  0.12700725
0.29173028  0.12348524
0.27576522  0.11978808
0.26002056  0.11592018
0.24451281  0.11188655
0.22925931  0.10769291
0.21427820  0.10334585
0.19958848  0.09885295
0.18521000  0.09422300
0.17116350  0.08946606
0.15747063  0.08459369
0.14415394  0.07961903
0.13123695  0.07455701
0.11874410  0.06942446
0.10670084  0.06424027
0.09513360  0.05902556
0.08406985  0.05380379
0.07353805  0.04860093
0.06356777  0.04344563
0.05418962  0.03836934
0.04543531  0.03340645
0.03733766  0.02859449
0.02993063  0.02397424
0.02324933  0.01958987
0.01733003  0.01548912
0.01221019  0.01172344
0.00792850  0.00834813
0.00452485  0.00542250
0.00204040  0.00301002
0.00051754  0.00117844
0.00000000  0.00000000
0.00000000  0.00000000
0.00051754  -0.01090910
0.00204040  -0.02050630
0.00452485  -0.02888489
0.00792850  -0.03613457
0.01221019  -0.04234151
0.01733003  -0.04758837
0.02324933  -0.05195437
0.02993063  -0.05551534
0.03733766  -0.05834374
0.04543531  -0.06050875
0.05418962  -0.06207629
0.06356777  -0.06310906
0.07353805  -0.06366663
0.08406985  -0.06380543
0.09513360  -0.06357884
0.10670084  -0.06303725
0.11874410  -0.06222805
0.13123695  -0.06119573
0.14415394  -0.05998192
0.15747063  -0.05862540
0.17116350  -0.05716222
0.18521000  -0.05562568
0.19958848  -0.05404639
0.21427820  -0.05245237
0.22925931  -0.05086903
0.24451281  -0.04931927
0.26002056  -0.04782348
0.27576522  -0.04639964
0.29173028  -0.04506333
0.30790000  -0.04382779
0.32425942  -0.04270399
0.34079431  -0.04170063
0.35749120  -0.04082423
0.37433730  -0.04007915
0.39132052  -0.03946768
0.40842945  -0.03899003
0.42565331  -0.03864443
0.44298198  -0.03842715
0.46040593  -0.03833253
0.47791625  -0.03835310
0.49550459  -0.03847954
0.51316314  -0.03870080
0.53088467  -0.03900408
0.54866242  -0.03937495
0.56649016  -0.03979735
0.58436214  -0.04025365
0.60227305  -0.04072471
0.62021803  -0.04118989
0.63819266  -0.04162716
0.65619289  -0.04201310
0.67421508  -0.04232295
0.69225594  -0.04253070
0.71031254  -0.04260908
0.72838225  -0.04252965
0.74646278  -0.04226284
0.76455210  -0.04177797
0.78264847  -0.04104335
0.80075038  -0.04002629
0.81885656  -0.03869314
0.83696596  -0.03700939
0.85507770  -0.03493965
0.87319109  -0.03244775
0.89130559  -0.02949676
0.90942079  -0.02604906
0.92753640  -0.02206638
0.94565221  -0.01750982
0.96376812  -0.01233995
0.98188406  -0.00651681
1.00000000  0.00000000
