NN17019
1.00000000  0.00000000
0.98188406  0.01585496
0.96376812  0.03094963
0.94565221  0.04531911
0.92753640  0.05899555
0.90942079  0.07200824
0.89130559  0.08438377
0.87319109  0.09614610
0.85507770  0.10731676
0.83696596  0.11791492
0.81885656  0.12795755
0.80075038  0.13745951
0.78264847  0.14643371
0.76455210  0.15489124
0.74646278  0.16284145
0.72838225  0.17029213
0.71031254  0.17724960
0.69225594  0.18371887
0.67421508  0.18970372
0.65619289  0.19520687
0.63819266  0.20023008
0.62021803  0.20477430
0.60227305  0.20883975
0.58436214  0.21242611
0.56649016  0.21553259
0.54866242  0.21815810
0.53088467  0.22030134
0.51316314  0.22196095
0.49550459  0.22313564
0.47791625  0.22382427
0.46040593  0.22402606
0.44298198  0.22374063
0.42565331  0.22296817
0.40842945  0.22170958
0.39132052  0.21996655
0.37433730  0.21774174
0.35749120  0.21503886
0.34079431  0.21186282
0.32425942  0.20821986
0.30790000  0.20411765
0.29173028  0.19956546
0.27576522  0.19457423
0.26002056  0.18915676
0.24451281  0.18332777
0.22925931  0.17710408
0.21427820  0.17050473
0.19958848  0.16355105
0.18521000  0.15626687
0.17116350  0.14867858
0.15747063  0.14081528
0.14415394  0.13270893
0.13123695  0.12439444
0.11874410  0.11590979
0.10670084  0.10729622
0.09513360  0.09859827
0.08406985  0.08986398
0.07353805  0.08114496
0.06356777  0.07249655
0.05418962  0.06397796
0.04543531  0.05565233
0.03733766  0.04758695
0.02993063  0.03985329
0.02324933  0.03252721
0.01733003  0.02568902
0.01221019  0.01942365
0.00792850  0.01382078
0.00452485  0.00897490
0.00204040  0.00498553
0.00051754  0.00195728
0.00000000  0.00000000
0.00000000  0.00000000
0.00051754  -0.00170703
0.00204040  -0.00362767
0.00452485  -0.00572195
0.00792850  -0.00795231
0.01221019  -0.01028361
0.01733003  -0.01268302
0.02324933  -0.01511999
0.02993063  -0.01756619
0.03733766  -0.01999543
0.04543531  -0.02238363
0.05418962  -0.02470877
0.06356777  -0.02695081
0.07353805  -0.02909163
0.08406985  -0.03111501
0.09513360  -0.03300654
0.10670084  -0.03475356
0.11874410  -0.03634515
0.13123695  -0.03777200
0.14415394  -0.03902642
0.15747063  -0.04010226
0.17116350  -0.04099483
0.18521000  -0.04170089
0.19958848  -0.04221855
0.21427820  -0.04254723
0.22925931  -0.04268763
0.24451281  -0.04264162
0.26002056  -0.04241223
0.27576522  -0.04200357
0.29173028  -0.04142077
0.30790000  -0.04066994
0.32425942  -0.03975813
0.34079431  -0.03869321
0.35749120  -0.03748387
0.37433730  -0.03613956
0.39132052  -0.03467039
0.40842945  -0.03308715
0.42565331  -0.03140115
0.44298198  -0.02962428
0.46040593  -0.02776884
0.47791625  -0.02584758
0.49550459  -0.02387358
0.51316314  -0.02186022
0.53088467  -0.01982112
0.54866242  -0.01777007
0.56649016  -0.01572102
0.58436214  -0.01368794
0.60227305  -0.01168485
0.62021803  -0.00972571
0.63819266  -0.00782439
0.65619289  -0.00599459
0.67421508  -0.00424981
0.69225594  -0.00260326
0.71031254  -0.00106786
0.72838225  0.00034389
0.74646278  0.00161992
0.76455210  0.00274864
0.78264847  0.00371902
0.80075038  0.00452065
0.81885656  0.00514377
0.83696596  0.00557935
0.85507770  0.00581914
0.87319109  0.00585572
0.89130559  0.00568256
0.90942079  0.00529408
0.92753640  0.00468570
0.94565221  0.00385391
0.96376812  0.00279631
0.98188406  0.00151167
1.00000000  0.00000000
