NN17687
1.00000000  0.00000000
0.98188406  0.01071468
0.96376812  0.02155564
0.94565221  0.03246564
0.92753640  0.04339053
0.90942079  0.05427918
0.89130559  0.06508340
0.87319109  0.07575788
0.85507770  0.08626015
0.83696596  0.09655049
0.81885656  0.10659191
0.80075038  0.11635002
0.78264847  0.12579304
0.76455210  0.13489171
0.74646278  0.14361920
0.72838225  0.15195109
0.71031254  0.15986529
0.69225594  0.16734199
0.67421508  0.17436357
0.65619289  0.18091456
0.63819266  0.18698160
0.62021803  0.19255331
0.60227305  0.19762032
0.58436214  0.20217512
0.56649016  0.20621205
0.54866242  0.20972724
0.53088467  0.21271852
0.51316314  0.21518538
0.49550459  0.21712888
0.47791625  0.21855165
0.46040593  0.21945775
0.44298198  0.21985265
0.42565331  0.21974320
0.40842945  0.21913748
0.39132052  0.21804482
0.37433730  0.21647572
0.35749120  0.21444174
0.34079431  0.21195550
0.32425942  0.20903060
0.30790000  0.20568153
0.29173028  0.20192364
0.27576522  0.19777307
0.26002056  0.19324668
0.24451281  0.18836200
0.22925931  0.18313717
0.21427820  0.17759084
0.19958848  0.17174219
0.18521000  0.16561076
0.17116350  0.15921649
0.15747063  0.15257959
0.14415394  0.14572051
0.13123695  0.13865987
0.11874410  0.13141840
0.10670084  0.12401687
0.09513360  0.11647604
0.08406985  0.10881660
0.07353805  0.10105909
0.06356777  0.09322385
0.05418962  0.08533096
0.04543531  0.07740019
0.03733766  0.06945090
0.02993063  0.06150202
0.02324933  0.05357196
0.01733003  0.04567856
0.01221019  0.03783905
0.00792850  0.03006993
0.00452485  0.02238697
0.00204040  0.01480511
0.00051754  0.00733841
0.00000000  0.00000000
0.00000000  0.00000000
0.00051754  -0.00056735
0.00204040  -0.00108211
0.00452485  -0.00157132
0.00792850  -0.00205828
0.01221019  -0.00256273
0.01733003  -0.00310101
0.02324933  -0.00368622
0.02993063  -0.00432843
0.03733766  -0.00503480
0.04543531  -0.00580977
0.05418962  -0.00665522
0.06356777  -0.00757066
0.07353805  -0.00855338
0.08406985  -0.00959862
0.09513360  -0.01069974
0.10670084  -0.01184840
0.11874410  -0.01303470
0.13123695  -0.01424739
0.14415394  -0.01547399
0.15747063  -0.01670102
0.17116350  -0.01791410
0.18521000  -0.01909818
0.19958848  -0.02023765
0.21427820  -0.02131657
0.22925931  -0.02231879
0.24451281  -0.02322814
0.26002056  -0.02402860
0.27576522  -0.02470445
0.29173028  -0.02524049
0.30790000  -0.02562212
0.32425942  -0.02583561
0.34079431  -0.02586817
0.35749120  -0.02570821
0.37433730  -0.02534544
0.39132052  -0.02477108
0.40842945  -0.02397801
0.42565331  -0.02296093
0.44298198  -0.02171655
0.46040593  -0.02024376
0.47791625  -0.01854377
0.49550459  -0.01662031
0.51316314  -0.01447977
0.53088467  -0.01213141
0.54866242  -0.00958748
0.56649016  -0.00686342
0.58436214  -0.00397801
0.60227305  -0.00095357
0.62021803  0.00218390
0.63819266  0.00540457
0.65619289  0.00867454
0.67421508  0.01195576
0.69225594  0.01520578
0.71031254  0.01837764
0.72838225  0.02141969
0.74646278  0.02427539
0.76455210  0.02688318
0.78264847  0.02917627
0.80075038  0.03108253
0.81885656  0.03252426
0.83696596  0.03341806
0.85507770  0.03367465
0.87319109  0.03319871
0.89130559  0.03188867
0.90942079  0.02963661
0.92753640  0.02632804
0.94565221  0.02184175
0.96376812  0.01604962
0.98188406  0.00881651
1.00000000  0.00000000
