NN18729
1.00000000  0.00000000
0.98188406  0.00763138
0.96376812  0.01549879
0.94565221  0.02354448
0.92753640  0.03171403
0.90942079  0.03995624
0.89130559  0.04822304
0.87319109  0.05646941
0.85507770  0.06465331
0.83696596  0.07273562
0.81885656  0.08067999
0.80075038  0.08845285
0.78264847  0.09602325
0.76455210  0.10336283
0.74646278  0.11044571
0.72838225  0.11724842
0.71031254  0.12374985
0.69225594  0.12993109
0.67421508  0.13577544
0.65619289  0.14126826
0.63819266  0.14639693
0.62021803  0.15115076
0.60227305  0.15552089
0.58436214  0.15950023
0.56649016  0.16308338
0.54866242  0.16626654
0.53088467  0.16904742
0.51316314  0.17142519
0.49550459  0.17340035
0.47791625  0.17497472
0.46040593  0.17615129
0.44298198  0.17693417
0.42565331  0.17732852
0.40842945  0.17734043
0.39132052  0.17697689
0.37433730  0.17624567
0.35749120  0.17515527
0.34079431  0.17371480
0.32425942  0.17193393
0.30790000  0.16982282
0.29173028  0.16739198
0.27576522  0.16465227
0.26002056  0.16161475
0.24451281  0.15829064
0.22925931  0.15469122
0.21427820  0.15082777
0.19958848  0.14671145
0.18521000  0.14235327
0.17116350  0.13776397
0.15747063  0.13295395
0.14415394  0.12793320
0.13123695  0.12271120
0.11874410  0.11729686
0.10670084  0.11169843
0.09513360  0.10592341
0.08406985  0.09997848
0.07353805  0.09386942
0.06356777  0.08760102
0.05418962  0.08117701
0.04543531  0.07459997
0.03733766  0.06787126
0.02993063  0.06099092
0.02324933  0.05395762
0.01733003  0.04676855
0.01221019  0.03941934
0.00792850  0.03190400
0.00452485  0.02421484
0.00204040  0.01634236
0.00051754  0.00827519
0.00000000  0.00000000
0.00000000  0.00000000
0.00051754  -0.00268229
0.00204040  -0.00487622
0.00452485  -0.00665849
0.00792850  -0.00809971
0.01221019  -0.00926465
0.01733003  -0.01021239
0.02324933  -0.01099650
0.02993063  -0.01166529
0.03733766  -0.01226196
0.04543531  -0.01282482
0.05418962  -0.01338748
0.06356777  -0.01397901
0.07353805  -0.01462418
0.08406985  -0.01534366
0.09513360  -0.01615416
0.10670084  -0.01706867
0.11874410  -0.01809666
0.13123695  -0.01924422
0.14415394  -0.02051434
0.15747063  -0.02190701
0.17116350  -0.02341950
0.18521000  -0.02504650
0.19958848  -0.02678032
0.21427820  -0.02861112
0.22925931  -0.03052706
0.24451281  -0.03251453
0.26002056  -0.03455833
0.27576522  -0.03664185
0.29173028  -0.03874730
0.30790000  -0.04085586
0.32425942  -0.04294794
0.34079431  -0.04500328
0.35749120  -0.04700125
0.37433730  -0.04892096
0.39132052  -0.05074150
0.40842945  -0.05244212
0.42565331  -0.05400244
0.44298198  -0.05540261
0.46040593  -0.05662356
0.47791625  -0.05764712
0.49550459  -0.05845629
0.51316314  -0.05903540
0.53088467  -0.05937029
0.54866242  -0.05944852
0.56649016  -0.05925959
0.58436214  -0.05879509
0.60227305  -0.05804891
0.62021803  -0.05701747
0.63819266  -0.05569985
0.65619289  -0.05409805
0.67421508  -0.05221712
0.69225594  -0.05006543
0.71031254  -0.04765480
0.72838225  -0.04500071
0.74646278  -0.04212252
0.76455210  -0.03904364
0.78264847  -0.03579175
0.80075038  -0.03239895
0.81885656  -0.02890201
0.83696596  -0.02534250
0.85507770  -0.02176707
0.87319109  -0.01822757
0.89130559  -0.01478125
0.90942079  -0.01149103
0.92753640  -0.00842559
0.94565221  -0.00565964
0.96376812  -0.00327410
0.98188406  -0.00135625
1.00000000  0.00000000
