NN18719
1.00000000  0.00000000
0.98188406  0.01140736
0.96376812  0.02247488
0.94565221  0.03321591
0.92753640  0.04364205
0.90942079  0.05376318
0.89130559  0.06358758
0.87319109  0.07312195
0.85507770  0.08237154
0.83696596  0.09134020
0.81885656  0.10003043
0.80075038  0.10844352
0.78264847  0.11657955
0.76455210  0.12443753
0.74646278  0.13201544
0.72838225  0.13931029
0.71031254  0.14631825
0.69225594  0.15303466
0.67421508  0.15945416
0.65619289  0.16557074
0.63819266  0.17137780
0.62021803  0.17686827
0.60227305  0.18203462
0.58436214  0.18686901
0.56649016  0.19136330
0.54866242  0.19550918
0.53088467  0.19929818
0.51316314  0.20272183
0.49550459  0.20577164
0.47791625  0.20843925
0.46040593  0.21071649
0.44298198  0.21259541
0.42565331  0.21406841
0.40842945  0.21512829
0.39132052  0.21576833
0.37433730  0.21598235
0.35749120  0.21576483
0.34079431  0.21511091
0.32425942  0.21401655
0.30790000  0.21247855
0.29173028  0.21049462
0.27576522  0.20806350
0.26002056  0.20518499
0.24451281  0.20186007
0.22925931  0.19809093
0.21427820  0.19388106
0.19958848  0.18923534
0.18521000  0.18416011
0.17116350  0.17866322
0.15747063  0.17275415
0.14415394  0.16644405
0.13123695  0.15974582
0.11874410  0.15267418
0.10670084  0.14524579
0.09513360  0.13747926
0.08406985  0.12939527
0.07353805  0.12101662
0.06356777  0.11236832
0.05418962  0.10347768
0.04543531  0.09437433
0.03733766  0.08509036
0.02993063  0.07566035
0.02324933  0.06612148
0.01733003  0.05651357
0.01221019  0.04687917
0.00792850  0.03726364
0.00452485  0.02771524
0.00204040  0.01828516
0.00051754  0.00902763
0.00000000  0.00000000
0.00000000  0.00000000
0.00051754  -0.00268980
0.00204040  -0.00545181
0.00452485  -0.00825062
0.00792850  -0.01105446
0.01221019  -0.01383498
0.01733003  -0.01656714
0.02324933  -0.01922909
0.02993063  -0.02180198
0.03733766  -0.02426984
0.04543531  -0.02661945
0.05418962  -0.02884016
0.06356777  -0.03092380
0.07353805  -0.03286448
0.08406985  -0.03465849
0.09513360  -0.03630413
0.10670084  -0.03780158
0.11874410  -0.03915275
0.13123695  -0.04036116
0.14415394  -0.04143176
0.15747063  -0.04237080
0.17116350  -0.04318571
0.18521000  -0.04388492
0.19958848  -0.04447775
0.21427820  -0.04497424
0.22925931  -0.04538503
0.24451281  -0.04572120
0.26002056  -0.04599413
0.27576522  -0.04621536
0.29173028  -0.04639645
0.30790000  -0.04654884
0.32425942  -0.04668369
0.34079431  -0.04681174
0.35749120  -0.04694319
0.37433730  -0.04708753
0.39132052  -0.04725342
0.40842945  -0.04744852
0.42565331  -0.04767937
0.44298198  -0.04795123
0.46040593  -0.04826795
0.47791625  -0.04863183
0.49550459  -0.04904345
0.51316314  -0.04950157
0.53088467  -0.05000294
0.54866242  -0.05054220
0.56649016  -0.05111169
0.58436214  -0.05170135
0.60227305  -0.05229856
0.62021803  -0.05288800
0.63819266  -0.05345150
0.65619289  -0.05396788
0.67421508  -0.05441287
0.69225594  -0.05475888
0.71031254  -0.05497494
0.72838225  -0.05502649
0.74646278  -0.05487527
0.76455210  -0.05447918
0.78264847  -0.05379212
0.80075038  -0.05276388
0.81885656  -0.05133993
0.83696596  -0.04946135
0.85507770  -0.04706464
0.87319109  -0.04408161
0.89130559  -0.04043921
0.90942079  -0.03605940
0.92753640  -0.03085899
0.94565221  -0.02474952
0.96376812  -0.01763712
0.98188406  -0.00942233
1.00000000  0.00000000
