NN18566
1.00000000  0.00000000
0.98188406  0.01066536
0.96376812  0.02050482
0.94565221  0.02956999
0.92753640  0.03790973
0.90942079  0.04557020
0.89130559  0.05259498
0.87319109  0.05902508
0.85507770  0.06489911
0.83696596  0.07025327
0.81885656  0.07512149
0.80075038  0.07953547
0.78264847  0.08352480
0.76455210  0.08711700
0.74646278  0.09033762
0.72838225  0.09321031
0.71031254  0.09575691
0.69225594  0.09799751
0.67421508  0.09995055
0.65619289  0.10163289
0.63819266  0.10305989
0.62021803  0.10424546
0.60227305  0.10520222
0.58436214  0.10594146
0.56649016  0.10647335
0.54866242  0.10680690
0.53088467  0.10695012
0.51316314  0.10691007
0.49550459  0.10669293
0.47791625  0.10630409
0.46040593  0.10574824
0.44298198  0.10502941
0.42565331  0.10415112
0.40842945  0.10311638
0.39132052  0.10192780
0.37433730  0.10058770
0.35749120  0.09909814
0.34079431  0.09746103
0.32425942  0.09567819
0.30790000  0.09375146
0.29173028  0.09168274
0.27576522  0.08947408
0.26002056  0.08712778
0.24451281  0.08464645
0.22925931  0.08203309
0.21427820  0.07929118
0.19958848  0.07642474
0.18521000  0.07343843
0.17116350  0.07033762
0.15747063  0.06712845
0.14415394  0.06381794
0.13123695  0.06041407
0.11874410  0.05692582
0.10670084  0.05336329
0.09513360  0.04973775
0.08406985  0.04606175
0.07353805  0.04234916
0.06356777  0.03861529
0.05418962  0.03487692
0.04543531  0.03115244
0.03733766  0.02746188
0.02993063  0.02382701
0.02324933  0.02027140
0.01733003  0.01682054
0.01221019  0.01350186
0.00792850  0.01034488
0.00452485  0.00738121
0.00204040  0.00464469
0.00051754  0.00217146
0.00000000  0.00000000
0.00000000  0.00000000
0.00051754  -0.00591884
0.00204040  -0.01161312
0.00452485  -0.01706960
0.00792850  -0.02227597
0.01221019  -0.02722091
0.01733003  -0.03189404
0.02324933  -0.03628594
0.02993063  -0.04038813
0.03733766  -0.04419311
0.04543531  -0.04769430
0.05418962  -0.05088609
0.06356777  -0.05376380
0.07353805  -0.05632372
0.08406985  -0.05856305
0.09513360  -0.06047998
0.10670084  -0.06207359
0.11874410  -0.06334394
0.13123695  -0.06429200
0.14415394  -0.06491970
0.15747063  -0.06522990
0.17116350  -0.06522638
0.18521000  -0.06491386
0.19958848  -0.06429801
0.21427820  -0.06338540
0.22925931  -0.06218354
0.24451281  -0.06070088
0.26002056  -0.05894677
0.27576522  -0.05693151
0.29173028  -0.05466630
0.30790000  -0.05216328
0.32425942  -0.04943549
0.34079431  -0.04649690
0.35749120  -0.04336239
0.37433730  -0.04004777
0.39132052  -0.03656975
0.40842945  -0.03294595
0.42565331  -0.02919490
0.44298198  -0.02533605
0.46040593  -0.02138975
0.47791625  -0.01737726
0.49550459  -0.01332074
0.51316314  -0.00924324
0.53088467  -0.00516875
0.54866242  -0.00112212
0.56649016  0.00287087
0.58436214  0.00678358
0.60227305  0.01058843
0.62021803  0.01425699
0.63819266  0.01775989
0.65619289  0.02106692
0.67421508  0.02414694
0.69225594  0.02696794
0.71031254  0.02949701
0.72838225  0.03170038
0.74646278  0.03354338
0.76455210  0.03499044
0.78264847  0.03600514
0.80075038  0.03655017
0.81885656  0.03658734
0.83696596  0.03607758
0.85507770  0.03498094
0.87319109  0.03325663
0.89130559  0.03086293
0.90942079  0.02775731
0.92753640  0.02389633
0.94565221  0.01923570
0.96376812  0.01373027
0.98188406  0.00733399
1.00000000  0.00000000
