NN18121
1.00000000  0.00000000
0.98188406  0.01705188
0.96376812  0.03241380
0.94565221  0.04621229
0.92753640  0.05856770
0.90942079  0.06959434
0.89130559  0.07940062
0.87319109  0.08808918
0.85507770  0.09575702
0.83696596  0.10249563
0.81885656  0.10839112
0.80075038  0.11352438
0.78264847  0.11797119
0.76455210  0.12180233
0.74646278  0.12508377
0.72838225  0.12787676
0.71031254  0.13023796
0.69225594  0.13221961
0.67421508  0.13386963
0.65619289  0.13523175
0.63819266  0.13634568
0.62021803  0.13724721
0.60227305  0.13796833
0.58436214  0.13853742
0.56649016  0.13897932
0.54866242  0.13931551
0.53088467  0.13956420
0.51316314  0.13974050
0.49550459  0.13985654
0.47791625  0.13992161
0.46040593  0.13994225
0.44298198  0.13992246
0.42565331  0.13986376
0.40842945  0.13976537
0.39132052  0.13962431
0.37433730  0.13943556
0.35749120  0.13919219
0.34079431  0.13888546
0.32425942  0.13850500
0.30790000  0.13803891
0.29173028  0.13747390
0.27576522  0.13679543
0.26002056  0.13598785
0.24451281  0.13503449
0.22925931  0.13391787
0.21427820  0.13261975
0.19958848  0.13112131
0.18521000  0.12940328
0.17116350  0.12744606
0.15747063  0.12522986
0.14415394  0.12273484
0.13123695  0.11994122
0.11874410  0.11682944
0.10670084  0.11338027
0.09513360  0.10957495
0.08406985  0.10539536
0.07353805  0.10082406
0.06356777  0.09584454
0.05418962  0.09044126
0.04543531  0.08459983
0.03733766  0.07830713
0.02993063  0.07155143
0.02324933  0.06432255
0.01733003  0.05661198
0.01221019  0.04841300
0.00792850  0.03972085
0.00452485  0.03053280
0.00204040  0.02084835
0.00051754  0.01066932
0.00000000  0.00000000
0.00000000  0.00000000
0.00051754  -0.00903710
0.00204040  -0.01724551
0.00452485  -0.02466540
0.00792850  -0.03133577
0.01221019  -0.03729448
0.01733003  -0.04257832
0.02324933  -0.04722295
0.02993063  -0.05126299
0.03733766  -0.05473198
0.04543531  -0.05766245
0.05418962  -0.06008589
0.06356777  -0.06203282
0.07353805  -0.06353275
0.08406985  -0.06461424
0.09513360  -0.06530491
0.10670084  -0.06563147
0.11874410  -0.06561970
0.13123695  -0.06529450
0.14415394  -0.06467991
0.15747063  -0.06379910
0.17116350  -0.06267443
0.18521000  -0.06132744
0.19958848  -0.05977887
0.21427820  -0.05804868
0.22925931  -0.05615608
0.24451281  -0.05411954
0.26002056  -0.05195680
0.27576522  -0.04968491
0.29173028  -0.04732022
0.30790000  -0.04487843
0.32425942  -0.04237459
0.34079431  -0.03982310
0.35749120  -0.03723777
0.37433730  -0.03463183
0.39132052  -0.03201789
0.40842945  -0.02940806
0.42565331  -0.02681387
0.44298198  -0.02424636
0.46040593  -0.02171605
0.47791625  -0.01923299
0.49550459  -0.01680676
0.51316314  -0.01444650
0.53088467  -0.01216094
0.54866242  -0.00995836
0.56649016  -0.00784668
0.58436214  -0.00583346
0.60227305  -0.00392588
0.62021803  -0.00213081
0.63819266  -0.00045478
0.65619289  0.00109596
0.67421508  0.00251544
0.69225594  0.00379795
0.71031254  0.00493804
0.72838225  0.00593045
0.74646278  0.00677015
0.76455210  0.00745229
0.78264847  0.00797218
0.80075038  0.00832530
0.81885656  0.00850724
0.83696596  0.00851370
0.85507770  0.00834051
0.87319109  0.00798353
0.89130559  0.00743870
0.90942079  0.00670200
0.92753640  0.00576942
0.94565221  0.00463697
0.96376812  0.00330063
0.98188406  0.00175634
1.00000000  0.00000000
