NN18482
1.00000000  0.00000000
0.98188406  0.01428996
0.96376812  0.02769922
0.94565221  0.04025935
0.92753640  0.05200154
0.90942079  0.06295659
0.89130559  0.07315489
0.87319109  0.08262639
0.85507770  0.09140059
0.83696596  0.09950649
0.81885656  0.10697260
0.80075038  0.11382690
0.78264847  0.12009683
0.76455210  0.12580922
0.74646278  0.13099035
0.72838225  0.13566586
0.71031254  0.13986074
0.69225594  0.14359934
0.67421508  0.14690531
0.65619289  0.14980159
0.63819266  0.15231040
0.62021803  0.15445318
0.60227305  0.15625062
0.58436214  0.15772260
0.56649016  0.15888818
0.54866242  0.15976558
0.53088467  0.16037213
0.51316314  0.16072430
0.49550459  0.16083763
0.47791625  0.16072672
0.46040593  0.16040522
0.44298198  0.15988580
0.42565331  0.15918013
0.40842945  0.15829883
0.39132052  0.15725151
0.37433730  0.15604668
0.35749120  0.15469175
0.34079431  0.15319304
0.32425942  0.15155571
0.30790000  0.14978376
0.29173028  0.14788000
0.27576522  0.14584606
0.26002056  0.14368231
0.24451281  0.14138787
0.22925931  0.13896059
0.21427820  0.13639703
0.19958848  0.13369241
0.18521000  0.13084063
0.17116350  0.12783420
0.15747063  0.12466424
0.14415394  0.12132049
0.13123695  0.11779122
0.11874410  0.11406326
0.10670084  0.11012195
0.09513360  0.10595115
0.08406985  0.10153315
0.07353805  0.09684875
0.06356777  0.09187712
0.05418962  0.08659589
0.04543531  0.08098104
0.03733766  0.07500691
0.02993063  0.06864620
0.02324933  0.06186992
0.01733003  0.05464736
0.01221019  0.04694608
0.00792850  0.03873191
0.00452485  0.02996889
0.00204040  0.02061925
0.00051754  0.01064343
0.00000000  0.00000000
0.00000000  0.00000000
0.00051754  -0.01290257
0.00204040  -0.02444148
0.00452485  -0.03470903
0.00792850  -0.04379396
0.01221019  -0.05178156
0.01733003  -0.05875368
0.02324933  -0.06478881
0.02993063  -0.06996208
0.03733766  -0.07434533
0.04543531  -0.07800717
0.05418962  -0.08101301
0.06356777  -0.08342510
0.07353805  -0.08530259
0.08406985  -0.08670155
0.09513360  -0.08767508
0.10670084  -0.08827327
0.11874410  -0.08854331
0.13123695  -0.08852950
0.14415394  -0.08827333
0.15747063  -0.08781348
0.17116350  -0.08718592
0.18521000  -0.08642390
0.19958848  -0.08555805
0.21427820  -0.08461639
0.22925931  -0.08362438
0.24451281  -0.08260498
0.26002056  -0.08157868
0.27576522  -0.08056356
0.29173028  -0.07957535
0.30790000  -0.07862741
0.32425942  -0.07773086
0.34079431  -0.07689459
0.35749120  -0.07612527
0.37433730  -0.07542747
0.39132052  -0.07480364
0.40842945  -0.07425420
0.42565331  -0.07377755
0.44298198  -0.07337015
0.46040593  -0.07302654
0.47791625  -0.07273941
0.49550459  -0.07249962
0.51316314  -0.07229627
0.53088467  -0.07211672
0.54866242  -0.07194666
0.56649016  -0.07177014
0.58436214  -0.07156964
0.60227305  -0.07132608
0.62021803  -0.07101889
0.63819266  -0.07062605
0.65619289  -0.07012415
0.67421508  -0.06948840
0.69225594  -0.06869272
0.71031254  -0.06770975
0.72838225  -0.06651092
0.74646278  -0.06506649
0.76455210  -0.06334557
0.78264847  -0.06131621
0.80075038  -0.05894543
0.81885656  -0.05619925
0.83696596  -0.05304274
0.85507770  -0.04944009
0.87319109  -0.04535463
0.89130559  -0.04074888
0.90942079  -0.03558461
0.92753640  -0.02982288
0.94565221  -0.02342406
0.96376812  -0.01634794
0.98188406  -0.00855370
1.00000000  0.00000000
