NN19116
1.00000000  0.00000000
0.98188406  0.01878756
0.96376812  0.03636304
0.94565221  0.05276483
0.92753640  0.06803090
0.90942079  0.08219872
0.89130559  0.09530533
0.87319109  0.10738729
0.85507770  0.11848069
0.83696596  0.12862113
0.81885656  0.13784371
0.80075038  0.14618307
0.78264847  0.15367330
0.76455210  0.16034802
0.74646278  0.16624031
0.72838225  0.17138273
0.71031254  0.17580731
0.69225594  0.17954556
0.67421508  0.18262841
0.65619289  0.18508627
0.63819266  0.18694898
0.62021803  0.18824582
0.60227305  0.18900550
0.58436214  0.18925613
0.56649016  0.18902526
0.54866242  0.18833985
0.53088467  0.18722623
0.51316314  0.18571017
0.49550459  0.18381679
0.47791625  0.18157060
0.46040593  0.17899549
0.44298198  0.17611472
0.42565331  0.17295090
0.40842945  0.16952601
0.39132052  0.16586134
0.37433730  0.16197757
0.35749120  0.15789467
0.34079431  0.15363197
0.32425942  0.14920809
0.30790000  0.14464097
0.29173028  0.13994788
0.27576522  0.13514535
0.26002056  0.13024924
0.24451281  0.12527467
0.22925931  0.12023604
0.21427820  0.11514703
0.19958848  0.11002058
0.18521000  0.10486889
0.17116350  0.09970342
0.15747063  0.09453484
0.14415394  0.08937311
0.13123695  0.08422737
0.11874410  0.07910603
0.10670084  0.07401666
0.09513360  0.06896610
0.08406985  0.06396036
0.07353805  0.05900465
0.06356777  0.05410337
0.05418962  0.04926010
0.04543531  0.04447761
0.03733766  0.03975784
0.02993063  0.03510186
0.02324933  0.03050992
0.01733003  0.02598143
0.01221019  0.02151493
0.00792850  0.01710807
0.00452485  0.01275767
0.00204040  0.00845965
0.00051754  0.00420905
0.00000000  0.00000000
0.00000000  0.00000000
0.00051754  -0.01059138
0.00204040  -0.01980563
0.00452485  -0.02773632
0.00792850  -0.03447390
0.01221019  -0.04010576
0.01733003  -0.04471624
0.02324933  -0.04838664
0.02993063  -0.05119527
0.03733766  -0.05321745
0.04543531  -0.05452556
0.05418962  -0.05518906
0.06356777  -0.05527448
0.07353805  -0.05484551
0.08406985  -0.05396295
0.09513360  -0.05268479
0.10670084  -0.05106622
0.11874410  -0.04915965
0.13123695  -0.04701472
0.14415394  -0.04467837
0.15747063  -0.04219480
0.17116350  -0.03960557
0.18521000  -0.03694955
0.19958848  -0.03426300
0.21427820  -0.03157957
0.22925931  -0.02893033
0.24451281  -0.02634379
0.26002056  -0.02384594
0.27576522  -0.02146025
0.29173028  -0.01920772
0.30790000  -0.01710688
0.32425942  -0.01517385
0.34079431  -0.01342232
0.35749120  -0.01186360
0.37433730  -0.01050667
0.39132052  -0.00935815
0.40842945  -0.00842236
0.42565331  -0.00770133
0.44298198  -0.00719484
0.46040593  -0.00690043
0.47791625  -0.00681345
0.49550459  -0.00692704
0.51316314  -0.00723219
0.53088467  -0.00771777
0.54866242  -0.00837051
0.56649016  -0.00917509
0.58436214  -0.01011410
0.60227305  -0.01116811
0.62021803  -0.01231568
0.63819266  -0.01353338
0.65619289  -0.01479581
0.67421508  -0.01607565
0.69225594  -0.01734367
0.71031254  -0.01856873
0.72838225  -0.01971785
0.74646278  -0.02075620
0.76455210  -0.02164714
0.78264847  -0.02235226
0.80075038  -0.02283135
0.81885656  -0.02304251
0.83696596  -0.02294207
0.85507770  -0.02248473
0.87319109  -0.02162347
0.89130559  -0.02030968
0.90942079  -0.01849311
0.92753640  -0.01612192
0.94565221  -0.01314270
0.96376812  -0.00950053
0.98188406  -0.00513895
1.00000000  0.00000000
