NN19625
1.00000000  0.00000000
0.98188406  0.01451658
0.96376812  0.02867955
0.94565221  0.04247900
0.92753640  0.05590547
0.90942079  0.06894998
0.89130559  0.08160396
0.87319109  0.09385932
0.85507770  0.10570838
0.83696596  0.11714390
0.81885656  0.12815909
0.80075038  0.13874756
0.78264847  0.14890336
0.76455210  0.15862095
0.74646278  0.16789520
0.72838225  0.17672141
0.71031254  0.18509526
0.69225594  0.19301284
0.67421508  0.20047065
0.65619289  0.20746556
0.63819266  0.21399485
0.62021803  0.22005618
0.60227305  0.22564757
0.58436214  0.23076745
0.56649016  0.23541459
0.54866242  0.23958816
0.53088467  0.24328765
0.51316314  0.24651296
0.49550459  0.24926432
0.47791625  0.25154229
0.46040593  0.25334783
0.44298198  0.25468219
0.42565331  0.25554698
0.40842945  0.25594417
0.39132052  0.25587601
0.37433730  0.25534512
0.35749120  0.25435441
0.34079431  0.25290714
0.32425942  0.25100685
0.30790000  0.24865742
0.29173028  0.24586300
0.27576522  0.24262808
0.26002056  0.23895743
0.24451281  0.23485610
0.22925931  0.23032945
0.21427820  0.22538312
0.19958848  0.22002301
0.18521000  0.21425532
0.17116350  0.20808652
0.15747063  0.20152333
0.14415394  0.19457275
0.13123695  0.18724204
0.11874410  0.17953871
0.10670084  0.17147051
0.09513360  0.16304546
0.08406985  0.15427180
0.07353805  0.14515803
0.06356777  0.13571287
0.05418962  0.12594528
0.04543531  0.11586443
0.03733766  0.10547973
0.02993063  0.09480079
0.02324933  0.08383746
0.01733003  0.07259978
0.01221019  0.06109799
0.00792850  0.04934254
0.00452485  0.03734409
0.00204040  0.02511346
0.00051754  0.01266170
0.00000000  0.00000000
0.00000000  0.00000000
0.00051754  -0.00153072
0.00204040  -0.00334834
0.00452485  -0.00543450
0.00792850  -0.00777130
0.01221019  -0.01034125
0.01733003  -0.01312727
0.02324933  -0.01611265
0.02993063  -0.01928107
0.03733766  -0.02261653
0.04543531  -0.02610340
0.05418962  -0.02972634
0.06356777  -0.03347030
0.07353805  -0.03732054
0.08406985  -0.04126255
0.09513360  -0.04528210
0.10670084  -0.04936517
0.11874410  -0.05349794
0.13123695  -0.05766680
0.14415394  -0.06185832
0.15747063  -0.06605922
0.17116350  -0.07025635
0.18521000  -0.07443671
0.19958848  -0.07858739
0.21427820  -0.08269557
0.22925931  -0.08674851
0.24451281  -0.09073352
0.26002056  -0.09463794
0.27576522  -0.09844914
0.29173028  -0.10215449
0.30790000  -0.10574134
0.32425942  -0.10919702
0.34079431  -0.11250880
0.35749120  -0.11566388
0.37433730  -0.11864939
0.39132052  -0.12145234
0.40842945  -0.12405963
0.42565331  -0.12645804
0.44298198  -0.12863415
0.46040593  -0.13057443
0.47791625  -0.13226510
0.49550459  -0.13369222
0.51316314  -0.13484161
0.53088467  -0.13569885
0.54866242  -0.13624925
0.56649016  -0.13647787
0.58436214  -0.13636944
0.60227305  -0.13590842
0.62021803  -0.13507893
0.63819266  -0.13386472
0.65619289  -0.13224920
0.67421508  -0.13021540
0.69225594  -0.12774596
0.71031254  -0.12482308
0.72838225  -0.12142854
0.74646278  -0.11754369
0.76455210  -0.11314938
0.78264847  -0.10822600
0.80075038  -0.10275342
0.81885656  -0.09671102
0.83696596  -0.09007761
0.85507770  -0.08283147
0.87319109  -0.07495029
0.89130559  -0.06641119
0.90942079  -0.05719068
0.92753640  -0.04726464
0.94565221  -0.03660830
0.96376812  -0.02519626
0.98188406  -0.01300242
1.00000000  0.00000000
