NN19234
1.00000000  0.00000000
0.98188406  0.01864292
0.96376812  0.03627566
0.94565221  0.05294062
0.92753640  0.06867812
0.90942079  0.08352641
0.89130559  0.09752173
0.87319109  0.11069840
0.85507770  0.12308888
0.83696596  0.13472378
0.81885656  0.14563200
0.80075038  0.15584073
0.78264847  0.16537554
0.76455210  0.17426044
0.74646278  0.18251793
0.72838225  0.19016907
0.71031254  0.19723354
0.69225594  0.20372970
0.67421508  0.20967468
0.65619289  0.21508437
0.63819266  0.21997356
0.62021803  0.22435596
0.60227305  0.22824427
0.58436214  0.23165024
0.56649016  0.23458473
0.54866242  0.23705780
0.53088467  0.23907871
0.51316314  0.24065604
0.49550459  0.24179774
0.47791625  0.24251116
0.46040593  0.24280315
0.44298198  0.24268009
0.42565331  0.24214799
0.40842945  0.24121250
0.39132052  0.23987902
0.37433730  0.23815274
0.35749120  0.23603870
0.34079431  0.23354186
0.32425942  0.23066715
0.30790000  0.22741955
0.29173028  0.22380412
0.27576522  0.21982610
0.26002056  0.21549095
0.24451281  0.21080441
0.22925931  0.20577258
0.21427820  0.20040196
0.19958848  0.19469950
0.18521000  0.18867273
0.17116350  0.18232973
0.15747063  0.17567925
0.14415394  0.16873076
0.13123695  0.16149451
0.11874410  0.15398158
0.10670084  0.14620397
0.09513360  0.13817463
0.08406985  0.12990753
0.07353805  0.12141774
0.06356777  0.11272147
0.05418962  0.10383615
0.04543531  0.09478047
0.03733766  0.08557447
0.02993063  0.07623956
0.02324933  0.06679863
0.01733003  0.05727608
0.01221019  0.04769788
0.00792850  0.03809167
0.00452485  0.02848677
0.00204040  0.01891426
0.00051754  0.00940707
0.00000000  0.00000000
0.00000000  0.00000000
0.00051754  -0.00756718
0.00204040  -0.01448596
0.00452485  -0.02079130
0.00792850  -0.02651667
0.01221019  -0.03169408
0.01733003  -0.03635412
0.02324933  -0.04052603
0.02993063  -0.04423770
0.03733766  -0.04751573
0.04543531  -0.05038547
0.05418962  -0.05287108
0.06356777  -0.05499551
0.07353805  -0.05678064
0.08406985  -0.05824720
0.09513360  -0.05941494
0.10670084  -0.06030255
0.11874410  -0.06092778
0.13123695  -0.06130747
0.14415394  -0.06145756
0.15747063  -0.06139316
0.17116350  -0.06112857
0.18521000  -0.06067734
0.19958848  -0.06005229
0.21427820  -0.05926559
0.22925931  -0.05832874
0.24451281  -0.05725268
0.26002056  -0.05604776
0.27576522  -0.05472385
0.29173028  -0.05329033
0.30790000  -0.05175614
0.32425942  -0.05012986
0.34079431  -0.04841969
0.35749120  -0.04663354
0.37433730  -0.04477904
0.39132052  -0.04286361
0.40842945  -0.04089448
0.42565331  -0.03887872
0.44298198  -0.03682330
0.46040593  -0.03473516
0.47791625  -0.03262117
0.49550459  -0.03048826
0.51316314  -0.02834339
0.53088467  -0.02619364
0.54866242  -0.02404623
0.56649016  -0.02190855
0.58436214  -0.01978823
0.60227305  -0.01769315
0.62021803  -0.01563152
0.63819266  -0.01361186
0.65619289  -0.01164312
0.67421508  -0.00973465
0.69225594  -0.00789627
0.71031254  -0.00613832
0.72838225  -0.00447170
0.74646278  -0.00290788
0.76455210  -0.00145898
0.78264847  -0.00013780
0.80075038  0.00104217
0.81885656  0.00206666
0.83696596  0.00292062
0.85507770  0.00358814
0.87319109  0.00405245
0.89130559  0.00429586
0.90942079  0.00429970
0.92753640  0.00404431
0.94565221  0.00350900
0.96376812  0.00267198
0.98188406  0.00151034
1.00000000  0.00000000
