NN19476
1.00000000  0.00000000
0.98188406  0.01562313
0.96376812  0.03008289
0.94565221  0.04342507
0.92753640  0.05569468
0.90942079  0.06693597
0.89130559  0.07719241
0.87319109  0.08650668
0.85507770  0.09492065
0.83696596  0.10247540
0.81885656  0.10921120
0.80075038  0.11516750
0.78264847  0.12038291
0.76455210  0.12489522
0.74646278  0.12874138
0.72838225  0.13195749
0.71031254  0.13457876
0.69225594  0.13663959
0.67421508  0.13817347
0.65619289  0.13921303
0.63819266  0.13978998
0.62021803  0.13993518
0.60227305  0.13967855
0.58436214  0.13904912
0.56649016  0.13807500
0.54866242  0.13678336
0.53088467  0.13520045
0.51316314  0.13335158
0.49550459  0.13126110
0.47791625  0.12895241
0.46040593  0.12644795
0.44298198  0.12376919
0.42565331  0.12093660
0.40842945  0.11796969
0.39132052  0.11488697
0.37433730  0.11170592
0.35749120  0.10844305
0.34079431  0.10511384
0.32425942  0.10173272
0.30790000  0.09831311
0.29173028  0.09486740
0.27576522  0.09140692
0.26002056  0.08794193
0.24451281  0.08448164
0.22925931  0.08103420
0.21427820  0.07760667
0.19958848  0.07420502
0.18521000  0.07083413
0.17116350  0.06749778
0.15747063  0.06419864
0.14415394  0.06093828
0.13123695  0.05771711
0.11874410  0.05453444
0.10670084  0.05138842
0.09513360  0.04827607
0.08406985  0.04519324
0.07353805  0.04213463
0.06356777  0.03909377
0.05418962  0.03606299
0.04543531  0.03303347
0.03733766  0.02999517
0.02993063  0.02693686
0.02324933  0.02384610
0.01733003  0.02070923
0.01221019  0.01751138
0.00792850  0.01423643
0.00452485  0.01086705
0.00204040  0.00738462
0.00051754  0.00376931
0.00000000  0.00000000
0.00000000  0.00000000
0.00051754  -0.00002766
0.00204040  -0.00004616
0.00452485  -0.00004894
0.00792850  -0.00003094
0.01221019  0.00001145
0.01733003  0.00008051
0.02324933  0.00017726
0.02993063  0.00030156
0.03733766  0.00045216
0.04543531  0.00062681
0.05418962  0.00082235
0.06356777  0.00103476
0.07353805  0.00125928
0.08406985  0.00149047
0.09513360  0.00172232
0.10670084  0.00194828
0.11874410  0.00216142
0.13123695  0.00235446
0.14415394  0.00251985
0.15747063  0.00264989
0.17116350  0.00273679
0.18521000  0.00277276
0.19958848  0.00275010
0.21427820  0.00266125
0.22925931  0.00249894
0.24451281  0.00225620
0.26002056  0.00192648
0.27576522  0.00150377
0.29173028  0.00098259
0.30790000  0.00035817
0.32425942  -0.00037353
0.34079431  -0.00121570
0.35749120  -0.00217061
0.37433730  -0.00323954
0.39132052  -0.00442267
0.40842945  -0.00571900
0.42565331  -0.00712630
0.44298198  -0.00864098
0.46040593  -0.01025803
0.47791625  -0.01197094
0.49550459  -0.01377161
0.51316314  -0.01565025
0.53088467  -0.01759533
0.54866242  -0.01959347
0.56649016  -0.02162938
0.58436214  -0.02368572
0.60227305  -0.02574311
0.62021803  -0.02777994
0.63819266  -0.02977239
0.65619289  -0.03169426
0.67421508  -0.03351693
0.69225594  -0.03520928
0.71031254  -0.03673758
0.72838225  -0.03806542
0.74646278  -0.03915365
0.76455210  -0.03996023
0.78264847  -0.04044024
0.80075038  -0.04054570
0.81885656  -0.04022556
0.83696596  -0.03942557
0.85507770  -0.03808824
0.87319109  -0.03615270
0.89130559  -0.03355466
0.90942079  -0.03022632
0.92753640  -0.02609626
0.94565221  -0.02108940
0.96376812  -0.01512687
0.98188406  -0.00812595
1.00000000  0.00000000
