NN19471
1.00000000  0.00000000
0.98188406  0.01560284
0.96376812  0.02983908
0.94565221  0.04279845
0.92753640  0.05456702
0.90942079  0.06522725
0.89130559  0.07485804
0.87319109  0.08353476
0.85507770  0.09132936
0.83696596  0.09831037
0.81885656  0.10454296
0.80075038  0.11008902
0.78264847  0.11500721
0.76455210  0.11935298
0.74646278  0.12317865
0.72838225  0.12653347
0.71031254  0.12946365
0.69225594  0.13201243
0.67421508  0.13422012
0.65619289  0.13612416
0.63819266  0.13775920
0.62021803  0.13915709
0.60227305  0.14034700
0.58436214  0.14135543
0.56649016  0.14220627
0.54866242  0.14292089
0.53088467  0.14351814
0.51316314  0.14401442
0.49550459  0.14442375
0.47791625  0.14475783
0.46040593  0.14502606
0.44298198  0.14523560
0.42565331  0.14539145
0.40842945  0.14549648
0.39132052  0.14555149
0.37433730  0.14555526
0.35749120  0.14550462
0.34079431  0.14539447
0.32425942  0.14521786
0.30790000  0.14496604
0.29173028  0.14462850
0.27576522  0.14419305
0.26002056  0.14364582
0.24451281  0.14297140
0.22925931  0.14215279
0.21427820  0.14117154
0.19958848  0.14000775
0.18521000  0.13864016
0.17116350  0.13704616
0.15747063  0.13520189
0.14415394  0.13308225
0.13123695  0.13066101
0.11874410  0.12791078
0.10670084  0.12480315
0.09513360  0.12130868
0.08406985  0.11739700
0.07353805  0.11303682
0.06356777  0.10819600
0.05418962  0.10284164
0.04543531  0.09694007
0.03733766  0.09045694
0.02993063  0.08335727
0.02324933  0.07560550
0.01733003  0.06716554
0.01221019  0.05800083
0.00792850  0.04807440
0.00452485  0.03734888
0.00204040  0.02578663
0.00051754  0.01334971
0.00000000  0.00000000
0.00000000  0.00000000
0.00051754  -0.00838469
0.00204040  -0.01639502
0.00452485  -0.02402429
0.00792850  -0.03126723
0.01221019  -0.03811993
0.01733003  -0.04457981
0.02324933  -0.05064556
0.02993063  -0.05631709
0.03733766  -0.06159546
0.04543531  -0.06648288
0.05418962  -0.07098258
0.06356777  -0.07509884
0.07353805  -0.07883687
0.08406985  -0.08220282
0.09513360  -0.08520365
0.10670084  -0.08784718
0.11874410  -0.09014194
0.13123695  -0.09209718
0.14415394  -0.09372279
0.15747063  -0.09502928
0.17116350  -0.09602767
0.18521000  -0.09672950
0.19958848  -0.09714675
0.21427820  -0.09729179
0.22925931  -0.09717731
0.24451281  -0.09681632
0.26002056  -0.09622205
0.27576522  -0.09540789
0.29173028  -0.09438741
0.30790000  -0.09317423
0.32425942  -0.09178199
0.34079431  -0.09022434
0.35749120  -0.08851482
0.37433730  -0.08666686
0.39132052  -0.08469373
0.40842945  -0.08260843
0.42565331  -0.08042371
0.44298198  -0.07815197
0.46040593  -0.07580524
0.47791625  -0.07339510
0.49550459  -0.07093265
0.51316314  -0.06842843
0.53088467  -0.06589242
0.54866242  -0.06333393
0.56649016  -0.06076158
0.58436214  -0.05818326
0.60227305  -0.05560604
0.62021803  -0.05303615
0.63819266  -0.05047890
0.65619289  -0.04793868
0.67421508  -0.04541884
0.69225594  -0.04292169
0.71031254  -0.04044843
0.72838225  -0.03799910
0.74646278  -0.03557251
0.76455210  -0.03316623
0.78264847  -0.03077649
0.80075038  -0.02839819
0.81885656  -0.02602475
0.83696596  -0.02364818
0.85507770  -0.02125893
0.87319109  -0.01884588
0.89130559  -0.01639630
0.90942079  -0.01389576
0.92753640  -0.01132812
0.94565221  -0.00867543
0.96376812  -0.00591794
0.98188406  -0.00303399
1.00000000  0.00000000
