NN19870
1.00000000  0.00000000
0.98188406  0.01991199
0.96376812  0.03893107
0.94565221  0.05708708
0.92753640  0.07440799
0.90942079  0.09091995
0.89130559  0.10664739
0.87319109  0.12161305
0.85507770  0.13583810
0.83696596  0.14934216
0.81885656  0.16214339
0.80075038  0.17425858
0.78264847  0.18570317
0.76455210  0.19649138
0.74646278  0.20663621
0.72838225  0.21614959
0.71031254  0.22504236
0.69225594  0.23332443
0.67421508  0.24100478
0.65619289  0.24809155
0.63819266  0.25459213
0.62021803  0.26051319
0.60227305  0.26586080
0.58436214  0.27064045
0.56649016  0.27485715
0.54866242  0.27851549
0.53088467  0.28161969
0.51316314  0.28417372
0.49550459  0.28618132
0.47791625  0.28764608
0.46040593  0.28857153
0.44298198  0.28896118
0.42565331  0.28881864
0.40842945  0.28814760
0.39132052  0.28695200
0.37433730  0.28523602
0.35749120  0.28300421
0.34079431  0.28026151
0.32425942  0.27701335
0.30790000  0.27326571
0.29173028  0.26902519
0.27576522  0.26429906
0.26002056  0.25909537
0.24451281  0.25342300
0.22925931  0.24729170
0.21427820  0.24071221
0.19958848  0.23369629
0.18521000  0.22625681
0.17116350  0.21840782
0.15747063  0.21016460
0.14415394  0.20154374
0.13123695  0.19256324
0.11874410  0.18324251
0.10670084  0.17360250
0.09513360  0.16366576
0.08406985  0.15345648
0.07353805  0.14300058
0.06356777  0.13232578
0.05418962  0.12146167
0.04543531  0.11043978
0.03733766  0.09929363
0.02993063  0.08805881
0.02324933  0.07677308
0.01733003  0.06547639
0.01221019  0.05421099
0.00792850  0.04302145
0.00452485  0.03195480
0.00204040  0.02106053
0.00051754  0.01039070
0.00000000  0.00000000
0.00000000  0.00000000
0.00051754  -0.00132539
0.00204040  -0.00282020
0.00452485  -0.00447244
0.00792850  -0.00626992
0.01221019  -0.00820035
0.01733003  -0.01025129
0.02324933  -0.01241026
0.02993063  -0.01466468
0.03733766  -0.01700195
0.04543531  -0.01940946
0.05418962  -0.02187461
0.06356777  -0.02438483
0.07353805  -0.02692763
0.08406985  -0.02949059
0.09513360  -0.03206142
0.10670084  -0.03462795
0.11874410  -0.03717818
0.13123695  -0.03970030
0.14415394  -0.04218271
0.15747063  -0.04461405
0.17116350  -0.04698321
0.18521000  -0.04927939
0.19958848  -0.05149207
0.21427820  -0.05361109
0.22925931  -0.05562664
0.24451281  -0.05752931
0.26002056  -0.05931008
0.27576522  -0.06096038
0.29173028  -0.06247210
0.30790000  -0.06383761
0.32425942  -0.06504980
0.34079431  -0.06610207
0.35749120  -0.06698841
0.37433730  -0.06770339
0.39132052  -0.06824216
0.40842945  -0.06860055
0.42565331  -0.06877502
0.44298198  -0.06876272
0.46040593  -0.06856150
0.47791625  -0.06816997
0.49550459  -0.06758747
0.51316314  -0.06681414
0.53088467  -0.06585093
0.54866242  -0.06469961
0.56649016  -0.06336283
0.58436214  -0.06184409
0.60227305  -0.06014784
0.62021803  -0.05827942
0.63819266  -0.05624517
0.65619289  -0.05405237
0.67421508  -0.05170934
0.69225594  -0.04922541
0.71031254  -0.04661099
0.72838225  -0.04387756
0.74646278  -0.04103769
0.76455210  -0.03810512
0.78264847  -0.03509470
0.80075038  -0.03202251
0.81885656  -0.02890580
0.83696596  -0.02576306
0.85507770  -0.02261404
0.87319109  -0.01947978
0.89130559  -0.01638261
0.90942079  -0.01334619
0.92753640  -0.01039555
0.94565221  -0.00755708
0.96376812  -0.00485860
0.98188406  -0.00232934
1.00000000  0.00000000
