NN19329
1.00000000  0.00000000
0.98188406  0.01858846
0.96376812  0.03561809
0.94565221  0.05120799
0.92753640  0.06547065
0.90942079  0.07851214
0.89130559  0.09043226
0.87319109  0.10132471
0.85507770  0.11127726
0.83696596  0.12037188
0.81885656  0.12868496
0.80075038  0.13628741
0.78264847  0.14324487
0.76455210  0.14961786
0.74646278  0.15546192
0.72838225  0.16082782
0.71031254  0.16576168
0.69225594  0.17030514
0.67421508  0.17449555
0.65619289  0.17836611
0.63819266  0.18194604
0.62021803  0.18526074
0.60227305  0.18833194
0.58436214  0.19117790
0.56649016  0.19381355
0.54866242  0.19625064
0.53088467  0.19849792
0.51316314  0.20056130
0.49550459  0.20244404
0.47791625  0.20414684
0.46040593  0.20566808
0.44298198  0.20700396
0.42565331  0.20814862
0.40842945  0.20909438
0.39132052  0.20983184
0.37433730  0.21035007
0.35749120  0.21063676
0.34079431  0.21067840
0.32425942  0.21046044
0.30790000  0.20996744
0.29173028  0.20918325
0.27576522  0.20809114
0.26002056  0.20667401
0.24451281  0.20491454
0.22925931  0.20279530
0.21427820  0.20029901
0.19958848  0.19740860
0.18521000  0.19410747
0.17116350  0.19037957
0.15747063  0.18620961
0.14415394  0.18158322
0.13123695  0.17648709
0.11874410  0.17090916
0.10670084  0.16483878
0.09513360  0.15826684
0.08406985  0.15118598
0.07353805  0.14359071
0.06356777  0.13547762
0.05418962  0.12684549
0.04543531  0.11769551
0.03733766  0.10803138
0.02993063  0.09785954
0.02324933  0.08718927
0.01733003  0.07603289
0.01221019  0.06440594
0.00792850  0.05232729
0.00452485  0.03981934
0.00204040  0.02690818
0.00051754  0.01362375
0.00000000  0.00000000
0.00000000  0.00000000
0.00051754  -0.00255382
0.00204040  -0.00504329
0.00452485  -0.00746128
0.00792850  -0.00980131
0.01221019  -0.01205758
0.01733003  -0.01422491
0.02324933  -0.01629876
0.02993063  -0.01827517
0.03733766  -0.02015074
0.04543531  -0.02192265
0.05418962  -0.02358859
0.06356777  -0.02514676
0.07353805  -0.02659587
0.08406985  -0.02793507
0.09513360  -0.02916398
0.10670084  -0.03028262
0.11874410  -0.03129143
0.13123695  -0.03219124
0.14415394  -0.03298323
0.15747063  -0.03366891
0.17116350  -0.03425012
0.18521000  -0.03472901
0.19958848  -0.03510799
0.21427820  -0.03538974
0.22925931  -0.03557714
0.24451281  -0.03567333
0.26002056  -0.03568161
0.27576522  -0.03560545
0.29173028  -0.03544850
0.30790000  -0.03521451
0.32425942  -0.03490734
0.34079431  -0.03453094
0.35749120  -0.03408932
0.37433730  -0.03358656
0.39132052  -0.03302672
0.40842945  -0.03241389
0.42565331  -0.03175212
0.44298198  -0.03104545
0.46040593  -0.03029783
0.47791625  -0.02951312
0.49550459  -0.02869511
0.51316314  -0.02784744
0.53088467  -0.02697359
0.54866242  -0.02607690
0.56649016  -0.02516050
0.58436214  -0.02422732
0.60227305  -0.02328006
0.62021803  -0.02232115
0.63819266  -0.02135277
0.65619289  -0.02037678
0.67421508  -0.01939474
0.69225594  -0.01840786
0.71031254  -0.01741700
0.72838225  -0.01642264
0.74646278  -0.01542485
0.76455210  -0.01442329
0.78264847  -0.01341715
0.80075038  -0.01240519
0.81885656  -0.01138565
0.83696596  -0.01035630
0.85507770  -0.00931434
0.87319109  -0.00825645
0.89130559  -0.00717872
0.90942079  -0.00607666
0.92753640  -0.00494517
0.94565221  -0.00377849
0.96376812  -0.00257024
0.98188406  -0.00131334
1.00000000  0.00000000
