NN19287
1.00000000  0.00000000
0.98188406  0.01879308
0.96376812  0.03656926
0.94565221  0.05333026
0.92753640  0.06908057
0.90942079  0.08382727
0.89130559  0.09757996
0.87319109  0.11035059
0.85507770  0.12215337
0.83696596  0.13300463
0.81885656  0.14292273
0.80075038  0.15192788
0.78264847  0.16004209
0.76455210  0.16728898
0.74646278  0.17369372
0.72838225  0.17928285
0.71031254  0.18408420
0.69225594  0.18812676
0.67421508  0.19144053
0.65619289  0.19405645
0.63819266  0.19600622
0.62021803  0.19732224
0.60227305  0.19803742
0.58436214  0.19818512
0.56649016  0.19779899
0.54866242  0.19691286
0.53088467  0.19556062
0.51316314  0.19377609
0.49550459  0.19159292
0.47791625  0.18904445
0.46040593  0.18616356
0.44298198  0.18298263
0.42565331  0.17953332
0.40842945  0.17584652
0.39132052  0.17195220
0.37433730  0.16787930
0.35749120  0.16365558
0.34079431  0.15930754
0.32425942  0.15486025
0.30790000  0.15033728
0.29173028  0.14576054
0.27576522  0.14115017
0.26002056  0.13652443
0.24451281  0.13189956
0.22925931  0.12728967
0.21427820  0.12270660
0.19958848  0.11815982
0.18521000  0.11365631
0.17116350  0.10920041
0.15747063  0.10479374
0.14415394  0.10043503
0.13123695  0.09612004
0.11874410  0.09184141
0.10670084  0.08758856
0.09513360  0.08334755
0.08406985  0.07910096
0.07353805  0.07482779
0.06356777  0.07050331
0.05418962  0.06609896
0.04543531  0.06158221
0.03733766  0.05691644
0.02993063  0.05206084
0.02324933  0.04697026
0.01733003  0.04159512
0.01221019  0.03588126
0.00792850  0.02976980
0.00452485  0.02319710
0.00204040  0.01609453
0.00051754  0.00838845
0.00000000  0.00000000
0.00000000  0.00000000
0.00051754  -0.00678296
0.00204040  -0.01269660
0.00452485  -0.01780916
0.00792850  -0.02218588
0.01221019  -0.02588902
0.01733003  -0.02897797
0.02324933  -0.03150923
0.02993063  -0.03353654
0.03733766  -0.03511086
0.04543531  -0.03628047
0.05418962  -0.03709103
0.06356777  -0.03758558
0.07353805  -0.03780465
0.08406985  -0.03778629
0.09513360  -0.03756613
0.10670084  -0.03717741
0.11874410  -0.03665107
0.13123695  -0.03601577
0.14415394  -0.03529797
0.15747063  -0.03452196
0.17116350  -0.03370994
0.18521000  -0.03288204
0.19958848  -0.03205642
0.21427820  -0.03124926
0.22925931  -0.03047487
0.24451281  -0.02974572
0.26002056  -0.02907249
0.27576522  -0.02846414
0.29173028  -0.02792793
0.30790000  -0.02746951
0.32425942  -0.02709297
0.34079431  -0.02680085
0.35749120  -0.02659426
0.37433730  -0.02647288
0.39132052  -0.02643503
0.40842945  -0.02647773
0.42565331  -0.02659676
0.44298198  -0.02678668
0.46040593  -0.02704093
0.47791625  -0.02735184
0.49550459  -0.02771070
0.51316314  -0.02810784
0.53088467  -0.02853263
0.54866242  -0.02897359
0.56649016  -0.02941839
0.58436214  -0.02985395
0.60227305  -0.03026645
0.62021803  -0.03064144
0.63819266  -0.03096382
0.65619289  -0.03121796
0.67421508  -0.03138772
0.69225594  -0.03145649
0.71031254  -0.03140731
0.72838225  -0.03122282
0.74646278  -0.03088540
0.76455210  -0.03037719
0.78264847  -0.02968015
0.80075038  -0.02877609
0.81885656  -0.02764678
0.83696596  -0.02627391
0.85507770  -0.02463926
0.87319109  -0.02272466
0.89130559  -0.02051207
0.90942079  -0.01798367
0.92753640  -0.01512184
0.94565221  -0.01190931
0.96376812  -0.00832911
0.98188406  -0.00436470
1.00000000  0.00000000
