NN19135
1.00000000  0.00000000
0.98188406  0.01597342
0.96376812  0.03077003
0.94565221  0.04445546
0.92753640  0.05709297
0.90942079  0.06874345
0.89130559  0.07946550
0.87319109  0.08931542
0.85507770  0.09834721
0.83696596  0.10661264
0.81885656  0.11416127
0.80075038  0.12104043
0.78264847  0.12729529
0.76455210  0.13296886
0.74646278  0.13810201
0.72838225  0.14273353
0.71031254  0.14690010
0.69225594  0.15063636
0.67421508  0.15397490
0.65619289  0.15694632
0.63819266  0.15957922
0.62021803  0.16190023
0.60227305  0.16393405
0.58436214  0.16570346
0.56649016  0.16722936
0.54866242  0.16853077
0.53088467  0.16962488
0.51316314  0.17052703
0.49550459  0.17125079
0.47791625  0.17180795
0.46040593  0.17220857
0.44298198  0.17246094
0.42565331  0.17257170
0.40842945  0.17254577
0.39132052  0.17238645
0.37433730  0.17209539
0.35749120  0.17167265
0.34079431  0.17111669
0.32425942  0.17042443
0.30790000  0.16959124
0.29173028  0.16861099
0.27576522  0.16747607
0.26002056  0.16617738
0.24451281  0.16470442
0.22925931  0.16304525
0.21427820  0.16118653
0.19958848  0.15911359
0.18521000  0.15681037
0.17116350  0.15425953
0.15747063  0.15144242
0.14415394  0.14833911
0.13123695  0.14492843
0.11874410  0.14118799
0.10670084  0.13709418
0.09513360  0.13262225
0.08406985  0.12774626
0.07353805  0.12243916
0.06356777  0.11667280
0.05418962  0.11041793
0.04543531  0.10364425
0.03733766  0.09632045
0.02993063  0.08841417
0.02324933  0.07989210
0.01733003  0.07071994
0.01221019  0.06086248
0.00792850  0.05028356
0.00452485  0.03894618
0.00204040  0.02681241
0.00051754  0.01384354
0.00000000  0.00000000
0.00000000  0.00000000
0.00051754  -0.00613373
0.00204040  -0.01150615
0.00452485  -0.01616813
0.00792850  -0.02016925
0.01221019  -0.02355772
0.01733003  -0.02638041
0.02324933  -0.02868284
0.02993063  -0.03050911
0.03733766  -0.03190198
0.04543531  -0.03290275
0.05418962  -0.03355133
0.06356777  -0.03388619
0.07353805  -0.03394433
0.08406985  -0.03376130
0.09513360  -0.03337118
0.10670084  -0.03280653
0.11874410  -0.03209844
0.13123695  -0.03127643
0.14415394  -0.03036853
0.15747063  -0.02940119
0.17116350  -0.02839932
0.18521000  -0.02738622
0.19958848  -0.02638363
0.21427820  -0.02541167
0.22925931  -0.02448883
0.24451281  -0.02363198
0.26002056  -0.02285633
0.27576522  -0.02217543
0.29173028  -0.02160117
0.30790000  -0.02114371
0.32425942  -0.02081155
0.34079431  -0.02061143
0.35749120  -0.02054838
0.37433730  -0.02062567
0.39132052  -0.02084482
0.40842945  -0.02120557
0.42565331  -0.02170585
0.44298198  -0.02234181
0.46040593  -0.02310777
0.47791625  -0.02399622
0.49550459  -0.02499780
0.51316314  -0.02610129
0.53088467  -0.02729360
0.54866242  -0.02855973
0.56649016  -0.02988281
0.58436214  -0.03124401
0.60227305  -0.03262261
0.62021803  -0.03399592
0.63819266  -0.03533928
0.65619289  -0.03662608
0.67421508  -0.03782771
0.69225594  -0.03891356
0.71031254  -0.03985098
0.72838225  -0.04060533
0.74646278  -0.04113988
0.76455210  -0.04141589
0.78264847  -0.04139250
0.80075038  -0.04102678
0.81885656  -0.04027370
0.83696596  -0.03908612
0.85507770  -0.03741476
0.87319109  -0.03520819
0.89130559  -0.03241284
0.90942079  -0.02897294
0.92753640  -0.02483056
0.94565221  -0.01992555
0.96376812  -0.01419555
0.98188406  -0.00757598
1.00000000  0.00000000
