NN2325
1.00000000  0.00000000
0.98188406  0.00953036
0.96376812  0.01905652
0.94565221  0.02855429
0.92753640  0.03799979
0.90942079  0.04736953
0.89130559  0.05664039
0.87319109  0.06578968
0.85507770  0.07479517
0.83696596  0.08363510
0.81885656  0.09228823
0.80075038  0.10073384
0.78264847  0.10895181
0.76455210  0.11692260
0.74646278  0.12462730
0.72838225  0.13204767
0.71031254  0.13916614
0.69225594  0.14596587
0.67421508  0.15243077
0.65619289  0.15854551
0.63819266  0.16429558
0.62021803  0.16966730
0.60227305  0.17464787
0.58436214  0.17922535
0.56649016  0.18338876
0.54866242  0.18712806
0.53088467  0.19043418
0.51316314  0.19329909
0.49550459  0.19571578
0.47791625  0.19767831
0.46040593  0.19918186
0.44298198  0.20022274
0.42565331  0.20079839
0.40842945  0.20090747
0.39132052  0.20054985
0.37433730  0.19972665
0.35749120  0.19844027
0.34079431  0.19669441
0.32425942  0.19449411
0.30790000  0.19184578
0.29173028  0.18875723
0.27576522  0.18523769
0.26002056  0.18129785
0.24451281  0.17694988
0.22925931  0.17220746
0.21427820  0.16708582
0.19958848  0.16160177
0.18521000  0.15577372
0.17116350  0.14962171
0.15747063  0.14316743
0.14415394  0.13643428
0.13123695  0.12944738
0.11874410  0.12223359
0.10670084  0.11482155
0.09513360  0.10724173
0.08406985  0.09952641
0.07353805  0.09170975
0.06356777  0.08382783
0.05418962  0.07591862
0.04543531  0.06802208
0.03733766  0.06018014
0.02993063  0.05243674
0.02324933  0.04483789
0.01733003  0.03743165
0.01221019  0.03026820
0.00792850  0.02339985
0.00452485  0.01688107
0.00204040  0.01076854
0.00051754  0.00512113
0.00000000  0.00000000
0.00000000  0.00000000
0.00051754  -0.00712650
0.00204040  -0.01424440
0.00452485  -0.02130700
0.00792850  -0.02827107
0.01221019  -0.03509685
0.01733003  -0.04174788
0.02324933  -0.04819095
0.02993063  -0.05439598
0.03733766  -0.06033595
0.04543531  -0.06598677
0.05418962  -0.07132722
0.06356777  -0.07633884
0.07353805  -0.08100583
0.08406985  -0.08531496
0.09513360  -0.08925547
0.10670084  -0.09281901
0.11874410  -0.09599948
0.13123695  -0.09879299
0.14415394  -0.10119775
0.15747063  -0.10321396
0.17116350  -0.10484374
0.18521000  -0.10609100
0.19958848  -0.10696139
0.21427820  -0.10746217
0.22925931  -0.10760214
0.24451281  -0.10739151
0.26002056  -0.10684185
0.27576522  -0.10596596
0.29173028  -0.10477780
0.30790000  -0.10329236
0.32425942  -0.10152561
0.34079431  -0.09949438
0.35749120  -0.09721626
0.37433730  -0.09470952
0.39132052  -0.09199300
0.40842945  -0.08908605
0.42565331  -0.08600837
0.44298198  -0.08277999
0.46040593  -0.07942112
0.47791625  -0.07595207
0.49550459  -0.07239317
0.51316314  -0.06876467
0.53088467  -0.06508663
0.54866242  -0.06137883
0.56649016  -0.05766071
0.58436214  -0.05395120
0.60227305  -0.05026870
0.62021803  -0.04663095
0.63819266  -0.04305495
0.65619289  -0.03955683
0.67421508  -0.03615182
0.69225594  -0.03285407
0.71031254  -0.02967663
0.72838225  -0.02663134
0.74646278  -0.02372868
0.76455210  -0.02097775
0.78264847  -0.01838613
0.80075038  -0.01595981
0.81885656  -0.01370305
0.83696596  -0.01161836
0.85507770  -0.00970632
0.87319109  -0.00796557
0.89130559  -0.00639264
0.90942079  -0.00498190
0.92753640  -0.00372545
0.94565221  -0.00261304
0.96376812  -0.00163195
0.98188406  -0.00076690
1.00000000  0.00000000
