NN2331
1.00000000  0.00000000
0.98188406  0.00776510
0.96376812  0.01494968
0.94565221  0.02161205
0.92753640  0.02780577
0.90942079  0.03357980
0.89130559  0.03897870
0.87319109  0.04404275
0.85507770  0.04880816
0.83696596  0.05330722
0.81885656  0.05756847
0.80075038  0.06161687
0.78264847  0.06547395
0.76455210  0.06915800
0.74646278  0.07268423
0.72838225  0.07606494
0.71031254  0.07930967
0.69225594  0.08242541
0.67421508  0.08541670
0.65619289  0.08828587
0.63819266  0.09103315
0.62021803  0.09365688
0.60227305  0.09615366
0.58436214  0.09851849
0.56649016  0.10074499
0.54866242  0.10282553
0.53088467  0.10475143
0.51316314  0.10651306
0.49550459  0.10810011
0.47791625  0.10950166
0.46040593  0.11070640
0.44298198  0.11170281
0.42565331  0.11247926
0.40842945  0.11302425
0.39132052  0.11332656
0.37433730  0.11337538
0.35749120  0.11316051
0.34079431  0.11267253
0.32425942  0.11190296
0.30790000  0.11084442
0.29173028  0.10949080
0.27576522  0.10783744
0.26002056  0.10588128
0.24451281  0.10362106
0.22925931  0.10105742
0.21427820  0.09819316
0.19958848  0.09503333
0.18521000  0.09158542
0.17116350  0.08785957
0.15747063  0.08386866
0.14415394  0.07962854
0.13123695  0.07515817
0.11874410  0.07047981
0.10670084  0.06561914
0.09513360  0.06060550
0.08406985  0.05547198
0.07353805  0.05025563
0.06356777  0.04499764
0.05418962  0.03974348
0.04543531  0.03454307
0.03733766  0.02945095
0.02993063  0.02452647
0.02324933  0.01983393
0.01733003  0.01544274
0.01221019  0.01142762
0.00792850  0.00786877
0.00452485  0.00485197
0.00204040  0.00246885
0.00051754  0.00081696
0.00000000  0.00000000
0.00000000  0.00000000
0.00051754  -0.00925059
0.00204040  -0.01755242
0.00452485  -0.02495230
0.00792850  -0.03149602
0.01221019  -0.03722836
0.01733003  -0.04219309
0.02324933  -0.04643297
0.02993063  -0.04998974
0.03733766  -0.05290416
0.04543531  -0.05521595
0.05418962  -0.05696385
0.06356777  -0.05818558
0.07353805  -0.05891785
0.08406985  -0.05919640
0.09513360  -0.05905593
0.10670084  -0.05853016
0.11874410  -0.05765180
0.13123695  -0.05645257
0.14415394  -0.05496317
0.15747063  -0.05321334
0.17116350  -0.05123179
0.18521000  -0.04904625
0.19958848  -0.04668345
0.21427820  -0.04416913
0.22925931  -0.04152804
0.24451281  -0.03878392
0.26002056  -0.03595955
0.27576522  -0.03307669
0.29173028  -0.03015613
0.30790000  -0.02721766
0.32425942  -0.02428009
0.34079431  -0.02136126
0.35749120  -0.01847798
0.37433730  -0.01564613
0.39132052  -0.01288056
0.40842945  -0.01019517
0.42565331  -0.00760286
0.44298198  -0.00511556
0.46040593  -0.00274422
0.47791625  -0.00049880
0.49550459  0.00161171
0.51316314  0.00357929
0.53088467  0.00539691
0.54866242  0.00705849
0.56649016  0.00855896
0.58436214  0.00989420
0.60227305  0.01106105
0.62021803  0.01205735
0.63819266  0.01288189
0.65619289  0.01353445
0.67421508  0.01401574
0.69225594  0.01432748
0.71031254  0.01447233
0.72838225  0.01445393
0.74646278  0.01427686
0.76455210  0.01394669
0.78264847  0.01346995
0.80075038  0.01285411
0.81885656  0.01210763
0.83696596  0.01123990
0.85507770  0.01026130
0.87319109  0.00918313
0.89130559  0.00801769
0.90942079  0.00677819
0.92753640  0.00547884
0.94565221  0.00413478
0.96376812  0.00276209
0.98188406  0.00137783
1.00000000  0.00000000
