NN2476
1.00000000  0.00000000
0.98188406  0.00402503
0.96376812  0.00837978
0.94565221  0.01303157
0.92753640  0.01794809
0.90942079  0.02309746
0.89130559  0.02844824
0.87319109  0.03396945
0.85507770  0.03963062
0.83696596  0.04540181
0.81885656  0.05125363
0.80075038  0.05715730
0.78264847  0.06308464
0.76455210  0.06900812
0.74646278  0.07490089
0.72838225  0.08073681
0.71031254  0.08649047
0.69225594  0.09213723
0.67421508  0.09765324
0.65619289  0.10301548
0.63819266  0.10820176
0.62021803  0.11319081
0.60227305  0.11796223
0.58436214  0.12249660
0.56649016  0.12677543
0.54866242  0.13078128
0.53088467  0.13449768
0.51316314  0.13790927
0.49550459  0.14100173
0.47791625  0.14376191
0.46040593  0.14617775
0.44298198  0.14823841
0.42565331  0.14993423
0.40842945  0.15125678
0.39132052  0.15219892
0.37433730  0.15275477
0.35749120  0.15291980
0.34079431  0.15269080
0.32425942  0.15206598
0.30790000  0.15104492
0.29173028  0.14962866
0.27576522  0.14781972
0.26002056  0.14562208
0.24451281  0.14304127
0.22925931  0.14008439
0.21427820  0.13676010
0.19958848  0.13307869
0.18521000  0.12905208
0.17116350  0.12469388
0.15747063  0.12001940
0.14415394  0.11504566
0.13123695  0.10979147
0.11874410  0.10427741
0.10670084  0.09852589
0.09513360  0.09256117
0.08406985  0.08640939
0.07353805  0.08009858
0.06356777  0.07365873
0.05418962  0.06712179
0.04543531  0.06052169
0.03733766  0.05389440
0.02993063  0.04727795
0.02324933  0.04071243
0.01733003  0.03424008
0.01221019  0.02790524
0.00792850  0.02175444
0.00452485  0.01583643
0.00204040  0.01020215
0.00051754  0.00490484
0.00000000  0.00000000
0.00000000  0.00000000
0.00051754  -0.01058512
0.00204040  -0.02059788
0.00452485  -0.03001679
0.00792850  -0.03882450
0.01221019  -0.04700764
0.01733003  -0.05455663
0.02324933  -0.06146554
0.02993063  -0.06773192
0.03733766  -0.07335665
0.04543531  -0.07834375
0.05418962  -0.08270023
0.06356777  -0.08643593
0.07353805  -0.08956336
0.08406985  -0.09209753
0.09513360  -0.09405578
0.10670084  -0.09545762
0.11874410  -0.09632458
0.13123695  -0.09668004
0.14415394  -0.09654906
0.15747063  -0.09595821
0.17116350  -0.09493543
0.18521000  -0.09350984
0.19958848  -0.09171162
0.21427820  -0.08957178
0.22925931  -0.08712206
0.24451281  -0.08439472
0.26002056  -0.08142242
0.27576522  -0.07823801
0.29173028  -0.07487441
0.30790000  -0.07136441
0.32425942  -0.06774053
0.34079431  -0.06403486
0.35749120  -0.06027888
0.37433730  -0.05650330
0.39132052  -0.05273789
0.40842945  -0.04901135
0.42565331  -0.04535112
0.44298198  -0.04178319
0.46040593  -0.03833200
0.47791625  -0.03502024
0.49550459  -0.03186867
0.51316314  -0.02889599
0.53088467  -0.02611866
0.54866242  -0.02355075
0.56649016  -0.02120376
0.58436214  -0.01908644
0.60227305  -0.01720469
0.62021803  -0.01556133
0.63819266  -0.01415598
0.65619289  -0.01298486
0.67421508  -0.01204065
0.69225594  -0.01131234
0.71031254  -0.01078504
0.72838225  -0.01043983
0.74646278  -0.01025357
0.76455210  -0.01019879
0.78264847  -0.01024349
0.80075038  -0.01035096
0.81885656  -0.01047967
0.83696596  -0.01058305
0.85507770  -0.01060939
0.87319109  -0.01050159
0.89130559  -0.01019707
0.90942079  -0.00962761
0.92753640  -0.00871910
0.94565221  -0.00739150
0.96376812  -0.00555856
0.98188406  -0.00312774
1.00000000  0.00000000
