NN2574
1.00000000  0.00000000
0.98188406  0.01099689
0.96376812  0.02224495
0.94565221  0.03368091
0.92753640  0.04524402
0.90942079  0.05687604
0.89130559  0.06852125
0.87319109  0.08012641
0.85507770  0.09164071
0.83696596  0.10301580
0.81885656  0.11420576
0.80075038  0.12516703
0.78264847  0.13585847
0.76455210  0.14624126
0.74646278  0.15627895
0.72838225  0.16593738
0.71031254  0.17518469
0.69225594  0.18399132
0.67421508  0.19232993
0.65619289  0.20017546
0.63819266  0.20750501
0.62021803  0.21429793
0.60227305  0.22053570
0.58436214  0.22620199
0.56649016  0.23128259
0.54866242  0.23576539
0.53088467  0.23964039
0.51316314  0.24289968
0.49550459  0.24553736
0.47791625  0.24754960
0.46040593  0.24893457
0.44298198  0.24969244
0.42565331  0.24982533
0.40842945  0.24933734
0.39132052  0.24823449
0.37433730  0.24652471
0.35749120  0.24421782
0.34079431  0.24132552
0.32425942  0.23786135
0.30790000  0.23384069
0.29173028  0.22928072
0.27576522  0.22420043
0.26002056  0.21862056
0.24451281  0.21256361
0.22925931  0.20605381
0.21427820  0.19911708
0.19958848  0.19178105
0.18521000  0.18407503
0.17116350  0.17602994
0.15747063  0.16767837
0.14415394  0.15905448
0.13123695  0.15019405
0.11874410  0.14113441
0.10670084  0.13191443
0.09513360  0.12257454
0.08406985  0.11315663
0.07353805  0.10370412
0.06356777  0.09426186
0.05418962  0.08487619
0.04543531  0.07559482
0.03733766  0.06646691
0.02993063  0.05754300
0.02324933  0.04887496
0.01733003  0.04051605
0.01221019  0.03252083
0.00792850  0.02494517
0.00452485  0.01784622
0.00204040  0.01128240
0.00051754  0.00531336
0.00000000  0.00000000
0.00000000  0.00000000
0.00051754  -0.00038376
0.00204040  -0.00112529
0.00452485  -0.00219546
0.00792850  -0.00356578
0.01221019  -0.00520842
0.01733003  -0.00709621
0.02324933  -0.00920263
0.02993063  -0.01150189
0.03733766  -0.01396883
0.04543531  -0.01657904
0.05418962  -0.01930879
0.06356777  -0.02213508
0.07353805  -0.02503563
0.08406985  -0.02798890
0.09513360  -0.03097409
0.10670084  -0.03397118
0.11874410  -0.03696087
0.13123695  -0.03992467
0.14415394  -0.04284486
0.15747063  -0.04570451
0.17116350  -0.04848749
0.18521000  -0.05117849
0.19958848  -0.05376300
0.21427820  -0.05622737
0.22925931  -0.05855875
0.24451281  -0.06074517
0.26002056  -0.06277550
0.27576522  -0.06463947
0.29173028  -0.06632771
0.30790000  -0.06783170
0.32425942  -0.06914384
0.34079431  -0.07025743
0.35749120  -0.07116666
0.37433730  -0.07186667
0.39132052  -0.07235351
0.40842945  -0.07262418
0.42565331  -0.07267662
0.44298198  -0.07250975
0.46040593  -0.07212342
0.47791625  -0.07151848
0.49550459  -0.07069678
0.51316314  -0.06966113
0.53088467  -0.06841537
0.54866242  -0.06696435
0.56649016  -0.06531393
0.58436214  -0.06347102
0.60227305  -0.06144355
0.62021803  -0.05924052
0.63819266  -0.05687198
0.65619289  -0.05434905
0.67421508  -0.05168393
0.69225594  -0.04888991
0.71031254  -0.04598137
0.72838225  -0.04297379
0.74646278  -0.03988379
0.76455210  -0.03672908
0.78264847  -0.03352854
0.80075038  -0.03030217
0.81885656  -0.02707111
0.83696596  -0.02385770
0.85507770  -0.02068542
0.87319109  -0.01757893
0.89130559  -0.01456410
0.90942079  -0.01166798
0.92753640  -0.00891883
0.94565221  -0.00634613
0.96376812  -0.00398060
0.98188406  -0.00185416
1.00000000  0.00000000
