NN2607
1.00000000  0.00000000
0.98188406  0.01126701
0.96376812  0.02190641
0.94565221  0.03194305
0.92753640  0.04140061
0.90942079  0.05030168
0.89130559  0.05866779
0.87319109  0.06651941
0.85507770  0.07387603
0.83696596  0.08075614
0.81885656  0.08717733
0.80075038  0.09315625
0.78264847  0.09870872
0.76455210  0.10384969
0.74646278  0.10859332
0.72838225  0.11295301
0.71031254  0.11694142
0.69225594  0.12057051
0.67421508  0.12385156
0.65619289  0.12679523
0.63819266  0.12941158
0.62021803  0.13171009
0.60227305  0.13369974
0.58436214  0.13538896
0.56649016  0.13678575
0.54866242  0.13789767
0.53088467  0.13873188
0.51316314  0.13929518
0.49550459  0.13959403
0.47791625  0.13963459
0.46040593  0.13942277
0.44298198  0.13896424
0.42565331  0.13826447
0.40842945  0.13732877
0.39132052  0.13616233
0.37433730  0.13477023
0.35749120  0.13315749
0.34079431  0.13132911
0.32425942  0.12929008
0.30790000  0.12704544
0.29173028  0.12460030
0.27576522  0.12195987
0.26002056  0.11912951
0.24451281  0.11611474
0.22925931  0.11292130
0.21427820  0.10955515
0.19958848  0.10602255
0.18521000  0.10233005
0.17116350  0.09848453
0.15747063  0.09449328
0.14415394  0.09036396
0.13123695  0.08610469
0.11874410  0.08172407
0.10670084  0.07723120
0.09513360  0.07263573
0.08406985  0.06794786
0.07353805  0.06317845
0.06356777  0.05833895
0.05418962  0.05344152
0.04543531  0.04849902
0.03733766  0.04352506
0.02993063  0.03853401
0.02324933  0.03354108
0.01733003  0.02856230
0.01221019  0.02361460
0.00792850  0.01871579
0.00452485  0.01388467
0.00204040  0.00914097
0.00051754  0.00450548
0.00000000  0.00000000
0.00000000  0.00000000
0.00051754  -0.00402661
0.00204040  -0.00759289
0.00452485  -0.01071895
0.00792850  -0.01342429
0.01221019  -0.01572781
0.01733003  -0.01764788
0.02324933  -0.01920234
0.02993063  -0.02040852
0.03733766  -0.02128326
0.04543531  -0.02184295
0.05418962  -0.02210355
0.06356777  -0.02208061
0.07353805  -0.02178928
0.08406985  -0.02124437
0.09513360  -0.02046033
0.10670084  -0.01945131
0.11874410  -0.01823116
0.13123695  -0.01681347
0.14415394  -0.01521160
0.15747063  -0.01343867
0.17116350  -0.01150761
0.18521000  -0.00943118
0.19958848  -0.00722202
0.21427820  -0.00489260
0.22925931  -0.00245532
0.24451281  0.00007748
0.26002056  0.00269355
0.27576522  0.00538064
0.29173028  0.00812651
0.30790000  0.01091890
0.32425942  0.01374549
0.34079431  0.01659392
0.35749120  0.01945172
0.37433730  0.02230630
0.39132052  0.02514493
0.40842945  0.02795473
0.42565331  0.03072262
0.44298198  0.03343530
0.46040593  0.03607925
0.47791625  0.03864068
0.49550459  0.04110551
0.51316314  0.04345936
0.53088467  0.04568753
0.54866242  0.04777494
0.56649016  0.04970613
0.58436214  0.05146527
0.60227305  0.05303606
0.62021803  0.05440178
0.63819266  0.05554521
0.65619289  0.05644864
0.67421508  0.05709385
0.69225594  0.05746205
0.71031254  0.05753388
0.72838225  0.05728941
0.74646278  0.05670805
0.76455210  0.05576862
0.78264847  0.05444921
0.80075038  0.05272728
0.81885656  0.05057952
0.83696596  0.04798192
0.85507770  0.04490970
0.87319109  0.04133726
0.89130559  0.03723824
0.90942079  0.03258542
0.92753640  0.02735070
0.94565221  0.02150514
0.96376812  0.01501886
0.98188406  0.00786106
1.00000000  0.00000000
