NN2794
1.00000000  0.00000000
0.98188406  0.01044628
0.96376812  0.02000694
0.94565221  0.02875767
0.92753640  0.03676944
0.90942079  0.04410861
0.89130559  0.05083709
0.87319109  0.05701243
0.85507770  0.06268802
0.83696596  0.06791313
0.81885656  0.07273313
0.80075038  0.07718957
0.78264847  0.08132032
0.76455210  0.08515972
0.74646278  0.08873867
0.72838225  0.09208481
0.71031254  0.09522264
0.69225594  0.09817362
0.67421508  0.10095633
0.65619289  0.10358661
0.63819266  0.10607766
0.62021803  0.10844018
0.60227305  0.11068255
0.58436214  0.11281087
0.56649016  0.11482919
0.54866242  0.11673956
0.53088467  0.11854221
0.51316314  0.12023567
0.49550459  0.12181691
0.47791625  0.12328143
0.46040593  0.12462344
0.44298198  0.12583599
0.42565331  0.12691106
0.40842945  0.12783973
0.39132052  0.12861230
0.37433730  0.12921841
0.35749120  0.12964720
0.34079431  0.12988740
0.32425942  0.12992750
0.30790000  0.12975587
0.29173028  0.12936088
0.27576522  0.12873105
0.26002056  0.12785514
0.24451281  0.12672237
0.22925931  0.12532243
0.21427820  0.12364573
0.19958848  0.12168344
0.18521000  0.11942768
0.17116350  0.11687162
0.15747063  0.11400964
0.14415394  0.11083742
0.13123695  0.10735210
0.11874410  0.10355243
0.10670084  0.09943885
0.09513360  0.09501367
0.08406985  0.09028116
0.07353805  0.08524773
0.06356777  0.07992202
0.05418962  0.07431505
0.04543531  0.06844034
0.03733766  0.06231405
0.02993063  0.05595513
0.02324933  0.04938542
0.01733003  0.04262978
0.01221019  0.03571626
0.00792850  0.02867620
0.00452485  0.02154436
0.00204040  0.01435906
0.00051754  0.00716233
0.00000000  0.00000000
0.00000000  0.00000000
0.00051754  -0.00478733
0.00204040  -0.00891144
0.00452485  -0.01241791
0.00792850  -0.01534985
0.01221019  -0.01774806
0.01733003  -0.01965106
0.02324933  -0.02109517
0.02993063  -0.02211465
0.03733766  -0.02274171
0.04543531  -0.02300666
0.05418962  -0.02293794
0.06356777  -0.02256225
0.07353805  -0.02190460
0.08406985  -0.02098840
0.09513360  -0.01983556
0.10670084  -0.01846655
0.11874410  -0.01690051
0.13123695  -0.01515532
0.14415394  -0.01324766
0.15747063  -0.01119316
0.17116350  -0.00900639
0.18521000  -0.00670103
0.19958848  -0.00428992
0.21427820  -0.00178512
0.22925931  0.00080197
0.24451281  0.00346054
0.26002056  0.00618029
0.27576522  0.00895135
0.29173028  0.01176417
0.30790000  0.01460948
0.32425942  0.01747816
0.34079431  0.02036119
0.35749120  0.02324955
0.37433730  0.02613415
0.39132052  0.02900572
0.40842945  0.03185477
0.42565331  0.03467144
0.44298198  0.03744550
0.46040593  0.04016619
0.47791625  0.04282218
0.49550459  0.04540147
0.51316314  0.04789133
0.53088467  0.05027818
0.54866242  0.05254752
0.56649016  0.05468386
0.58436214  0.05667062
0.60227305  0.05849006
0.62021803  0.06012319
0.63819266  0.06154967
0.65619289  0.06274777
0.67421508  0.06369422
0.69225594  0.06436419
0.71031254  0.06473118
0.72838225  0.06476692
0.74646278  0.06444133
0.76455210  0.06372239
0.78264847  0.06257607
0.80075038  0.06096626
0.81885656  0.05885470
0.83696596  0.05620083
0.85507770  0.05296179
0.87319109  0.04909228
0.89130559  0.04454449
0.90942079  0.03926803
0.92753640  0.03320983
0.94565221  0.02631407
0.96376812  0.01852207
0.98188406  0.00977225
1.00000000  0.00000000
