NN2730
1.00000000  0.00000000
0.98188406  0.01328790
0.96376812  0.02598767
0.94565221  0.03811071
0.92753640  0.04966864
0.90942079  0.06067327
0.89130559  0.07113657
0.87319109  0.08107066
0.85507770  0.09048772
0.83696596  0.09940006
0.81885656  0.10782000
0.80075038  0.11575988
0.78264847  0.12323206
0.76455210  0.13024882
0.74646278  0.13682240
0.72838225  0.14296492
0.71031254  0.14868840
0.69225594  0.15400467
0.67421508  0.15892541
0.65619289  0.16346206
0.63819266  0.16762584
0.62021803  0.17142769
0.60227305  0.17487824
0.58436214  0.17798781
0.56649016  0.18076634
0.54866242  0.18322341
0.53088467  0.18536817
0.51316314  0.18720932
0.49550459  0.18875511
0.47791625  0.19001325
0.46040593  0.19099096
0.44298198  0.19169489
0.42565331  0.19213107
0.40842945  0.19230496
0.39132052  0.19222135
0.37433730  0.19188434
0.35749120  0.19129736
0.34079431  0.19046309
0.32425942  0.18938344
0.30790000  0.18805954
0.29173028  0.18649171
0.27576522  0.18467940
0.26002056  0.18262121
0.24451281  0.18031480
0.22925931  0.17775693
0.21427820  0.17494338
0.19958848  0.17186893
0.18521000  0.16852735
0.17116350  0.16491136
0.15747063  0.16101261
0.14415394  0.15682161
0.13123695  0.15232777
0.11874410  0.14751932
0.10670084  0.14238328
0.09513360  0.13690548
0.08406985  0.13107047
0.07353805  0.12486154
0.06356777  0.11826064
0.05418962  0.11124841
0.04543531  0.10380412
0.03733766  0.09590562
0.02993063  0.08752938
0.02324933  0.07865036
0.01733003  0.06924208
0.01221019  0.05927652
0.00792850  0.04872415
0.00452485  0.03755385
0.00204040  0.02573289
0.00051754  0.01322694
0.00000000  0.00000000
0.00000000  0.00000000
0.00051754  -0.00038933
0.00204040  -0.00131159
0.00452485  -0.00270175
0.00792850  -0.00449887
0.01221019  -0.00664603
0.01733003  -0.00909015
0.02324933  -0.01178187
0.02993063  -0.01467548
0.03733766  -0.01772870
0.04543531  -0.02090263
0.05418962  -0.02416158
0.06356777  -0.02747298
0.07353805  -0.03080721
0.08406985  -0.03413750
0.09513360  -0.03743981
0.10670084  -0.04069268
0.11874410  -0.04387711
0.13123695  -0.04697644
0.14415394  -0.04997624
0.15747063  -0.05286413
0.17116350  -0.05562972
0.18521000  -0.05826443
0.19958848  -0.06076138
0.21427820  -0.06311529
0.22925931  -0.06532230
0.24451281  -0.06737989
0.26002056  -0.06928674
0.27576522  -0.07104259
0.29173028  -0.07264812
0.30790000  -0.07410483
0.32425942  -0.07541491
0.34079431  -0.07658111
0.35749120  -0.07760661
0.37433730  -0.07849491
0.39132052  -0.07924968
0.40842945  -0.07987465
0.42565331  -0.08037348
0.44298198  -0.08074962
0.46040593  -0.08100620
0.47791625  -0.08114590
0.49550459  -0.08117082
0.51316314  -0.08108235
0.53088467  -0.08088105
0.54866242  -0.08056651
0.56649016  -0.08013725
0.58436214  -0.07959055
0.60227305  -0.07892239
0.62021803  -0.07812724
0.63819266  -0.07719800
0.65619289  -0.07612584
0.67421508  -0.07490009
0.69225594  -0.07350809
0.71031254  -0.07193509
0.72838225  -0.07016411
0.74646278  -0.06817582
0.76455210  -0.06594839
0.78264847  -0.06345739
0.80075038  -0.06067567
0.81885656  -0.05757319
0.83696596  -0.05411693
0.85507770  -0.05027077
0.87319109  -0.04599533
0.89130559  -0.04124786
0.90942079  -0.03598212
0.92753640  -0.03014823
0.94565221  -0.02369259
0.96376812  -0.01655769
0.98188406  -0.00868204
1.00000000  0.00000000
