NN2705
1.00000000  0.00000000
0.98188406  0.00896418
0.96376812  0.01739835
0.94565221  0.02534057
0.92753640  0.03282580
0.90942079  0.03988607
0.89130559  0.04655056
0.87319109  0.05284570
0.85507770  0.05879533
0.83696596  0.06442078
0.81885656  0.06974098
0.80075038  0.07477262
0.78264847  0.07953020
0.76455210  0.08402621
0.74646278  0.08827118
0.72838225  0.09227385
0.71031254  0.09604125
0.69225594  0.09957885
0.67421508  0.10289061
0.65619289  0.10597917
0.63819266  0.10884592
0.62021803  0.11149113
0.60227305  0.11391405
0.58436214  0.11611303
0.56649016  0.11808567
0.54866242  0.11982886
0.53088467  0.12133897
0.51316314  0.12261194
0.49550459  0.12364334
0.47791625  0.12442859
0.46040593  0.12496298
0.44298198  0.12524184
0.42565331  0.12526062
0.40842945  0.12501503
0.39132052  0.12450116
0.37433730  0.12371555
0.35749120  0.12265536
0.34079431  0.12131845
0.32425942  0.11970350
0.30790000  0.11781014
0.29173028  0.11563904
0.27576522  0.11319205
0.26002056  0.11047230
0.24451281  0.10748432
0.22925931  0.10423413
0.21427820  0.10072941
0.19958848  0.09697956
0.18521000  0.09299584
0.17116350  0.08879149
0.15747063  0.08438182
0.14415394  0.07978436
0.13123695  0.07501893
0.11874410  0.07010779
0.10670084  0.06507575
0.09513360  0.05995028
0.08406985  0.05476161
0.07353805  0.04954287
0.06356777  0.04433019
0.05418962  0.03916281
0.04543531  0.03408320
0.03733766  0.02913719
0.02993063  0.02437407
0.02324933  0.01984669
0.01733003  0.01561161
0.01221019  0.01172918
0.00792850  0.00826367
0.00452485  0.00528340
0.00204040  0.00286082
0.00051754  0.00107265
0.00000000  0.00000000
0.00000000  0.00000000
0.00051754  -0.00790839
0.00204040  -0.01457030
0.00452485  -0.02009815
0.00792850  -0.02459890
0.01221019  -0.02817411
0.01733003  -0.03092012
0.02324933  -0.03292809
0.02993063  -0.03428415
0.03733766  -0.03506951
0.04543531  -0.03536055
0.05418962  -0.03522892
0.06356777  -0.03474169
0.07353805  -0.03396141
0.08406985  -0.03294626
0.09513360  -0.03175013
0.10670084  -0.03042274
0.11874410  -0.02900975
0.13123695  -0.02755287
0.14415394  -0.02608996
0.15747063  -0.02465514
0.17116350  -0.02327892
0.18521000  -0.02198827
0.19958848  -0.02080677
0.21427820  -0.01975468
0.22925931  -0.01884908
0.24451281  -0.01810397
0.26002056  -0.01753035
0.27576522  -0.01713640
0.29173028  -0.01692749
0.30790000  -0.01690638
0.32425942  -0.01707327
0.34079431  -0.01742593
0.35749120  -0.01795983
0.37433730  -0.01866818
0.39132052  -0.01954214
0.40842945  -0.02057082
0.42565331  -0.02174149
0.44298198  -0.02303961
0.46040593  -0.02444898
0.47791625  -0.02595183
0.49550459  -0.02752895
0.51316314  -0.02915979
0.53088467  -0.03082254
0.54866242  -0.03249427
0.56649016  -0.03415106
0.58436214  -0.03576806
0.60227305  -0.03731960
0.62021803  -0.03877935
0.63819266  -0.04012037
0.65619289  -0.04131529
0.67421508  -0.04233631
0.69225594  -0.04315543
0.71031254  -0.04374446
0.72838225  -0.04407520
0.74646278  -0.04411951
0.76455210  -0.04384942
0.78264847  -0.04323725
0.80075038  -0.04225571
0.81885656  -0.04087804
0.83696596  -0.03907806
0.85507770  -0.03683032
0.87319109  -0.03411022
0.89130559  -0.03089407
0.90942079  -0.02715925
0.92753640  -0.02288428
0.94565221  -0.01804895
0.96376812  -0.01263443
0.98188406  -0.00662337
1.00000000  0.00000000
