NN2970
1.00000000  0.00000000
0.98188406  0.01378268
0.96376812  0.02646964
0.94565221  0.03814722
0.92753640  0.04889608
0.90942079  0.05879138
0.89130559  0.06790293
0.87319109  0.07629541
0.85507770  0.08402852
0.83696596  0.09115718
0.81885656  0.09773168
0.80075038  0.10379789
0.78264847  0.10939742
0.76455210  0.11456780
0.74646278  0.11934267
0.72838225  0.12375195
0.71031254  0.12782202
0.69225594  0.13157590
0.67421508  0.13503344
0.65619289  0.13821147
0.63819266  0.14112402
0.62021803  0.14378244
0.60227305  0.14619566
0.58436214  0.14837029
0.56649016  0.15031085
0.54866242  0.15201992
0.53088467  0.15349835
0.51316314  0.15474541
0.49550459  0.15575897
0.47791625  0.15653571
0.46040593  0.15707125
0.44298198  0.15736038
0.42565331  0.15739720
0.40842945  0.15717533
0.39132052  0.15668805
0.37433730  0.15592852
0.35749120  0.15488995
0.34079431  0.15356574
0.32425942  0.15194971
0.30790000  0.15003627
0.29173028  0.14782055
0.27576522  0.14529865
0.26002056  0.14246778
0.24451281  0.13932642
0.22925931  0.13587456
0.21427820  0.13211381
0.19958848  0.12804763
0.18521000  0.12368148
0.17116350  0.11902303
0.15747063  0.11408228
0.14415394  0.10887182
0.13123695  0.10340693
0.11874410  0.09770581
0.10670084  0.09178976
0.09513360  0.08568332
0.08406985  0.07941449
0.07353805  0.07301486
0.06356777  0.06651987
0.05418962  0.05996889
0.04543531  0.05340548
0.03733766  0.04687752
0.02993063  0.04043742
0.02324933  0.03414228
0.01733003  0.02805406
0.01221019  0.02223980
0.00792850  0.01677175
0.00452485  0.01172759
0.00204040  0.00719056
0.00051754  0.00324971
0.00000000  0.00000000
0.00000000  0.00000000
0.00051754  -0.00207256
0.00204040  -0.00380412
0.00452485  -0.00523130
0.00792850  -0.00638890
0.01221019  -0.00730988
0.01733003  -0.00802542
0.02324933  -0.00856494
0.02993063  -0.00895613
0.03733766  -0.00922498
0.04543531  -0.00939582
0.05418962  -0.00949132
0.06356777  -0.00953257
0.07353805  -0.00953904
0.08406985  -0.00952869
0.09513360  -0.00951793
0.10670084  -0.00952170
0.11874410  -0.00955348
0.13123695  -0.00962529
0.14415394  -0.00974779
0.15747063  -0.00993024
0.17116350  -0.01018057
0.18521000  -0.01050540
0.19958848  -0.01091007
0.21427820  -0.01139866
0.22925931  -0.01197404
0.24451281  -0.01263788
0.26002056  -0.01339069
0.27576522  -0.01423185
0.29173028  -0.01515964
0.30790000  -0.01617127
0.32425942  -0.01726290
0.34079431  -0.01842967
0.35749120  -0.01966577
0.37433730  -0.02096440
0.39132052  -0.02231786
0.40842945  -0.02371755
0.42565331  -0.02515402
0.44298198  -0.02661695
0.46040593  -0.02809527
0.47791625  -0.02957709
0.49550459  -0.03104981
0.51316314  -0.03250008
0.53088467  -0.03391391
0.54866242  -0.03527663
0.56649016  -0.03657295
0.58436214  -0.03778698
0.60227305  -0.03890229
0.62021803  -0.03990187
0.63819266  -0.04076826
0.65619289  -0.04148350
0.67421508  -0.04202916
0.69225594  -0.04238645
0.71031254  -0.04253615
0.72838225  -0.04245870
0.74646278  -0.04213422
0.76455210  -0.04154252
0.78264847  -0.04066318
0.80075038  -0.03947549
0.81885656  -0.03795858
0.83696596  -0.03609138
0.85507770  -0.03385270
0.87319109  -0.03122119
0.89130559  -0.02817546
0.90942079  -0.02469403
0.92753640  -0.02075542
0.94565221  -0.01633813
0.96376812  -0.01142071
0.98188406  -0.00598177
1.00000000  0.00000000
