NN3086
1.00000000  0.00000000
0.98188406  0.01251023
0.96376812  0.02417766
0.94565221  0.03503794
0.92753640  0.04512561
0.90942079  0.05447401
0.89130559  0.06311538
0.87319109  0.07108087
0.85507770  0.07840053
0.83696596  0.08510336
0.81885656  0.09121733
0.80075038  0.09676939
0.78264847  0.10178553
0.76455210  0.10629074
0.74646278  0.11030909
0.72838225  0.11386373
0.71031254  0.11697690
0.69225594  0.11966997
0.67421508  0.12196348
0.65619289  0.12387711
0.63819266  0.12542976
0.62021803  0.12663954
0.60227305  0.12752378
0.58436214  0.12809911
0.56649016  0.12838142
0.54866242  0.12838591
0.53088467  0.12812712
0.51316314  0.12761894
0.49550459  0.12687464
0.47791625  0.12590688
0.46040593  0.12472775
0.44298198  0.12334879
0.42565331  0.12178100
0.40842945  0.12003486
0.39132052  0.11812039
0.37433730  0.11604712
0.35749120  0.11382416
0.34079431  0.11146020
0.32425942  0.10896351
0.30790000  0.10634201
0.29173028  0.10360327
0.27576522  0.10075452
0.26002056  0.09780269
0.24451281  0.09475444
0.22925931  0.09161616
0.21427820  0.08839401
0.19958848  0.08509393
0.18521000  0.08172166
0.17116350  0.07828280
0.15747063  0.07478278
0.14415394  0.07122692
0.13123695  0.06762045
0.11874410  0.06396849
0.10670084  0.06027613
0.09513360  0.05654844
0.08406985  0.05279046
0.07353805  0.04900726
0.06356777  0.04520392
0.05418962  0.04138561
0.04543531  0.03755757
0.03733766  0.03372516
0.02993063  0.02989383
0.02324933  0.02606923
0.01733003  0.02225714
0.01221019  0.01846358
0.00792850  0.01469474
0.00452485  0.01095710
0.00204040  0.00725737
0.00051754  0.00360256
0.00000000  0.00000000
0.00000000  0.00000000
0.00051754  -0.00132202
0.00204040  -0.00243583
0.00452485  -0.00334256
0.00792850  -0.00404516
0.01221019  -0.00454829
0.01733003  -0.00485824
0.02324933  -0.00498277
0.02993063  -0.00493104
0.03733766  -0.00471348
0.04543531  -0.00434168
0.05418962  -0.00382830
0.06356777  -0.00318691
0.07353805  -0.00243195
0.08406985  -0.00157857
0.09513360  -0.00064251
0.10670084  0.00035995
0.11874410  0.00141217
0.13123695  0.00249721
0.14415394  0.00359798
0.15747063  0.00469730
0.17116350  0.00577807
0.18521000  0.00682333
0.19958848  0.00781640
0.21427820  0.00874099
0.22925931  0.00958129
0.24451281  0.01032210
0.26002056  0.01094891
0.27576522  0.01144807
0.29173028  0.01180685
0.30790000  0.01201354
0.32425942  0.01205762
0.34079431  0.01192982
0.35749120  0.01162224
0.37433730  0.01112847
0.39132052  0.01044370
0.40842945  0.00956482
0.42565331  0.00849054
0.44298198  0.00722151
0.46040593  0.00576040
0.47791625  0.00411203
0.49550459  0.00228348
0.51316314  0.00028422
0.53088467  -0.00187383
0.54866242  -0.00417615
0.56649016  -0.00660551
0.58436214  -0.00914188
0.60227305  -0.01176231
0.62021803  -0.01444080
0.63819266  -0.01714824
0.65619289  -0.01985223
0.67421508  -0.02251704
0.69225594  -0.02510344
0.71031254  -0.02756865
0.72838225  -0.02986615
0.74646278  -0.03194566
0.76455210  -0.03375295
0.78264847  -0.03522979
0.80075038  -0.03631379
0.81885656  -0.03693835
0.83696596  -0.03703248
0.85507770  -0.03652072
0.87319109  -0.03532307
0.89130559  -0.03335481
0.90942079  -0.03052642
0.92753640  -0.02674349
0.94565221  -0.02190658
0.96376812  -0.01591113
0.98188406  -0.00864732
1.00000000  0.00000000
