NN303
1.00000000  0.00000000
0.98188406  0.01080150
0.96376812  0.02056668
0.94565221  0.02941127
0.92753640  0.03744292
0.90942079  0.04476143
0.89130559  0.05145903
0.87319109  0.05762054
0.85507770  0.06332367
0.83696596  0.06863919
0.81885656  0.07363121
0.80075038  0.07835738
0.78264847  0.08286914
0.76455210  0.08721194
0.74646278  0.09142547
0.72838225  0.09554390
0.71031254  0.09959611
0.69225594  0.10360589
0.67421508  0.10759224
0.65619289  0.11156953
0.63819266  0.11554776
0.62021803  0.11953281
0.60227305  0.12352664
0.58436214  0.12752754
0.56649016  0.13153033
0.54866242  0.13552665
0.53088467  0.13950513
0.51316314  0.14345166
0.49550459  0.14734962
0.47791625  0.15118006
0.46040593  0.15492202
0.44298198  0.15855267
0.42565331  0.16204760
0.40842945  0.16538104
0.39132052  0.16852608
0.37433730  0.17145490
0.35749120  0.17413900
0.34079431  0.17654946
0.32425942  0.17865713
0.30790000  0.18043289
0.29173028  0.18184786
0.27576522  0.18287365
0.26002056  0.18348258
0.24451281  0.18364792
0.22925931  0.18334411
0.21427820  0.18254698
0.19958848  0.18123403
0.18521000  0.17938461
0.17116350  0.17698015
0.15747063  0.17400445
0.14415394  0.17044384
0.13123695  0.16628746
0.11874410  0.16152745
0.10670084  0.15615923
0.09513360  0.15018170
0.08406985  0.14359746
0.07353805  0.13641307
0.06356777  0.12863927
0.05418962  0.12029121
0.04543531  0.11138866
0.03733766  0.10195629
0.02993063  0.09202386
0.02324933  0.08162645
0.01733003  0.07080474
0.01221019  0.05960516
0.00792850  0.04808020
0.00452485  0.03628860
0.00204040  0.02429557
0.00051754  0.01217308
0.00000000  0.00000000
0.00000000  0.00000000
0.00051754  -0.00527375
0.00204040  -0.01031191
0.00452485  -0.01510342
0.00792850  -0.01963947
0.01221019  -0.02391332
0.01733003  -0.02792026
0.02324933  -0.03165751
0.02993063  -0.03512406
0.03733766  -0.03832062
0.04543531  -0.04124950
0.05418962  -0.04391452
0.06356777  -0.04632088
0.07353805  -0.04847509
0.08406985  -0.05038486
0.09513360  -0.05205896
0.10670084  -0.05350718
0.11874410  -0.05474019
0.13123695  -0.05576945
0.14415394  -0.05660709
0.15747063  -0.05726583
0.17116350  -0.05775888
0.18521000  -0.05809981
0.19958848  -0.05830247
0.21427820  -0.05838090
0.22925931  -0.05834919
0.24451281  -0.05822140
0.26002056  -0.05801149
0.27576522  -0.05773313
0.29173028  -0.05739971
0.30790000  -0.05702415
0.32425942  -0.05661883
0.34079431  -0.05619549
0.35749120  -0.05576514
0.37433730  -0.05533793
0.39132052  -0.05492306
0.40842945  -0.05452868
0.42565331  -0.05416179
0.44298198  -0.05382813
0.46040593  -0.05353211
0.47791625  -0.05327663
0.49550459  -0.05306308
0.51316314  -0.05289115
0.53088467  -0.05275880
0.54866242  -0.05266208
0.56649016  -0.05259511
0.58436214  -0.05254993
0.60227305  -0.05251638
0.62021803  -0.05248205
0.63819266  -0.05243216
0.65619289  -0.05234943
0.67421508  -0.05221402
0.69225594  -0.05200338
0.71031254  -0.05169219
0.72838225  -0.05125225
0.74646278  -0.05065236
0.76455210  -0.04985823
0.78264847  -0.04883238
0.80075038  -0.04753403
0.81885656  -0.04591901
0.83696596  -0.04393965
0.85507770  -0.04154466
0.87319109  -0.03867907
0.89130559  -0.03528410
0.90942079  -0.03129705
0.92753640  -0.02665121
0.94565221  -0.02127579
0.96376812  -0.01509574
0.98188406  -0.00803173
1.00000000  0.00000000
