NN3064
1.00000000  0.00000000
0.98188406  0.00984696
0.96376812  0.01930918
0.94565221  0.02839246
0.92753640  0.03710247
0.90942079  0.04544481
0.89130559  0.05342496
0.87319109  0.06104832
0.85507770  0.06832016
0.83696596  0.07524569
0.81885656  0.08182999
0.80075038  0.08807807
0.78264847  0.09399482
0.76455210  0.09958506
0.74646278  0.10485349
0.72838225  0.10980473
0.71031254  0.11444331
0.69225594  0.11877365
0.67421508  0.12280011
0.65619289  0.12652692
0.63819266  0.12995825
0.62021803  0.13309816
0.60227305  0.13595064
0.58436214  0.13851956
0.56649016  0.14080873
0.54866242  0.14282187
0.53088467  0.14456260
0.51316314  0.14603446
0.49550459  0.14724091
0.47791625  0.14818531
0.46040593  0.14887096
0.44298198  0.14930106
0.42565331  0.14947872
0.40842945  0.14940698
0.39132052  0.14908880
0.37433730  0.14852705
0.35749120  0.14772453
0.34079431  0.14668395
0.32425942  0.14540794
0.30790000  0.14389906
0.29173028  0.14215979
0.27576522  0.14019253
0.26002056  0.13799961
0.24451281  0.13558328
0.22925931  0.13294571
0.21427820  0.13008899
0.19958848  0.12701516
0.18521000  0.12372617
0.17116350  0.12022390
0.15747063  0.11651015
0.14415394  0.11258667
0.13123695  0.10845511
0.11874410  0.10411708
0.10670084  0.09957410
0.09513360  0.09482762
0.08406985  0.08987905
0.07353805  0.08472969
0.06356777  0.07938081
0.05418962  0.07383359
0.04543531  0.06808916
0.03733766  0.06214858
0.02993063  0.05601285
0.02324933  0.04968288
0.01733003  0.04315956
0.01221019  0.03644369
0.00792850  0.02953601
0.00452485  0.02243721
0.00204040  0.01514791
0.00051754  0.00766867
0.00000000  0.00000000
0.00000000  0.00000000
0.00051754  -0.00732297
0.00204040  -0.01349638
0.00452485  -0.01861153
0.00792850  -0.02275525
0.01221019  -0.02601005
0.01733003  -0.02845418
0.02324933  -0.03016181
0.02993063  -0.03120309
0.03733766  -0.03164427
0.04543531  -0.03154783
0.05418962  -0.03097258
0.06356777  -0.02997377
0.07353805  -0.02860320
0.08406985  -0.02690936
0.09513360  -0.02493748
0.10670084  -0.02272973
0.11874410  -0.02032523
0.13123695  -0.01776026
0.14415394  -0.01506830
0.15747063  -0.01228016
0.17116350  -0.00942413
0.18521000  -0.00652603
0.19958848  -0.00360939
0.21427820  -0.00069548
0.22925931  0.00219650
0.24451281  0.00504934
0.26002056  0.00784773
0.27576522  0.01057812
0.29173028  0.01322860
0.30790000  0.01578883
0.32425942  0.01824988
0.34079431  0.02060415
0.35749120  0.02284525
0.37433730  0.02496787
0.39132052  0.02696772
0.40842945  0.02884133
0.42565331  0.03058605
0.44298198  0.03219983
0.46040593  0.03368118
0.47791625  0.03502904
0.49550459  0.03624265
0.51316314  0.03732146
0.53088467  0.03826501
0.54866242  0.03907280
0.56649016  0.03974423
0.58436214  0.04027843
0.60227305  0.04067418
0.62021803  0.04092978
0.63819266  0.04104297
0.65619289  0.04101077
0.67421508  0.04082942
0.69225594  0.04049423
0.71031254  0.03999949
0.72838225  0.03933834
0.74646278  0.03850267
0.76455210  0.03748301
0.78264847  0.03626842
0.80075038  0.03484635
0.81885656  0.03320257
0.83696596  0.03132103
0.85507770  0.02918378
0.87319109  0.02677079
0.89130559  0.02405992
0.90942079  0.02102676
0.92753640  0.01764452
0.94565221  0.01388395
0.96376812  0.00971319
0.98188406  0.00509766
1.00000000  0.00000000
