NN3083
1.00000000  0.00000000
0.98188406  0.01730942
0.96376812  0.03358516
0.94565221  0.04887957
0.92753640  0.06324209
0.90942079  0.07671932
0.89130559  0.08935516
0.87319109  0.10119084
0.85507770  0.11226504
0.83696596  0.12261401
0.81885656  0.13227157
0.80075038  0.14126930
0.78264847  0.14963656
0.76455210  0.15740062
0.74646278  0.16458672
0.72838225  0.17121819
0.71031254  0.17731649
0.69225594  0.18290137
0.67421508  0.18799088
0.65619289  0.19260154
0.63819266  0.19674837
0.62021803  0.20044498
0.60227305  0.20370372
0.58436214  0.20653568
0.56649016  0.20895087
0.54866242  0.21095823
0.53088467  0.21256578
0.51316314  0.21378067
0.49550459  0.21460930
0.47791625  0.21505737
0.46040593  0.21513001
0.44298198  0.21483184
0.42565331  0.21416709
0.40842945  0.21313966
0.39132052  0.21175320
0.37433730  0.21001125
0.35749120  0.20791728
0.34079431  0.20547482
0.32425942  0.20268749
0.30790000  0.19955916
0.29173028  0.19609399
0.27576522  0.19229655
0.26002056  0.18817186
0.24451281  0.18372556
0.22925931  0.17896392
0.21427820  0.17389397
0.19958848  0.16852360
0.18521000  0.16286160
0.17116350  0.15691781
0.15747063  0.15070316
0.14415394  0.14422979
0.13123695  0.13751113
0.11874410  0.13056197
0.10670084  0.12339859
0.09513360  0.11603882
0.08406985  0.10850213
0.07353805  0.10080973
0.06356777  0.09298465
0.05418962  0.08505184
0.04543531  0.07703825
0.03733766  0.06897292
0.02993063  0.06088708
0.02324933  0.05281424
0.01733003  0.04479023
0.01221019  0.03685339
0.00792850  0.02904454
0.00452485  0.02140717
0.00204040  0.01398747
0.00051754  0.00683445
0.00000000  0.00000000
0.00000000  0.00000000
0.00051754  -0.01191741
0.00204040  -0.02264158
0.00452485  -0.03226203
0.00792850  -0.04086344
0.01221019  -0.04852584
0.01733003  -0.05532471
0.02324933  -0.06133112
0.02993063  -0.06661185
0.03733766  -0.07122952
0.04543531  -0.07524272
0.05418962  -0.07870614
0.06356777  -0.08167068
0.07353805  -0.08418361
0.08406985  -0.08628866
0.09513360  -0.08802619
0.10670084  -0.08943329
0.11874410  -0.09054388
0.13123695  -0.09138892
0.14415394  -0.09199646
0.15747063  -0.09239180
0.17116350  -0.09259762
0.18521000  -0.09263410
0.19958848  -0.09251904
0.21427820  -0.09226801
0.22925931  -0.09189446
0.24451281  -0.09140985
0.26002056  -0.09082380
0.27576522  -0.09014417
0.29173028  -0.08937724
0.30790000  -0.08852779
0.32425942  -0.08759928
0.34079431  -0.08659394
0.35749120  -0.08551289
0.37433730  -0.08435631
0.39132052  -0.08312353
0.40842945  -0.08181318
0.42565331  -0.08042330
0.44298198  -0.07895148
0.46040593  -0.07739498
0.47791625  -0.07575087
0.49550459  -0.07401615
0.51316314  -0.07218788
0.53088467  -0.07026329
0.54866242  -0.06823993
0.56649016  -0.06611581
0.58436214  -0.06388949
0.60227305  -0.06156023
0.62021803  -0.05912812
0.63819266  -0.05659419
0.65619289  -0.05396056
0.67421508  -0.05123057
0.69225594  -0.04840887
0.71031254  -0.04550159
0.72838225  -0.04251644
0.74646278  -0.03946287
0.76455210  -0.03635216
0.78264847  -0.03319757
0.80075038  -0.03001447
0.81885656  -0.02682043
0.83696596  -0.02363542
0.85507770  -0.02048186
0.87319109  -0.01738482
0.89130559  -0.01437208
0.90942079  -0.01147431
0.92753640  -0.00872515
0.94565221  -0.00616141
0.96376812  -0.00382310
0.98188406  -0.00175366
1.00000000  0.00000000
