NN3173
1.00000000  0.00000000
0.98188406  0.00549059
0.96376812  0.01093512
0.94565221  0.01635099
0.92753640  0.02175298
0.90942079  0.02715330
0.89130559  0.03256171
0.87319109  0.03798560
0.85507770  0.04343012
0.83696596  0.04889825
0.81885656  0.05439093
0.80075038  0.05990711
0.78264847  0.06544389
0.76455210  0.07099661
0.74646278  0.07655895
0.72838225  0.08212301
0.71031254  0.08767942
0.69225594  0.09321746
0.67421508  0.09872513
0.65619289  0.10418925
0.63819266  0.10959558
0.62021803  0.11492891
0.60227305  0.12017313
0.58436214  0.12531137
0.56649016  0.13032610
0.54866242  0.13519918
0.53088467  0.13991200
0.51316314  0.14444557
0.49550459  0.14878063
0.47791625  0.15289772
0.46040593  0.15677730
0.44298198  0.16039983
0.42565331  0.16374591
0.40842945  0.16679633
0.39132052  0.16953219
0.37433730  0.17193501
0.35749120  0.17398681
0.34079431  0.17567021
0.32425942  0.17696855
0.30790000  0.17786595
0.29173028  0.17834745
0.27576522  0.17839910
0.26002056  0.17800802
0.24451281  0.17716256
0.22925931  0.17585233
0.21427820  0.17406837
0.19958848  0.17180320
0.18521000  0.16905094
0.17116350  0.16580738
0.15747063  0.16207013
0.14415394  0.15783867
0.13123695  0.15311448
0.11874410  0.14790111
0.10670084  0.14220432
0.09513360  0.13603212
0.08406985  0.12939495
0.07353805  0.12230568
0.06356777  0.11477980
0.05418962  0.10683546
0.04543531  0.09849360
0.03733766  0.08977802
0.02993063  0.08071550
0.02324933  0.07133591
0.01733003  0.06167228
0.01221019  0.05176091
0.00792850  0.04164147
0.00452485  0.03135711
0.00204040  0.02095453
0.00051754  0.01048411
0.00000000  0.00000000
0.00000000  0.00000000
0.00051754  -0.00891482
0.00204040  -0.01687943
0.00452485  -0.02394611
0.00792850  -0.03016540
0.01221019  -0.03558610
0.01733003  -0.04025531
0.02324933  -0.04421849
0.02993063  -0.04751950
0.03733766  -0.05020057
0.04543531  -0.05230242
0.05418962  -0.05386424
0.06356777  -0.05492376
0.07353805  -0.05551723
0.08406985  -0.05567953
0.09513360  -0.05544415
0.10670084  -0.05484324
0.11874410  -0.05390767
0.13123695  -0.05266701
0.14415394  -0.05114963
0.15747063  -0.04938269
0.17116350  -0.04739218
0.18521000  -0.04520297
0.19958848  -0.04283886
0.21427820  -0.04032257
0.22925931  -0.03767581
0.24451281  -0.03491930
0.26002056  -0.03207281
0.27576522  -0.02915521
0.29173028  -0.02618447
0.30790000  -0.02317774
0.32425942  -0.02015134
0.34079431  -0.01712083
0.35749120  -0.01410102
0.37433730  -0.01110604
0.39132052  -0.00814932
0.40842945  -0.00524368
0.42565331  -0.00240134
0.44298198  0.00036605
0.46040593  0.00304735
0.47791625  0.00563193
0.49550459  0.00810961
0.51316314  0.01047062
0.53088467  0.01270560
0.54866242  0.01480551
0.56649016  0.01676164
0.58436214  0.01856557
0.60227305  0.02020912
0.62021803  0.02168430
0.63819266  0.02298331
0.65619289  0.02409850
0.67421508  0.02502230
0.69225594  0.02574723
0.71031254  0.02626582
0.72838225  0.02657062
0.74646278  0.02665414
0.76455210  0.02650880
0.78264847  0.02612693
0.80075038  0.02550070
0.81885656  0.02462213
0.83696596  0.02348300
0.85507770  0.02207486
0.87319109  0.02038895
0.89130559  0.01841622
0.90942079  0.01614725
0.92753640  0.01357224
0.94565221  0.01068095
0.96376812  0.00746269
0.98188406  0.00390628
1.00000000  0.00000000
