NN3401
1.00000000  0.00000000
0.98188406  0.00994050
0.96376812  0.01912126
0.94565221  0.02763164
0.92753640  0.03555401
0.90942079  0.04296402
0.89130559  0.04993077
0.87319109  0.05651708
0.85507770  0.06277967
0.83696596  0.06876938
0.81885656  0.07453140
0.80075038  0.08010545
0.78264847  0.08552607
0.76455210  0.09082274
0.74646278  0.09602018
0.72838225  0.10113851
0.71031254  0.10619351
0.69225594  0.11119679
0.67421508  0.11615605
0.65619289  0.12107526
0.63819266  0.12595490
0.62021803  0.13079218
0.60227305  0.13558121
0.58436214  0.14031330
0.56649016  0.14497708
0.54866242  0.14955879
0.53088467  0.15404247
0.51316314  0.15841016
0.49550459  0.16264214
0.47791625  0.16671715
0.46040593  0.17061257
0.44298198  0.17430468
0.42565331  0.17776885
0.40842945  0.18097975
0.39132052  0.18391160
0.37433730  0.18653835
0.35749120  0.18883392
0.34079431  0.19077240
0.32425942  0.19232828
0.30790000  0.19347665
0.29173028  0.19419344
0.27576522  0.19445560
0.26002056  0.19424136
0.24451281  0.19353041
0.22925931  0.19230415
0.21427820  0.19054585
0.19958848  0.18824094
0.18521000  0.18537717
0.17116350  0.18194485
0.15747063  0.17793705
0.14415394  0.17334985
0.13123695  0.16818251
0.11874410  0.16243773
0.10670084  0.15612182
0.09513360  0.14924497
0.08406985  0.14182142
0.07353805  0.13386970
0.06356777  0.12541284
0.05418962  0.11647860
0.04543531  0.10709964
0.03733766  0.09731379
0.02993063  0.08716426
0.02324933  0.07669980
0.01733003  0.06597501
0.01221019  0.05505046
0.00792850  0.04399296
0.00452485  0.03287578
0.00204040  0.02177885
0.00051754  0.01078895
0.00000000  0.00000000
0.00000000  0.00000000
0.00051754  -0.00935761
0.00204040  -0.01789789
0.00452485  -0.02564798
0.00792850  -0.03263499
0.01221019  -0.03888604
0.01733003  -0.04442821
0.02324933  -0.04928854
0.02993063  -0.05349400
0.03733766  -0.05707153
0.04543531  -0.06004795
0.05418962  -0.06245000
0.06356777  -0.06430432
0.07353805  -0.06563742
0.08406985  -0.06647567
0.09513360  -0.06684531
0.10670084  -0.06677242
0.11874410  -0.06628289
0.13123695  -0.06540243
0.14415394  -0.06415656
0.15747063  -0.06257059
0.17116350  -0.06066957
0.18521000  -0.05847836
0.19958848  -0.05602154
0.21427820  -0.05332343
0.22925931  -0.05040808
0.24451281  -0.04729923
0.26002056  -0.04402033
0.27576522  -0.04059451
0.29173028  -0.03704458
0.30790000  -0.03339299
0.32425942  -0.02966184
0.34079431  -0.02587286
0.35749120  -0.02204739
0.37433730  -0.01820640
0.39132052  -0.01437042
0.40842945  -0.01055957
0.42565331  -0.00679353
0.44298198  -0.00309155
0.46040593  0.00052760
0.47791625  0.00404563
0.49550459  0.00744471
0.51316314  0.01070755
0.53088467  0.01381733
0.54866242  0.01675780
0.56649016  0.01951321
0.58436214  0.02206840
0.60227305  0.02440875
0.62021803  0.02652024
0.63819266  0.02838941
0.65619289  0.03000345
0.67421508  0.03135014
0.69225594  0.03241790
0.71031254  0.03319579
0.72838225  0.03367353
0.74646278  0.03384152
0.76455210  0.03369083
0.78264847  0.03321324
0.80075038  0.03240125
0.81885656  0.03124805
0.83696596  0.02974759
0.85507770  0.02789458
0.87319109  0.02568447
0.89130559  0.02311350
0.90942079  0.02017870
0.92753640  0.01687789
0.94565221  0.01320972
0.96376812  0.00917366
0.98188406  0.00477003
1.00000000  0.00000000
