NN3494
1.00000000  0.00000000
0.98188406  0.01165434
0.96376812  0.02242749
0.94565221  0.03237124
0.92753640  0.04153559
0.90942079  0.04996868
0.89130559  0.05771687
0.87319109  0.06482472
0.85507770  0.07133501
0.83696596  0.07728874
0.81885656  0.08272516
0.80075038  0.08768177
0.78264847  0.09219433
0.76455210  0.09629688
0.74646278  0.10002174
0.72838225  0.10339953
0.71031254  0.10645920
0.69225594  0.10922798
0.67421508  0.11173148
0.65619289  0.11399362
0.63819266  0.11603668
0.62021803  0.11788133
0.60227305  0.11954660
0.58436214  0.12104991
0.56649016  0.12240709
0.54866242  0.12363238
0.53088467  0.12473845
0.51316314  0.12573640
0.49550459  0.12663578
0.47791625  0.12744461
0.46040593  0.12816937
0.44298198  0.12881502
0.42565331  0.12938503
0.40842945  0.12988136
0.39132052  0.13030449
0.37433730  0.13065345
0.35749120  0.13092578
0.34079431  0.13111759
0.32425942  0.13122356
0.30790000  0.13123693
0.29173028  0.13114953
0.27576522  0.13095180
0.26002056  0.13063277
0.24451281  0.13018011
0.22925931  0.12958012
0.21427820  0.12881774
0.19958848  0.12787657
0.18521000  0.12673887
0.17116350  0.12538558
0.15747063  0.12379635
0.14415394  0.12194951
0.13123695  0.11982210
0.11874410  0.11738992
0.10670084  0.11462748
0.09513360  0.11150803
0.08406985  0.10800360
0.07353805  0.10408499
0.06356777  0.09972177
0.05418962  0.09488232
0.04543531  0.08953382
0.03733766  0.08364226
0.02993063  0.07717247
0.02324933  0.07008812
0.01733003  0.06235173
0.01221019  0.05392469
0.00792850  0.04476724
0.00452485  0.03483855
0.00204040  0.02409666
0.00051754  0.01249851
0.00000000  0.00000000
0.00000000  0.00000000
0.00051754  -0.00124540
0.00204040  -0.00185941
0.00452485  -0.00193180
0.00792850  -0.00154676
0.01221019  -0.00078304
0.01733003  0.00028590
0.02324933  0.00159174
0.02993063  0.00307123
0.03733766  0.00466598
0.04543531  0.00632239
0.05418962  0.00799147
0.06356777  0.00962873
0.07353805  0.01119405
0.08406985  0.01265152
0.09513360  0.01396933
0.10670084  0.01511963
0.11874410  0.01607840
0.13123695  0.01682532
0.14415394  0.01734359
0.15747063  0.01761989
0.17116350  0.01764415
0.18521000  0.01740946
0.19958848  0.01691195
0.21427820  0.01615064
0.22925931  0.01512729
0.24451281  0.01384628
0.26002056  0.01231450
0.27576522  0.01054119
0.29173028  0.00853778
0.30790000  0.00631782
0.32425942  0.00389681
0.34079431  0.00129206
0.35749120  -0.00147745
0.37433730  -0.00439115
0.39132052  -0.00742707
0.40842945  -0.01056197
0.42565331  -0.01377145
0.44298198  -0.01703008
0.46040593  -0.02031156
0.47791625  -0.02358884
0.49550459  -0.02683425
0.51316314  -0.03001964
0.53088467  -0.03311651
0.54866242  -0.03609616
0.56649016  -0.03892978
0.58436214  -0.04158864
0.60227305  -0.04404418
0.62021803  -0.04626818
0.63819266  -0.04823286
0.65619289  -0.04991102
0.67421508  -0.05127620
0.69225594  -0.05230279
0.71031254  -0.05296617
0.72838225  -0.05324283
0.74646278  -0.05311053
0.76455210  -0.05254843
0.78264847  -0.05153719
0.80075038  -0.05005915
0.81885656  -0.04809843
0.83696596  -0.04564108
0.85507770  -0.04267520
0.87319109  -0.03919111
0.89130559  -0.03518142
0.90942079  -0.03064123
0.92753640  -0.02556823
0.94565221  -0.01996282
0.96376812  -0.01382827
0.98188406  -0.00717087
1.00000000  0.00000000
