NN3502
1.00000000  0.00000000
0.98188406  0.01312655
0.96376812  0.02586812
0.94565221  0.03820827
0.92753640  0.05013223
0.90942079  0.06162681
0.89130559  0.07268042
0.87319109  0.08328296
0.85507770  0.09342579
0.83696596  0.10310167
0.81885656  0.11230472
0.80075038  0.12103037
0.78264847  0.12927528
0.76455210  0.13703734
0.74646278  0.14431557
0.72838225  0.15111008
0.71031254  0.15742203
0.69225594  0.16325359
0.67421508  0.16860786
0.65619289  0.17348882
0.63819266  0.17790130
0.62021803  0.18185092
0.60227305  0.18534403
0.58436214  0.18838767
0.56649016  0.19098951
0.54866242  0.19315779
0.53088467  0.19490130
0.51316314  0.19622930
0.49550459  0.19715146
0.47791625  0.19767786
0.46040593  0.19781887
0.44298198  0.19758515
0.42565331  0.19698757
0.40842945  0.19603718
0.39132052  0.19474515
0.37433730  0.19312269
0.35749120  0.19118105
0.34079431  0.18893144
0.32425942  0.18638498
0.30790000  0.18355263
0.29173028  0.18044518
0.27576522  0.17707318
0.26002056  0.17344686
0.24451281  0.16957613
0.22925931  0.16547048
0.21427820  0.16113897
0.19958848  0.15659015
0.18521000  0.15183202
0.17116350  0.14687196
0.15747063  0.14171672
0.14415394  0.13637232
0.13123695  0.13084403
0.11874410  0.12513632
0.10670084  0.11925279
0.09513360  0.11319611
0.08406985  0.10696801
0.07353805  0.10056919
0.06356777  0.09399929
0.05418962  0.08725682
0.04543531  0.08033913
0.03733766  0.07324234
0.02993063  0.06596129
0.02324933  0.05848951
0.01733003  0.05081913
0.01221019  0.04294088
0.00792850  0.03484399
0.00452485  0.02651616
0.00204040  0.01794351
0.00051754  0.00911053
0.00000000  0.00000000
0.00000000  0.00000000
0.00051754  -0.00587189
0.00204040  -0.01169516
0.00452485  -0.01744296
0.00792850  -0.02308996
0.01221019  -0.02861231
0.01733003  -0.03398763
0.02324933  -0.03919501
0.02993063  -0.04421497
0.03733766  -0.04902945
0.04543531  -0.05362181
0.05418962  -0.05797678
0.06356777  -0.06208048
0.07353805  -0.06592037
0.08406985  -0.06948527
0.09513360  -0.07276531
0.10670084  -0.07575193
0.11874410  -0.07843786
0.13123695  -0.08081709
0.14415394  -0.08288490
0.15747063  -0.08463778
0.17116350  -0.08607345
0.18521000  -0.08719084
0.19958848  -0.08799008
0.21427820  -0.08847246
0.22925931  -0.08864043
0.24451281  -0.08849759
0.26002056  -0.08804865
0.27576522  -0.08729944
0.29173028  -0.08625687
0.30790000  -0.08492894
0.32425942  -0.08332469
0.34079431  -0.08145420
0.35749120  -0.07932860
0.37433730  -0.07696001
0.39132052  -0.07436153
0.40842945  -0.07154725
0.42565331  -0.06853223
0.44298198  -0.06533244
0.46040593  -0.06196480
0.47791625  -0.05844712
0.49550459  -0.05479813
0.51316314  -0.05103741
0.53088467  -0.04718541
0.54866242  -0.04326340
0.56649016  -0.03929351
0.58436214  -0.03529866
0.60227305  -0.03130256
0.62021803  -0.02732970
0.63819266  -0.02340533
0.65619289  -0.01955545
0.67421508  -0.01580676
0.69225594  -0.01218670
0.71031254  -0.00872338
0.72838225  -0.00544561
0.74646278  -0.00238282
0.76455210  0.00043487
0.78264847  0.00297675
0.80075038  0.00521148
0.81885656  0.00710713
0.83696596  0.00863121
0.85507770  0.00975065
0.87319109  0.01043184
0.89130559  0.01064066
0.90942079  0.01034245
0.92753640  0.00950209
0.94565221  0.00808395
0.96376812  0.00605198
0.98188406  0.00336964
1.00000000  0.00000000
