NN3511
1.00000000  0.00000000
0.98188406  0.01110912
0.96376812  0.02189578
0.94565221  0.03235255
0.92753640  0.04247307
0.90942079  0.05225200
0.89130559  0.06168495
0.87319109  0.07076848
0.85507770  0.07950001
0.83696596  0.08787777
0.81885656  0.09590080
0.80075038  0.10356885
0.78264847  0.11088235
0.76455210  0.11784235
0.74646278  0.12445052
0.72838225  0.13070904
0.71031254  0.13662056
0.69225594  0.14218821
0.67421508  0.14741549
0.65619289  0.15230623
0.63819266  0.15686457
0.62021803  0.16109489
0.60227305  0.16500177
0.58436214  0.16858994
0.56649016  0.17186422
0.54866242  0.17482950
0.53088467  0.17749065
0.51316314  0.17985252
0.49550459  0.18191986
0.47791625  0.18369725
0.46040593  0.18518913
0.44298198  0.18639967
0.42565331  0.18733276
0.40842945  0.18799195
0.39132052  0.18838043
0.37433730  0.18850093
0.35749120  0.18835571
0.34079431  0.18794652
0.32425942  0.18727451
0.30790000  0.18634021
0.29173028  0.18514350
0.27576522  0.18368350
0.26002056  0.18195859
0.24451281  0.17996632
0.22925931  0.17770339
0.21427820  0.17516556
0.19958848  0.17234764
0.18521000  0.16924343
0.17116350  0.16584568
0.15747063  0.16214602
0.14415394  0.15813491
0.13123695  0.15380163
0.11874410  0.14913421
0.10670084  0.14411935
0.09513360  0.13874243
0.08406985  0.13298741
0.07353805  0.12683683
0.06356777  0.12027170
0.05418962  0.11327153
0.04543531  0.10581419
0.03733766  0.09787596
0.02993063  0.08943139
0.02324933  0.08045333
0.01733003  0.07091281
0.01221019  0.06077907
0.00792850  0.05001942
0.00452485  0.03859928
0.00204040  0.02648208
0.00051754  0.01362921
0.00000000  0.00000000
0.00000000  0.00000000
0.00051754  -0.00587749
0.00204040  -0.01124504
0.00452485  -0.01612495
0.00792850  -0.02053898
0.01221019  -0.02450838
0.01733003  -0.02805385
0.02324933  -0.03119559
0.02993063  -0.03395332
0.03733766  -0.03634623
0.04543531  -0.03839302
0.05418962  -0.04011194
0.06356777  -0.04152073
0.07353805  -0.04263669
0.08406985  -0.04347663
0.09513360  -0.04405694
0.10670084  -0.04439355
0.11874410  -0.04450195
0.13123695  -0.04439721
0.14415394  -0.04409397
0.15747063  -0.04360646
0.17116350  -0.04294851
0.18521000  -0.04213354
0.19958848  -0.04117459
0.21427820  -0.04008429
0.22925931  -0.03887494
0.24451281  -0.03755842
0.26002056  -0.03614629
0.27576522  -0.03464974
0.29173028  -0.03307961
0.30790000  -0.03144641
0.32425942  -0.02976032
0.34079431  -0.02803118
0.35749120  -0.02626854
0.37433730  -0.02448162
0.39132052  -0.02267936
0.40842945  -0.02087039
0.42565331  -0.01906306
0.44298198  -0.01726545
0.46040593  -0.01548536
0.47791625  -0.01373033
0.49550459  -0.01200765
0.51316314  -0.01032436
0.53088467  -0.00868726
0.54866242  -0.00710291
0.56649016  -0.00557767
0.58436214  -0.00411765
0.60227305  -0.00272877
0.62021803  -0.00141676
0.63819266  -0.00018712
0.65619289  0.00095480
0.67421508  0.00200385
0.69225594  0.00295504
0.71031254  0.00380356
0.72838225  0.00454474
0.74646278  0.00517406
0.76455210  0.00568716
0.78264847  0.00607978
0.80075038  0.00634782
0.81885656  0.00648728
0.83696596  0.00649427
0.85507770  0.00636501
0.87319109  0.00609581
0.89130559  0.00568307
0.90942079  0.00512328
0.92753640  0.00441298
0.94565221  0.00354881
0.96376812  0.00252743
0.98188406  0.00134557
1.00000000  0.00000000
