NN3755
1.00000000  0.00000000
0.98188406  0.01892368
0.96376812  0.03589717
0.94565221  0.05105953
0.92753640  0.06454313
0.90942079  0.07647384
0.89130559  0.08697117
0.87319109  0.09614844
0.85507770  0.10411292
0.83696596  0.11096599
0.81885656  0.11680331
0.80075038  0.12171496
0.78264847  0.12578557
0.76455210  0.12909455
0.74646278  0.13171615
0.72838225  0.13371971
0.71031254  0.13516975
0.69225594  0.13612613
0.67421508  0.13664424
0.65619289  0.13677512
0.63819266  0.13656566
0.62021803  0.13605870
0.60227305  0.13529322
0.58436214  0.13430447
0.56649016  0.13312419
0.54866242  0.13178066
0.53088467  0.13029895
0.51316314  0.12870103
0.49550459  0.12700593
0.47791625  0.12522991
0.46040593  0.12338660
0.44298198  0.12148714
0.42565331  0.11954039
0.40842945  0.11755302
0.39132052  0.11552973
0.37433730  0.11347333
0.35749120  0.11138498
0.34079431  0.10926426
0.32425942  0.10710941
0.30790000  0.10491742
0.29173028  0.10268420
0.27576522  0.10040475
0.26002056  0.09807334
0.24451281  0.09568359
0.22925931  0.09322869
0.21427820  0.09070154
0.19958848  0.08809489
0.18521000  0.08540152
0.17116350  0.08261436
0.15747063  0.07972670
0.14415394  0.07673227
0.13123695  0.07362547
0.11874410  0.07040148
0.10670084  0.06705644
0.09513360  0.06358758
0.08406985  0.05999339
0.07353805  0.05627378
0.06356777  0.05243023
0.05418962  0.04846595
0.04543531  0.04438601
0.03733766  0.04019754
0.02993063  0.03590985
0.02324933  0.03153460
0.01733003  0.02708594
0.01221019  0.02258071
0.00792850  0.01803852
0.00452485  0.01348197
0.00204040  0.00893680
0.00051754  0.00443200
0.00000000  0.00000000
0.00000000  0.00000000
0.00051754  -0.00706982
0.00204040  -0.01317637
0.00452485  -0.01840202
0.00792850  -0.02282497
0.01221019  -0.02651935
0.01733003  -0.02955535
0.02324933  -0.03199924
0.02993063  -0.03391354
0.03733766  -0.03535708
0.04543531  -0.03638506
0.05418962  -0.03704922
0.06356777  -0.03739785
0.07353805  -0.03747597
0.08406985  -0.03732532
0.09513360  -0.03698457
0.10670084  -0.03648931
0.11874410  -0.03587222
0.13123695  -0.03516310
0.14415394  -0.03438903
0.15747063  -0.03357440
0.17116350  -0.03274104
0.18521000  -0.03190831
0.19958848  -0.03109320
0.21427820  -0.03031039
0.22925931  -0.02957238
0.24451281  -0.02888957
0.26002056  -0.02827034
0.27576522  -0.02772118
0.29173028  -0.02724674
0.30790000  -0.02684994
0.32425942  -0.02653210
0.34079431  -0.02629297
0.35749120  -0.02613086
0.37433730  -0.02604274
0.39132052  -0.02602430
0.40842945  -0.02607009
0.42565331  -0.02617357
0.44298198  -0.02632723
0.46040593  -0.02652267
0.47791625  -0.02675072
0.49550459  -0.02700148
0.51316314  -0.02726446
0.53088467  -0.02752866
0.54866242  -0.02778268
0.56649016  -0.02801477
0.58436214  -0.02821296
0.60227305  -0.02836515
0.62021803  -0.02845919
0.63819266  -0.02848297
0.65619289  -0.02842456
0.67421508  -0.02827223
0.69225594  -0.02801459
0.71031254  -0.02764070
0.72838225  -0.02714010
0.74646278  -0.02650297
0.76455210  -0.02572018
0.78264847  -0.02478341
0.80075038  -0.02368522
0.81885656  -0.02241918
0.83696596  -0.02097990
0.85507770  -0.01936320
0.87319109  -0.01756614
0.89130559  -0.01558716
0.90942079  -0.01342615
0.92753640  -0.01108452
0.94565221  -0.00856537
0.96376812  -0.00587349
0.98188406  -0.00301551
1.00000000  0.00000000
