NN3706
1.00000000  0.00000000
0.98188406  0.01607836
0.96376812  0.03054473
0.94565221  0.04352247
0.92753640  0.05512807
0.90942079  0.06547138
0.89130559  0.07465582
0.87319109  0.08277851
0.85507770  0.08993050
0.83696596  0.09619695
0.81885656  0.10165732
0.80075038  0.10638555
0.78264847  0.11045025
0.76455210  0.11391491
0.74646278  0.11683805
0.72838225  0.11927345
0.71031254  0.12127028
0.69225594  0.12287338
0.67421508  0.12412335
0.65619289  0.12505680
0.63819266  0.12570652
0.62021803  0.12610168
0.60227305  0.12626800
0.58436214  0.12622793
0.56649016  0.12600089
0.54866242  0.12560340
0.53088467  0.12504930
0.51316314  0.12434993
0.49550459  0.12351431
0.47791625  0.12254937
0.46040593  0.12146005
0.44298198  0.12024961
0.42565331  0.11891970
0.40842945  0.11747064
0.39132052  0.11590155
0.37433730  0.11421055
0.35749120  0.11239498
0.34079431  0.11045156
0.32425942  0.10837658
0.30790000  0.10616609
0.29173028  0.10381609
0.27576522  0.10132272
0.26002056  0.09868247
0.24451281  0.09589232
0.22925931  0.09294996
0.21427820  0.08985398
0.19958848  0.08660405
0.18521000  0.08320111
0.17116350  0.07964756
0.15747063  0.07594745
0.14415394  0.07210666
0.13123695  0.06813309
0.11874410  0.06403688
0.10670084  0.05983054
0.09513360  0.05552918
0.08406985  0.05115069
0.07353805  0.04671594
0.06356777  0.04224893
0.05418962  0.03777702
0.04543531  0.03333110
0.03733766  0.02894578
0.02993063  0.02465959
0.02324933  0.02051512
0.01733003  0.01655930
0.01221019  0.01284350
0.00792850  0.00942376
0.00452485  0.00636097
0.00204040  0.00372107
0.00051754  0.00157522
0.00000000  0.00000000
0.00000000  0.00000000
0.00051754  -0.00798009
0.00204040  -0.01547992
0.00452485  -0.02250967
0.00792850  -0.02907987
0.01221019  -0.03520140
0.01733003  -0.04088546
0.02324933  -0.04614351
0.02993063  -0.05098732
0.03733766  -0.05542887
0.04543531  -0.05948036
0.05418962  -0.06315421
0.06356777  -0.06646299
0.07353805  -0.06941941
0.08406985  -0.07203631
0.09513360  -0.07432664
0.10670084  -0.07630340
0.11874410  -0.07797966
0.13123695  -0.07936850
0.14415394  -0.08048302
0.15747063  -0.08133628
0.17116350  -0.08194130
0.18521000  -0.08231102
0.19958848  -0.08245831
0.21427820  -0.08239590
0.22925931  -0.08213638
0.24451281  -0.08169218
0.26002056  -0.08107552
0.27576522  -0.08029844
0.29173028  -0.07937270
0.30790000  -0.07830984
0.32425942  -0.07712106
0.34079431  -0.07581730
0.35749120  -0.07440913
0.37433730  -0.07290678
0.39132052  -0.07132008
0.40842945  -0.06965847
0.42565331  -0.06793094
0.44298198  -0.06614603
0.46040593  -0.06431182
0.47791625  -0.06243585
0.49550459  -0.06052516
0.51316314  -0.05858622
0.53088467  -0.05662494
0.54866242  -0.05464661
0.56649016  -0.05265592
0.58436214  -0.05065689
0.60227305  -0.04865287
0.62021803  -0.04664653
0.63819266  -0.04463980
0.65619289  -0.04263387
0.67421508  -0.04062917
0.69225594  -0.03862532
0.71031254  -0.03662115
0.72838225  -0.03461462
0.74646278  -0.03260283
0.76455210  -0.03058201
0.78264847  -0.02854746
0.80075038  -0.02649354
0.81885656  -0.02441366
0.83696596  -0.02230023
0.85507770  -0.02014467
0.87319109  -0.01793735
0.89130559  -0.01566758
0.90942079  -0.01332360
0.92753640  -0.01089255
0.94565221  -0.00836040
0.96376812  -0.00571202
0.98188406  -0.00293107
1.00000000  0.00000000
