NN3747
1.00000000  0.00000000
0.98188406  0.01231689
0.96376812  0.02396711
0.94565221  0.03496808
0.92753640  0.04533670
0.90942079  0.05508939
0.89130559  0.06424210
0.87319109  0.07281034
0.85507770  0.08080923
0.83696596  0.08825345
0.81885656  0.09515732
0.80075038  0.10153482
0.78264847  0.10739957
0.76455210  0.11276488
0.74646278  0.11764378
0.72838225  0.12204902
0.71031254  0.12599311
0.69225594  0.12948832
0.67421508  0.13254672
0.65619289  0.13518018
0.63819266  0.13740041
0.62021803  0.13921900
0.60227305  0.14064738
0.58436214  0.14169690
0.56649016  0.14237883
0.54866242  0.14270436
0.53088467  0.14268468
0.51316314  0.14233093
0.49550459  0.14165425
0.47791625  0.14066584
0.46040593  0.13937692
0.44298198  0.13779879
0.42565331  0.13594282
0.40842945  0.13382051
0.39132052  0.13144348
0.37433730  0.12882352
0.35749120  0.12597257
0.34079431  0.12290278
0.32425942  0.11962652
0.30790000  0.11615637
0.29173028  0.11250521
0.27576522  0.10868616
0.26002056  0.10471266
0.24451281  0.10059849
0.22925931  0.09635773
0.21427820  0.09200487
0.19958848  0.08755474
0.18521000  0.08302262
0.17116350  0.07842420
0.15747063  0.07377560
0.14415394  0.06909345
0.13123695  0.06439483
0.11874410  0.05969737
0.10670084  0.05501921
0.09513360  0.05037905
0.08406985  0.04579618
0.07353805  0.04129046
0.06356777  0.03688240
0.05418962  0.03259313
0.04543531  0.02844444
0.03733766  0.02445881
0.02993063  0.02065943
0.02324933  0.01707020
0.01733003  0.01371577
0.01221019  0.01062157
0.00792850  0.00781380
0.00452485  0.00531949
0.00204040  0.00316647
0.00051754  0.00138345
0.00000000  0.00000000
0.00000000  0.00000000
0.00051754  -0.00123935
0.00204040  -0.00283726
0.00452485  -0.00473993
0.00792850  -0.00689718
0.01221019  -0.00926237
0.01733003  -0.01179224
0.02324933  -0.01444686
0.02993063  -0.01718947
0.03733766  -0.01998637
0.04543531  -0.02280684
0.05418962  -0.02562302
0.06356777  -0.02840978
0.07353805  -0.03114464
0.08406985  -0.03380760
0.09513360  -0.03638113
0.10670084  -0.03884994
0.11874410  -0.04120098
0.13123695  -0.04342324
0.14415394  -0.04550770
0.15747063  -0.04744718
0.17116350  -0.04923625
0.18521000  -0.05087113
0.19958848  -0.05234954
0.21427820  -0.05367064
0.22925931  -0.05483486
0.24451281  -0.05584384
0.26002056  -0.05670030
0.27576522  -0.05740793
0.29173028  -0.05797127
0.30790000  -0.05839562
0.32425942  -0.05868691
0.34079431  -0.05885160
0.35749120  -0.05889655
0.37433730  -0.05882896
0.39132052  -0.05865618
0.40842945  -0.05838567
0.42565331  -0.05802487
0.44298198  -0.05758104
0.46040593  -0.05706125
0.47791625  -0.05647216
0.49550459  -0.05581997
0.51316314  -0.05511032
0.53088467  -0.05434814
0.54866242  -0.05353755
0.56649016  -0.05268177
0.58436214  -0.05178298
0.60227305  -0.05084224
0.62021803  -0.04985936
0.63819266  -0.04883278
0.65619289  -0.04775947
0.67421508  -0.04663485
0.69225594  -0.04545262
0.71031254  -0.04420468
0.72838225  -0.04288104
0.74646278  -0.04146967
0.76455210  -0.03995640
0.78264847  -0.03832484
0.80075038  -0.03655622
0.81885656  -0.03462931
0.83696596  -0.03252033
0.85507770  -0.03020276
0.87319109  -0.02764733
0.89130559  -0.02482184
0.90942079  -0.02169107
0.92753640  -0.01821667
0.94565221  -0.01435705
0.96376812  -0.01006727
0.98188406  -0.00529891
1.00000000  0.00000000
