NN3859
1.00000000  0.00000000
0.98188406  0.00965819
0.96376812  0.01873741
0.94565221  0.02728174
0.92753640  0.03533168
0.90942079  0.04292423
0.89130559  0.05009304
0.87319109  0.05686855
0.85507770  0.06327813
0.83696596  0.06934619
0.81885656  0.07509434
0.80075038  0.08054150
0.78264847  0.08570406
0.76455210  0.09059600
0.74646278  0.09522900
0.72838225  0.09961265
0.71031254  0.10375448
0.69225594  0.10766018
0.67421508  0.11133370
0.65619289  0.11477736
0.63819266  0.11799205
0.62021803  0.12097729
0.60227305  0.12373142
0.58436214  0.12625169
0.56649016  0.12853443
0.54866242  0.13057519
0.53088467  0.13236881
0.51316314  0.13390964
0.49550459  0.13519161
0.47791625  0.13620840
0.46040593  0.13695354
0.44298198  0.13742060
0.42565331  0.13760325
0.40842945  0.13749546
0.39132052  0.13709161
0.37433730  0.13638659
0.35749120  0.13537601
0.34079431  0.13405626
0.32425942  0.13242468
0.30790000  0.13047969
0.29173028  0.12822092
0.27576522  0.12564936
0.26002056  0.12276745
0.24451281  0.11957929
0.22925931  0.11609068
0.21427820  0.11230935
0.19958848  0.10824500
0.18521000  0.10390951
0.17116350  0.09931705
0.15747063  0.09448419
0.14415394  0.08943006
0.13123695  0.08417649
0.11874410  0.07874811
0.10670084  0.07317254
0.09513360  0.06748044
0.08406985  0.06170574
0.07353805  0.05588571
0.06356777  0.05006111
0.05418962  0.04427632
0.04543531  0.03857950
0.03733766  0.03302270
0.02993063  0.02766199
0.02324933  0.02255759
0.01733003  0.01777406
0.01221019  0.01338035
0.00792850  0.00944999
0.00452485  0.00606122
0.00204040  0.00329709
0.00051754  0.00124564
0.00000000  0.00000000
0.00000000  0.00000000
0.00051754  -0.00390285
0.00204040  -0.00713799
0.00452485  -0.00977152
0.00792850  -0.01186634
0.01221019  -0.01348224
0.01733003  -0.01467589
0.02324933  -0.01550095
0.02993063  -0.01600807
0.03733766  -0.01624501
0.04543531  -0.01625661
0.05418962  -0.01608493
0.06356777  -0.01576922
0.07353805  -0.01534605
0.08406985  -0.01484929
0.09513360  -0.01431022
0.10670084  -0.01375757
0.11874410  -0.01321754
0.13123695  -0.01271388
0.14415394  -0.01226797
0.15747063  -0.01189880
0.17116350  -0.01162310
0.18521000  -0.01145534
0.19958848  -0.01140780
0.21427820  -0.01149064
0.22925931  -0.01171193
0.24451281  -0.01207769
0.26002056  -0.01259200
0.27576522  -0.01325699
0.29173028  -0.01407293
0.30790000  -0.01503826
0.32425942  -0.01614965
0.34079431  -0.01740209
0.35749120  -0.01878888
0.37433730  -0.02030171
0.39132052  -0.02193075
0.40842945  -0.02366462
0.42565331  -0.02549053
0.44298198  -0.02739429
0.46040593  -0.02936035
0.47791625  -0.03137188
0.49550459  -0.03341081
0.51316314  -0.03545789
0.53088467  -0.03749274
0.54866242  -0.03949389
0.56649016  -0.04143887
0.58436214  -0.04330421
0.60227305  -0.04506554
0.62021803  -0.04669760
0.63819266  -0.04817434
0.65619289  -0.04946894
0.67421508  -0.05055387
0.69225594  -0.05140095
0.71031254  -0.05198138
0.72838225  -0.05226583
0.74646278  -0.05222448
0.76455210  -0.05182704
0.78264847  -0.05104285
0.80075038  -0.04984089
0.81885656  -0.04818989
0.83696596  -0.04605831
0.85507770  -0.04341446
0.87319109  -0.04022650
0.89130559  -0.03646253
0.90942079  -0.03209063
0.92753640  -0.02707890
0.94565221  -0.02139555
0.96376812  -0.01500889
0.98188406  -0.00788745
1.00000000  0.00000000
