NN42
1.00000000  0.00000000
0.98188406  0.00183362
0.96376812  0.00392281
0.94565221  0.00627131
0.92753640  0.00888053
0.90942079  0.01174960
0.89130559  0.01487552
0.87319109  0.01825321
0.85507770  0.02187561
0.83696596  0.02573384
0.81885656  0.02981723
0.80075038  0.03411345
0.78264847  0.03860861
0.76455210  0.04328736
0.74646278  0.04813298
0.72838225  0.05312748
0.71031254  0.05825170
0.69225594  0.06348542
0.67421508  0.06880746
0.65619289  0.07419576
0.63819266  0.07962749
0.62021803  0.08507914
0.60227305  0.09052665
0.58436214  0.09594548
0.56649016  0.10131070
0.54866242  0.10659714
0.53088467  0.11177942
0.51316314  0.11683211
0.49550459  0.12172980
0.47791625  0.12644719
0.46040593  0.13095922
0.44298198  0.13524114
0.42565331  0.13926863
0.40842945  0.14301787
0.39132052  0.14646570
0.37433730  0.14958963
0.35749120  0.15236804
0.34079431  0.15478017
0.32425942  0.15680633
0.30790000  0.15842792
0.29173028  0.15962756
0.27576522  0.16038917
0.26002056  0.16069811
0.24451281  0.16054124
0.22925931  0.15990702
0.21427820  0.15878565
0.19958848  0.15716912
0.18521000  0.15505133
0.17116350  0.15242821
0.15747063  0.14929777
0.14415394  0.14566024
0.13123695  0.14151816
0.11874410  0.13687649
0.10670084  0.13174266
0.09513360  0.12612674
0.08406985  0.12004149
0.07353805  0.11350246
0.06356777  0.10652813
0.05418962  0.09913997
0.04543531  0.09136254
0.03733766  0.08322361
0.02993063  0.07475425
0.02324933  0.06598894
0.01733003  0.05696564
0.01221019  0.04772591
0.00792850  0.03831502
0.00452485  0.02878202
0.00204040  0.01917987
0.00051754  0.00956552
0.00000000  0.00000000
0.00000000  0.00000000
0.00051754  -0.00899069
0.00204040  -0.01773199
0.00452485  -0.02618408
0.00792850  -0.03431123
0.01221019  -0.04208167
0.01733003  -0.04946744
0.02324933  -0.05644429
0.02993063  -0.06299149
0.03733766  -0.06909179
0.04543531  -0.07473119
0.05418962  -0.07989888
0.06356777  -0.08458707
0.07353805  -0.08879088
0.08406985  -0.09250818
0.09513360  -0.09573949
0.10670084  -0.09848784
0.11874410  -0.10075861
0.13123695  -0.10255944
0.14415394  -0.10390007
0.15747063  -0.10479223
0.17116350  -0.10524946
0.18521000  -0.10528706
0.19958848  -0.10492189
0.21427820  -0.10417224
0.22925931  -0.10305774
0.24451281  -0.10159921
0.26002056  -0.09981851
0.27576522  -0.09773843
0.29173028  -0.09538255
0.30790000  -0.09277509
0.32425942  -0.08994084
0.34079431  -0.08690493
0.35749120  -0.08369279
0.37433730  -0.08032998
0.39132052  -0.07684204
0.40842945  -0.07325439
0.42565331  -0.06959218
0.44298198  -0.06588018
0.46040593  -0.06214260
0.47791625  -0.05840302
0.49550459  -0.05468422
0.51316314  -0.05100804
0.53088467  -0.04739529
0.54866242  -0.04386557
0.56649016  -0.04043718
0.58436214  -0.03712695
0.60227305  -0.03395015
0.62021803  -0.03092031
0.63819266  -0.02804913
0.65619289  -0.02534633
0.67421508  -0.02281952
0.69225594  -0.02047405
0.71031254  -0.01831292
0.72838225  -0.01633662
0.74646278  -0.01454299
0.76455210  -0.01292710
0.78264847  -0.01148115
0.80075038  -0.01019426
0.81885656  -0.00905242
0.83696596  -0.00803832
0.85507770  -0.00713119
0.87319109  -0.00630674
0.89130559  -0.00553696
0.90942079  -0.00479004
0.92753640  -0.00403018
0.94565221  -0.00321753
0.96376812  -0.00230798
0.98188406  -0.00125312
1.00000000  0.00000000
