NN4526
1.00000000  0.00000000
0.98188406  0.00613554
0.96376812  0.01209195
0.94565221  0.01787648
0.92753640  0.02349544
0.90942079  0.02895425
0.89130559  0.03425744
0.87319109  0.03940874
0.85507770  0.04441106
0.83696596  0.04926659
0.81885656  0.05397678
0.80075038  0.05854241
0.78264847  0.06296364
0.76455210  0.06724003
0.74646278  0.07137056
0.72838225  0.07535371
0.71031254  0.07918747
0.69225594  0.08286939
0.67421508  0.08639662
0.65619289  0.08976592
0.63819266  0.09297375
0.62021803  0.09601627
0.60227305  0.09888939
0.58436214  0.10158880
0.56649016  0.10411001
0.54866242  0.10644843
0.53088467  0.10859933
0.51316314  0.11055795
0.49550459  0.11231949
0.47791625  0.11387919
0.46040593  0.11523232
0.44298198  0.11637427
0.42565331  0.11730055
0.40842945  0.11800684
0.39132052  0.11848905
0.37433730  0.11874331
0.35749120  0.11876605
0.34079431  0.11855405
0.32425942  0.11810441
0.30790000  0.11741467
0.29173028  0.11648280
0.27576522  0.11530723
0.26002056  0.11388694
0.24451281  0.11222145
0.22925931  0.11031088
0.21427820  0.10815598
0.19958848  0.10575818
0.18521000  0.10311960
0.17116350  0.10024313
0.15747063  0.09713246
0.14415394  0.09379206
0.13123695  0.09022732
0.11874410  0.08644448
0.10670084  0.08245077
0.09513360  0.07825437
0.08406985  0.07386448
0.07353805  0.06929138
0.06356777  0.06454641
0.05418962  0.05964208
0.04543531  0.05459205
0.03733766  0.04941119
0.02993063  0.04411563
0.02324933  0.03872279
0.01733003  0.03325140
0.01221019  0.02772158
0.00792850  0.02215483
0.00452485  0.01657411
0.00204040  0.01100383
0.00051754  0.00546996
0.00000000  0.00000000
0.00000000  0.00000000
0.00051754  -0.01357014
0.00204040  -0.02572215
0.00452485  -0.03651965
0.00792850  -0.04602610
0.01221019  -0.05430474
0.01733003  -0.06141851
0.02324933  -0.06742998
0.02993063  -0.07240128
0.03733766  -0.07639403
0.04543531  -0.07946925
0.05418962  -0.08168731
0.06356777  -0.08310786
0.07353805  -0.08378973
0.08406985  -0.08379090
0.09513360  -0.08316838
0.10670084  -0.08197818
0.11874410  -0.08027520
0.13123695  -0.07811319
0.14415394  -0.07554467
0.15747063  -0.07262084
0.17116350  -0.06939154
0.18521000  -0.06590514
0.19958848  -0.06220850
0.21427820  -0.05834688
0.22925931  -0.05436388
0.24451281  -0.05030135
0.26002056  -0.04619933
0.27576522  -0.04209600
0.29173028  -0.03802754
0.30790000  -0.03402815
0.32425942  -0.03012990
0.34079431  -0.02636271
0.35749120  -0.02275423
0.37433730  -0.01932982
0.39132052  -0.01611244
0.40842945  -0.01312259
0.42565331  -0.01037825
0.44298198  -0.00789478
0.46040593  -0.00568488
0.47791625  -0.00375848
0.49550459  -0.00212272
0.51316314  -0.00078182
0.53088467  0.00026295
0.54866242  0.00101335
0.56649016  0.00147427
0.58436214  0.00165375
0.60227305  0.00156311
0.62021803  0.00121699
0.63819266  0.00063340
0.65619289  -0.00016615
0.67421508  -0.00115662
0.69225594  -0.00230936
0.71031254  -0.00359204
0.72838225  -0.00496856
0.74646278  -0.00639899
0.76455210  -0.00783953
0.78264847  -0.00924236
0.80075038  -0.01055565
0.81885656  -0.01172344
0.83696596  -0.01268559
0.85507770  -0.01337767
0.87319109  -0.01373096
0.89130559  -0.01367231
0.90942079  -0.01312408
0.92753640  -0.01200411
0.94565221  -0.01022560
0.96376812  -0.00769705
0.98188406  -0.00432222
1.00000000  0.00000000
