NN4503
1.00000000  0.00000000
0.98188406  0.01249057
0.96376812  0.02485824
0.94565221  0.03704410
0.92753640  0.04899360
0.90942079  0.06065643
0.89130559  0.07198637
0.87319109  0.08294124
0.85507770  0.09348277
0.83696596  0.10357646
0.81885656  0.11319150
0.80075038  0.12230065
0.78264847  0.13088014
0.76455210  0.13890952
0.74646278  0.14637161
0.72838225  0.15325235
0.71031254  0.15954068
0.69225594  0.16522846
0.67421508  0.17031036
0.65619289  0.17478370
0.63819266  0.17864840
0.62021803  0.18190684
0.60227305  0.18456376
0.58436214  0.18662611
0.56649016  0.18810301
0.54866242  0.18900559
0.53088467  0.18934687
0.51316314  0.18914170
0.49550459  0.18840660
0.47791625  0.18715966
0.46040593  0.18542047
0.44298198  0.18320995
0.42565331  0.18055028
0.40842945  0.17746475
0.39132052  0.17397772
0.37433730  0.17011442
0.35749120  0.16590091
0.34079431  0.16136393
0.32425942  0.15653082
0.30790000  0.15142937
0.29173028  0.14608775
0.27576522  0.14053435
0.26002056  0.13479774
0.24451281  0.12890650
0.22925931  0.12288911
0.21427820  0.11677390
0.19958848  0.11058885
0.18521000  0.10436156
0.17116350  0.09811909
0.15747063  0.09188787
0.14415394  0.08569359
0.13123695  0.07956106
0.11874410  0.07351416
0.10670084  0.06757567
0.09513360  0.06176717
0.08406985  0.05610896
0.07353805  0.05061993
0.06356777  0.04531745
0.05418962  0.04021724
0.04543531  0.03533330
0.03733766  0.03067777
0.02993063  0.02626082
0.02324933  0.02209056
0.01733003  0.01817291
0.01221019  0.01451148
0.00792850  0.01110750
0.00452485  0.00795967
0.00204040  0.00506406
0.00051754  0.00241401
0.00000000  0.00000000
0.00000000  0.00000000
0.00051754  -0.00358873
0.00204040  -0.00638797
0.00452485  -0.00849874
0.00792850  -0.01001576
0.01221019  -0.01102769
0.01733003  -0.01161721
0.02324933  -0.01186121
0.02993063  -0.01183092
0.03733766  -0.01159210
0.04543531  -0.01120516
0.05418962  -0.01072532
0.06356777  -0.01020278
0.07353805  -0.00968284
0.08406985  -0.00920610
0.09513360  -0.00880857
0.10670084  -0.00852185
0.11874410  -0.00837327
0.13123695  -0.00838604
0.14415394  -0.00857944
0.15747063  -0.00896890
0.17116350  -0.00956625
0.18521000  -0.01037977
0.19958848  -0.01141444
0.21427820  -0.01267201
0.22925931  -0.01415122
0.24451281  -0.01584790
0.26002056  -0.01775518
0.27576522  -0.01986359
0.29173028  -0.02216122
0.30790000  -0.02463393
0.32425942  -0.02726542
0.34079431  -0.03003745
0.35749120  -0.03292997
0.37433730  -0.03592125
0.39132052  -0.03898807
0.40842945  -0.04210587
0.42565331  -0.04524886
0.44298198  -0.04839024
0.46040593  -0.05150230
0.47791625  -0.05455658
0.49550459  -0.05752407
0.51316314  -0.06037530
0.53088467  -0.06308054
0.54866242  -0.06560990
0.56649016  -0.06793357
0.58436214  -0.07002190
0.60227305  -0.07184555
0.62021803  -0.07337571
0.63819266  -0.07458418
0.65619289  -0.07544358
0.67421508  -0.07592747
0.69225594  -0.07601051
0.71031254  -0.07566861
0.72838225  -0.07487910
0.74646278  -0.07362087
0.76455210  -0.07187452
0.78264847  -0.06962253
0.80075038  -0.06684938
0.81885656  -0.06354176
0.83696596  -0.05968867
0.85507770  -0.05528158
0.87319109  -0.05031462
0.89130559  -0.04478470
0.90942079  -0.03869167
0.92753640  -0.03203848
0.94565221  -0.02483132
0.96376812  -0.01707980
0.98188406  -0.00879707
1.00000000  0.00000000
