NN4796
1.00000000  0.00000000
0.98188406  0.02132444
0.96376812  0.04125723
0.94565221  0.05982638
0.92753640  0.07706125
0.90942079  0.09299246
0.89130559  0.10765181
0.87319109  0.12107221
0.85507770  0.13328764
0.83696596  0.14433302
0.81885656  0.15424418
0.80075038  0.16305775
0.78264847  0.17081112
0.76455210  0.17754236
0.74646278  0.18329013
0.72838225  0.18809360
0.71031254  0.19199241
0.69225594  0.19502657
0.67421508  0.19723640
0.65619289  0.19866242
0.63819266  0.19934535
0.62021803  0.19932596
0.60227305  0.19864503
0.58436214  0.19734328
0.56649016  0.19546129
0.54866242  0.19303942
0.53088467  0.19011775
0.51316314  0.18673599
0.49550459  0.18293342
0.47791625  0.17874880
0.46040593  0.17422032
0.44298198  0.16938550
0.42565331  0.16428115
0.40842945  0.15894324
0.39132052  0.15340689
0.37433730  0.14770625
0.35749120  0.14187446
0.34079431  0.13594354
0.32425942  0.12994436
0.30790000  0.12390651
0.29173028  0.11785828
0.27576522  0.11182657
0.26002056  0.10583677
0.24451281  0.09991278
0.22925931  0.09407685
0.21427820  0.08834954
0.19958848  0.08274964
0.18521000  0.07729413
0.17116350  0.07199804
0.15747063  0.06687444
0.14415394  0.06193433
0.13123695  0.05718656
0.11874410  0.05263779
0.10670084  0.04829239
0.09513360  0.04415239
0.08406985  0.04021736
0.07353805  0.03648438
0.06356777  0.03294796
0.05418962  0.02959996
0.04543531  0.02642949
0.03733766  0.02342288
0.02993063  0.02056358
0.02324933  0.01783210
0.01733003  0.01520593
0.01221019  0.01265944
0.00792850  0.01016386
0.00452485  0.00768717
0.00204040  0.00519403
0.00051754  0.00264571
0.00000000  0.00000000
0.00000000  0.00000000
0.00051754  -0.00111385
0.00204040  -0.00215991
0.00452485  -0.00314650
0.00792850  -0.00408128
0.01221019  -0.00497126
0.01733003  -0.00582286
0.02324933  -0.00664186
0.02993063  -0.00743348
0.03733766  -0.00820236
0.04543531  -0.00895262
0.05418962  -0.00968784
0.06356777  -0.01041108
0.07353805  -0.01112494
0.08406985  -0.01183153
0.09513360  -0.01253252
0.10670084  -0.01322917
0.11874410  -0.01392231
0.13123695  -0.01461237
0.14415394  -0.01529944
0.15747063  -0.01598324
0.17116350  -0.01666315
0.18521000  -0.01733826
0.19958848  -0.01800734
0.21427820  -0.01866892
0.22925931  -0.01932124
0.24451281  -0.01996233
0.26002056  -0.02058998
0.27576522  -0.02120181
0.29173028  -0.02179525
0.30790000  -0.02236756
0.32425942  -0.02291588
0.34079431  -0.02343722
0.35749120  -0.02392849
0.37433730  -0.02438653
0.39132052  -0.02480810
0.40842945  -0.02518993
0.42565331  -0.02552873
0.44298198  -0.02582120
0.46040593  -0.02606405
0.47791625  -0.02625403
0.49550459  -0.02638795
0.51316314  -0.02646269
0.53088467  -0.02647521
0.54866242  -0.02642261
0.56649016  -0.02630210
0.58436214  -0.02611103
0.60227305  -0.02584696
0.62021803  -0.02550760
0.63819266  -0.02509090
0.65619289  -0.02459500
0.67421508  -0.02401832
0.69225594  -0.02335953
0.71031254  -0.02261761
0.72838225  -0.02179181
0.74646278  -0.02088172
0.76455210  -0.01988729
0.78264847  -0.01880881
0.80075038  -0.01764696
0.81885656  -0.01640282
0.83696596  -0.01507790
0.85507770  -0.01367415
0.87319109  -0.01219396
0.89130559  -0.01064023
0.90942079  -0.00901633
0.92753640  -0.00732616
0.94565221  -0.00557416
0.96376812  -0.00376532
0.98188406  -0.00190521
1.00000000  0.00000000
