NN4833
1.00000000  0.00000000
0.98188406  0.00463236
0.96376812  0.00971477
0.94565221  0.01518861
0.92753640  0.02099815
0.90942079  0.02709056
0.89130559  0.03341577
0.87319109  0.03992642
0.85507770  0.04657778
0.83696596  0.05332769
0.81885656  0.06013647
0.80075038  0.06696684
0.78264847  0.07378387
0.76455210  0.08055489
0.74646278  0.08724939
0.72838225  0.09383900
0.71031254  0.10029739
0.69225594  0.10660017
0.67421508  0.11272486
0.65619289  0.11865076
0.63819266  0.12435896
0.62021803  0.12983217
0.60227305  0.13505472
0.58436214  0.14001243
0.56649016  0.14469258
0.54866242  0.14908381
0.53088467  0.15317605
0.51316314  0.15696045
0.49550459  0.16042931
0.47791625  0.16357599
0.46040593  0.16639484
0.44298198  0.16888114
0.42565331  0.17103100
0.40842945  0.17284133
0.39132052  0.17430971
0.37433730  0.17543434
0.35749120  0.17621398
0.34079431  0.17664786
0.32425942  0.17673561
0.30790000  0.17647717
0.29173028  0.17587274
0.27576522  0.17492270
0.26002056  0.17362751
0.24451281  0.17198768
0.22925931  0.17000366
0.21427820  0.16767577
0.19958848  0.16500414
0.18521000  0.16198862
0.17116350  0.15862872
0.15747063  0.15492352
0.14415394  0.15087163
0.13123695  0.14647105
0.11874410  0.14171915
0.10670084  0.13661261
0.09513360  0.13114726
0.08406985  0.12531812
0.07353805  0.11911921
0.06356777  0.11254359
0.05418962  0.10558317
0.04543531  0.09822874
0.03733766  0.09046983
0.02993063  0.08229464
0.02324933  0.07369001
0.01733003  0.06464130
0.01221019  0.05513231
0.00792850  0.04514527
0.00452485  0.03466069
0.00204040  0.02365733
0.00051754  0.01211209
0.00000000  0.00000000
0.00000000  0.00000000
0.00051754  -0.00225537
0.00204040  -0.00482704
0.00452485  -0.00769656
0.00792850  -0.01084421
0.01221019  -0.01424915
0.01733003  -0.01788949
0.02324933  -0.02174241
0.02993063  -0.02578427
0.03733766  -0.02999068
0.04543531  -0.03433662
0.05418962  -0.03879655
0.06356777  -0.04334452
0.07353805  -0.04795421
0.08406985  -0.05259911
0.09513360  -0.05725259
0.10670084  -0.06188798
0.11874410  -0.06647871
0.13123695  -0.07099837
0.14415394  -0.07542085
0.15747063  -0.07972043
0.17116350  -0.08387186
0.18521000  -0.08785050
0.19958848  -0.09163238
0.21427820  -0.09519434
0.22925931  -0.09851409
0.24451281  -0.10157037
0.26002056  -0.10434298
0.27576522  -0.10681295
0.29173028  -0.10896258
0.30790000  -0.11077560
0.32425942  -0.11223722
0.34079431  -0.11333427
0.35749120  -0.11405528
0.37433730  -0.11439059
0.39132052  -0.11433245
0.40842945  -0.11387511
0.42565331  -0.11301496
0.44298198  -0.11175056
0.46040593  -0.11008283
0.47791625  -0.10801509
0.49550459  -0.10555317
0.51316314  -0.10270553
0.53088467  -0.09948336
0.54866242  -0.09590065
0.56649016  -0.09197433
0.58436214  -0.08772437
0.60227305  -0.08317385
0.62021803  -0.07834908
0.63819266  -0.07327970
0.65619289  -0.06799881
0.67421508  -0.06254300
0.69225594  -0.05695254
0.71031254  -0.05127141
0.72838225  -0.04554744
0.74646278  -0.03983240
0.76455210  -0.03418210
0.78264847  -0.02865649
0.80075038  -0.02331978
0.81885656  -0.01824052
0.83696596  -0.01349170
0.85507770  -0.00915088
0.87319109  -0.00530025
0.89130559  -0.00202677
0.90942079  0.00057776
0.92753640  0.00241656
0.94565221  0.00338781
0.96376812  0.00338452
0.98188406  0.00229446
1.00000000  0.00000000
