NN4990
1.00000000  0.00000000
0.98188406  0.01727575
0.96376812  0.03326265
0.94565221  0.04800560
0.92753640  0.06154958
0.90942079  0.07393962
0.89130559  0.08522072
0.87319109  0.09543783
0.85507770  0.10463575
0.83696596  0.11285913
0.81885656  0.12015239
0.80075038  0.12655964
0.78264847  0.13212470
0.76455210  0.13689096
0.74646278  0.14090139
0.72838225  0.14419846
0.71031254  0.14682409
0.69225594  0.14881960
0.67421508  0.15022565
0.65619289  0.15108220
0.63819266  0.15142844
0.62021803  0.15130273
0.60227305  0.15074260
0.58436214  0.14978463
0.56649016  0.14846442
0.54866242  0.14681657
0.53088467  0.14487455
0.51316314  0.14267075
0.49550459  0.14023633
0.47791625  0.13760123
0.46040593  0.13479408
0.44298198  0.13184217
0.42565331  0.12877138
0.40842945  0.12560615
0.39132052  0.12236938
0.37433730  0.11908245
0.35749120  0.11576509
0.34079431  0.11243538
0.32425942  0.10910965
0.30790000  0.10580250
0.29173028  0.10252667
0.27576522  0.09929301
0.26002056  0.09611045
0.24451281  0.09298594
0.22925931  0.08992436
0.21427820  0.08692852
0.19958848  0.08399907
0.18521000  0.08113444
0.17116350  0.07833085
0.15747063  0.07558215
0.14415394  0.07287989
0.13123695  0.07021315
0.11874410  0.06756857
0.10670084  0.06493027
0.09513360  0.06227978
0.08406985  0.05959599
0.07353805  0.05685515
0.06356777  0.05403073
0.05418962  0.05109343
0.04543531  0.04801111
0.03733766  0.04474871
0.02993063  0.04126826
0.02324933  0.03752876
0.01733003  0.03348616
0.01221019  0.02909329
0.00792850  0.02429983
0.00452485  0.01905225
0.00204040  0.01329374
0.00051754  0.00696416
0.00000000  0.00000000
0.00000000  0.00000000
0.00051754  -0.00656357
0.00204040  -0.01237110
0.00452485  -0.01745993
0.00792850  -0.02186718
0.01221019  -0.02562967
0.01733003  -0.02878393
0.02324933  -0.03136613
0.02993063  -0.03341204
0.03733766  -0.03495702
0.04543531  -0.03603596
0.05418962  -0.03668323
0.06356777  -0.03693266
0.07353805  -0.03681752
0.08406985  -0.03637042
0.09513360  -0.03562336
0.10670084  -0.03460760
0.11874410  -0.03335368
0.13123695  -0.03189138
0.14415394  -0.03024964
0.15747063  -0.02845658
0.17116350  -0.02653940
0.18521000  -0.02452440
0.19958848  -0.02243689
0.21427820  -0.02030119
0.22925931  -0.01814058
0.24451281  -0.01597726
0.26002056  -0.01383228
0.27576522  -0.01172558
0.29173028  -0.00967587
0.30790000  -0.00770063
0.32425942  -0.00581609
0.34079431  -0.00403713
0.35749120  -0.00237730
0.37433730  -0.00084879
0.39132052  0.00053770
0.40842945  0.00177287
0.42565331  0.00284896
0.44298198  0.00375976
0.46040593  0.00450061
0.47791625  0.00506848
0.49550459  0.00546200
0.51316314  0.00568151
0.53088467  0.00572905
0.54866242  0.00560847
0.56649016  0.00532539
0.58436214  0.00488732
0.60227305  0.00430363
0.62021803  0.00358561
0.63819266  0.00274655
0.65619289  0.00180171
0.67421508  0.00076840
0.69225594  -0.00033399
0.71031254  -0.00148395
0.72838225  -0.00265783
0.74646278  -0.00382975
0.76455210  -0.00497163
0.78264847  -0.00605311
0.80075038  -0.00704152
0.81885656  -0.00790184
0.83696596  -0.00859666
0.85507770  -0.00908615
0.87319109  -0.00932801
0.89130559  -0.00927746
0.90942079  -0.00888716
0.92753640  -0.00810719
0.94565221  -0.00688502
0.96376812  -0.00516548
0.98188406  -0.00289067
1.00000000  0.00000000
