NN4925
1.00000000  0.00000000
0.98188406  0.01130586
0.96376812  0.02193740
0.94565221  0.03191674
0.92753640  0.04126623
0.90942079  0.05000839
0.89130559  0.05816589
0.87319109  0.06576148
0.85507770  0.07281795
0.83696596  0.07935808
0.81885656  0.08540456
0.80075038  0.09098000
0.78264847  0.09610682
0.76455210  0.10080724
0.74646278  0.10510322
0.72838225  0.10901639
0.71031254  0.11256803
0.69225594  0.11577901
0.67421508  0.11866972
0.65619289  0.12126007
0.63819266  0.12356937
0.62021803  0.12561635
0.60227305  0.12741905
0.58436214  0.12899483
0.56649016  0.13036027
0.54866242  0.13153114
0.53088467  0.13252234
0.51316314  0.13334789
0.49550459  0.13402082
0.47791625  0.13455316
0.46040593  0.13495589
0.44298198  0.13523886
0.42565331  0.13541079
0.40842945  0.13547916
0.39132052  0.13545021
0.37433730  0.13532886
0.35749120  0.13511869
0.34079431  0.13482186
0.32425942  0.13443906
0.30790000  0.13396949
0.29173028  0.13341080
0.27576522  0.13275900
0.26002056  0.13200847
0.24451281  0.13115189
0.22925931  0.13018015
0.21427820  0.12908237
0.19958848  0.12784579
0.18521000  0.12645575
0.17116350  0.12489564
0.15747063  0.12314684
0.14415394  0.12118868
0.13123695  0.11899837
0.11874410  0.11655099
0.10670084  0.11381940
0.09513360  0.11077420
0.08406985  0.10738370
0.07353805  0.10361384
0.06356777  0.09942818
0.05418962  0.09478780
0.04543531  0.08965130
0.03733766  0.08397472
0.02993063  0.07771148
0.02324933  0.07081238
0.01733003  0.06322548
0.01221019  0.05489613
0.00792850  0.04576683
0.00452485  0.03577728
0.00204040  0.02486425
0.00051754  0.01296154
0.00000000  0.00000000
0.00000000  0.00000000
0.00051754  -0.01076552
0.00204040  -0.02066454
0.00452485  -0.02970884
0.00792850  -0.03791309
0.01221019  -0.04529468
0.01733003  -0.05187354
0.02324933  -0.05767200
0.02993063  -0.06271462
0.03733766  -0.06702804
0.04543531  -0.07064080
0.05418962  -0.07358317
0.06356777  -0.07588704
0.07353805  -0.07758570
0.08406985  -0.07871370
0.09513360  -0.07930671
0.10670084  -0.07940131
0.11874410  -0.07903490
0.13123695  -0.07824545
0.14415394  -0.07707141
0.15747063  -0.07555153
0.17116350  -0.07372467
0.18521000  -0.07162967
0.19958848  -0.06930519
0.21427820  -0.06678952
0.22925931  -0.06412044
0.24451281  -0.06133505
0.26002056  -0.05846963
0.27576522  -0.05555945
0.29173028  -0.05263861
0.30790000  -0.04973990
0.32425942  -0.04689462
0.34079431  -0.04413243
0.35749120  -0.04148119
0.37433730  -0.03896677
0.39132052  -0.03661292
0.40842945  -0.03444112
0.42565331  -0.03247037
0.44298198  -0.03071707
0.46040593  -0.02919483
0.47791625  -0.02791434
0.49550459  -0.02688318
0.51316314  -0.02610567
0.53088467  -0.02558272
0.54866242  -0.02531165
0.56649016  -0.02528602
0.58436214  -0.02549551
0.60227305  -0.02592572
0.62021803  -0.02655800
0.63819266  -0.02736935
0.65619289  -0.02833219
0.67421508  -0.02941423
0.69225594  -0.03057830
0.71031254  -0.03178222
0.72838225  -0.03297857
0.74646278  -0.03411461
0.76455210  -0.03513204
0.78264847  -0.03596692
0.80075038  -0.03654942
0.81885656  -0.03680374
0.83696596  -0.03664789
0.85507770  -0.03599356
0.87319109  -0.03474596
0.89130559  -0.03280363
0.90942079  -0.03005830
0.92753640  -0.02639472
0.94565221  -0.02169053
0.96376812  -0.01581604
0.98188406  -0.00863412
1.00000000  0.00000000
