NN5094
1.00000000  0.00000000
0.98188406  0.00626918
0.96376812  0.01226511
0.94565221  0.01798495
0.92753640  0.02342734
0.90942079  0.02859234
0.89130559  0.03348131
0.87319109  0.03809687
0.85507770  0.04244278
0.83696596  0.04652388
0.81885656  0.05034600
0.80075038  0.05391589
0.78264847  0.05724112
0.76455210  0.06032999
0.74646278  0.06319148
0.72838225  0.06583515
0.71031254  0.06827104
0.69225594  0.07050961
0.67421508  0.07256165
0.65619289  0.07443821
0.63819266  0.07615049
0.62021803  0.07770978
0.60227305  0.07912738
0.58436214  0.08041448
0.56649016  0.08158213
0.54866242  0.08264113
0.53088467  0.08360194
0.51316314  0.08447462
0.49550459  0.08526872
0.47791625  0.08599323
0.46040593  0.08665645
0.44298198  0.08726598
0.42565331  0.08782857
0.40842945  0.08835005
0.39132052  0.08883527
0.37433730  0.08928803
0.35749120  0.08971094
0.34079431  0.09010538
0.32425942  0.09047143
0.30790000  0.09080773
0.29173028  0.09111147
0.27576522  0.09137825
0.26002056  0.09160203
0.24451281  0.09177501
0.22925931  0.09188761
0.21427820  0.09192833
0.19958848  0.09188369
0.18521000  0.09173815
0.17116350  0.09147401
0.15747063  0.09107137
0.14415394  0.09050797
0.13123695  0.08975921
0.11874410  0.08879797
0.10670084  0.08759459
0.09513360  0.08611677
0.08406985  0.08432946
0.07353805  0.08219484
0.06356777  0.07967217
0.05418962  0.07671774
0.04543531  0.07328480
0.03733766  0.06932345
0.02993063  0.06478057
0.02324933  0.05959974
0.01733003  0.05372116
0.01221019  0.04708153
0.00792850  0.03961405
0.00452485  0.03124824
0.00204040  0.02190992
0.00051754  0.01152113
0.00000000  0.00000000
0.00000000  0.00000000
0.00051754  -0.00927827
0.00204040  -0.01763740
0.00452485  -0.02512268
0.00792850  -0.03177875
0.01221019  -0.03764948
0.01733003  -0.04277806
0.02324933  -0.04720690
0.02993063  -0.05097763
0.03733766  -0.05413107
0.04543531  -0.05670722
0.05418962  -0.05874523
0.06356777  -0.06028338
0.07353805  -0.06135903
0.08406985  -0.06200865
0.09513360  -0.06226773
0.10670084  -0.06217083
0.11874410  -0.06175149
0.13123695  -0.06104224
0.14415394  -0.06007458
0.15747063  -0.05887894
0.17116350  -0.05748467
0.18521000  -0.05592001
0.19958848  -0.05421206
0.21427820  -0.05238678
0.22925931  -0.05046893
0.24451281  -0.04848208
0.26002056  -0.04644858
0.27576522  -0.04438952
0.29173028  -0.04232471
0.30790000  -0.04027269
0.32425942  -0.03825064
0.34079431  -0.03627445
0.35749120  -0.03435859
0.37433730  -0.03251617
0.39132052  -0.03075888
0.40842945  -0.02909698
0.42565331  -0.02753925
0.44298198  -0.02609300
0.46040593  -0.02476403
0.47791625  -0.02355662
0.49550459  -0.02247348
0.51316314  -0.02151574
0.53088467  -0.02068295
0.54866242  -0.01997302
0.56649016  -0.01938220
0.58436214  -0.01890510
0.60227305  -0.01853460
0.62021803  -0.01826190
0.63819266  -0.01807643
0.65619289  -0.01796585
0.67421508  -0.01791607
0.69225594  -0.01791114
0.71031254  -0.01793330
0.72838225  -0.01796294
0.74646278  -0.01797854
0.76455210  -0.01795670
0.78264847  -0.01787207
0.80075038  -0.01769737
0.81885656  -0.01740333
0.83696596  -0.01695867
0.85507770  -0.01633011
0.87319109  -0.01548231
0.89130559  -0.01437785
0.90942079  -0.01297725
0.92753640  -0.01123889
0.94565221  -0.00911899
0.96376812  -0.00657166
0.98188406  -0.00354876
1.00000000  0.00000000
