NN502
1.00000000  0.00000000
0.98188406  0.01969916
0.96376812  0.03850969
0.94565221  0.05643108
0.92753640  0.07346488
0.90942079  0.08961458
0.89130559  0.10488556
0.87319109  0.11928496
0.85507770  0.13282160
0.83696596  0.14550591
0.81885656  0.15734981
0.80075038  0.16836665
0.78264847  0.17857109
0.76455210  0.18797901
0.74646278  0.19660746
0.72838225  0.20447453
0.71031254  0.21159926
0.69225594  0.21800156
0.67421508  0.22370214
0.65619289  0.22872237
0.63819266  0.23308425
0.62021803  0.23681025
0.60227305  0.23992330
0.58436214  0.24244661
0.56649016  0.24440366
0.54866242  0.24581806
0.53088467  0.24671348
0.51316314  0.24711354
0.49550459  0.24704176
0.47791625  0.24652142
0.46040593  0.24557550
0.44298198  0.24422658
0.42565331  0.24249675
0.40842945  0.24040752
0.39132052  0.23797973
0.37433730  0.23523347
0.35749120  0.23218796
0.34079431  0.22886148
0.32425942  0.22527129
0.30790000  0.22143352
0.29173028  0.21736308
0.27576522  0.21307359
0.26002056  0.20857726
0.24451281  0.20388482
0.22925931  0.19900543
0.21427820  0.19394657
0.19958848  0.18871398
0.18521000  0.18331152
0.17116350  0.17774115
0.15747063  0.17200278
0.14415394  0.16609419
0.13123695  0.16001098
0.11874410  0.15374643
0.10670084  0.14729142
0.09513360  0.14063436
0.08406985  0.13376108
0.07353805  0.12665476
0.06356777  0.11929581
0.05418962  0.11166181
0.04543531  0.10372739
0.03733766  0.09546416
0.02993063  0.08684061
0.02324933  0.07782204
0.01733003  0.06837042
0.01221019  0.05844437
0.00792850  0.04799901
0.00452485  0.03698588
0.00204040  0.02535288
0.00051754  0.01304416
0.00000000  0.00000000
0.00000000  0.00000000
0.00051754  0.00001746
0.00204040  0.00027363
0.00452485  0.00071691
0.00792850  0.00130011
0.01221019  0.00198027
0.01733003  0.00271856
0.02324933  0.00348011
0.02993063  0.00423384
0.03733766  0.00495236
0.04543531  0.00561177
0.05418962  0.00619154
0.06356777  0.00667439
0.07353805  0.00704606
0.08406985  0.00729525
0.09513360  0.00741342
0.10670084  0.00739466
0.11874410  0.00723554
0.13123695  0.00693495
0.14415394  0.00649397
0.15747063  0.00591571
0.17116350  0.00520518
0.18521000  0.00436912
0.19958848  0.00341584
0.21427820  0.00235511
0.22925931  0.00119800
0.24451281  -0.00004328
0.26002056  -0.00135553
0.27576522  -0.00272470
0.29173028  -0.00413603
0.30790000  -0.00557421
0.32425942  -0.00702352
0.34079431  -0.00846800
0.35749120  -0.00989156
0.37433730  -0.01127816
0.39132052  -0.01261194
0.40842945  -0.01387739
0.42565331  -0.01505947
0.44298198  -0.01614378
0.46040593  -0.01711668
0.47791625  -0.01796548
0.49550459  -0.01867855
0.51316314  -0.01924549
0.53088467  -0.01965728
0.54866242  -0.01990641
0.56649016  -0.01998703
0.58436214  -0.01989511
0.60227305  -0.01962860
0.62021803  -0.01918755
0.63819266  -0.01857426
0.65619289  -0.01779345
0.67421508  -0.01685239
0.69225594  -0.01576107
0.71031254  -0.01453231
0.72838225  -0.01318194
0.74646278  -0.01172894
0.76455210  -0.01019559
0.78264847  -0.00860760
0.80075038  -0.00699428
0.81885656  -0.00538869
0.83696596  -0.00382776
0.85507770  -0.00235248
0.87319109  -0.00100801
0.89130559  0.00015617
0.90942079  0.00108607
0.92753640  0.00172309
0.94565221  0.00200386
0.96376812  0.00186005
0.98188406  0.00121830
1.00000000  0.00000000
