NN5160
1.00000000  0.00000000
0.98188406  0.01280253
0.96376812  0.02558744
0.94565221  0.03832432
0.92753640  0.05098367
0.90942079  0.06353684
0.89130559  0.07595608
0.87319109  0.08821453
0.85507770  0.10028619
0.83696596  0.11214593
0.81885656  0.12376953
0.80075038  0.13513361
0.78264847  0.14621568
0.76455210  0.15699412
0.74646278  0.16744819
0.72838225  0.17755801
0.71031254  0.18730458
0.69225594  0.19666974
0.67421508  0.20563624
0.65619289  0.21418767
0.63819266  0.22230848
0.62021803  0.22998400
0.60227305  0.23720042
0.58436214  0.24394478
0.56649016  0.25020499
0.54866242  0.25596982
0.53088467  0.26122889
0.51316314  0.26597268
0.49550459  0.27019254
0.47791625  0.27388065
0.46040593  0.27703007
0.44298198  0.27963469
0.42565331  0.28168925
0.40842945  0.28318937
0.39132052  0.28413149
0.37433730  0.28451291
0.35749120  0.28433177
0.34079431  0.28358706
0.32425942  0.28227862
0.30790000  0.28040713
0.29173028  0.27797409
0.27576522  0.27498189
0.26002056  0.27143371
0.24451281  0.26733359
0.22925931  0.26268642
0.21427820  0.25749792
0.19958848  0.25177461
0.18521000  0.24552391
0.17116350  0.23875401
0.15747063  0.23147397
0.14415394  0.22369368
0.13123695  0.21542383
0.11874410  0.20667597
0.10670084  0.19746247
0.09513360  0.18779652
0.08406985  0.17769214
0.07353805  0.16716417
0.06356777  0.15622827
0.05418962  0.14490093
0.04543531  0.13319947
0.03733766  0.12114200
0.02993063  0.10874747
0.02324933  0.09603566
0.01733003  0.08302713
0.01221019  0.06974328
0.00792850  0.05620632
0.00452485  0.04243928
0.00204040  0.02846598
0.00051754  0.01431107
0.00000000  0.00000000
0.00000000  0.00000000
0.00051754  -0.00564029
0.00204040  -0.01097124
0.00452485  -0.01600171
0.00792850  -0.02074071
0.01221019  -0.02519737
0.01733003  -0.02938091
0.02324933  -0.03330063
0.02993063  -0.03696588
0.03733766  -0.04038604
0.04543531  -0.04357050
0.05418962  -0.04652864
0.06356777  -0.04926980
0.07353805  -0.05180326
0.08406985  -0.05413821
0.09513360  -0.05628375
0.10670084  -0.05824886
0.11874410  -0.06004236
0.13123695  -0.06167289
0.14415394  -0.06314893
0.15747063  -0.06447870
0.17116350  -0.06567023
0.18521000  -0.06673126
0.19958848  -0.06766926
0.21427820  -0.06849138
0.22925931  -0.06920447
0.24451281  -0.06981502
0.26002056  -0.07032913
0.27576522  -0.07075253
0.29173028  -0.07109053
0.30790000  -0.07134800
0.32425942  -0.07152935
0.34079431  -0.07163850
0.35749120  -0.07167888
0.37433730  -0.07165338
0.39132052  -0.07156435
0.40842945  -0.07141356
0.42565331  -0.07120220
0.44298198  -0.07093081
0.46040593  -0.07059934
0.47791625  -0.07020703
0.49550459  -0.06975248
0.51316314  -0.06923356
0.53088467  -0.06864741
0.54866242  -0.06799044
0.56649016  -0.06725826
0.58436214  -0.06644571
0.60227305  -0.06554680
0.62021803  -0.06455470
0.63819266  -0.06346172
0.65619289  -0.06225930
0.67421508  -0.06093795
0.69225594  -0.05948727
0.71031254  -0.05789589
0.72838225  -0.05615149
0.74646278  -0.05424074
0.76455210  -0.05214929
0.78264847  -0.04986176
0.80075038  -0.04736171
0.81885656  -0.04463160
0.83696596  -0.04165279
0.85507770  -0.03840551
0.87319109  -0.03486885
0.89130559  -0.03102071
0.90942079  -0.02683780
0.92753640  -0.02229561
0.94565221  -0.01736839
0.96376812  -0.01202913
0.98188406  -0.00624954
1.00000000  0.00000000
