NN5448
1.00000000  0.00000000
0.98188406  0.00709527
0.96376812  0.01362982
0.94565221  0.01965851
0.92753640  0.02523276
0.90942079  0.03040066
0.89130559  0.03520700
0.87319109  0.03969339
0.85507770  0.04389834
0.83696596  0.04785733
0.81885656  0.05160289
0.80075038  0.05516469
0.78264847  0.05856964
0.76455210  0.06184191
0.74646278  0.06500309
0.72838225  0.06807223
0.71031254  0.07106592
0.69225594  0.07399838
0.67421508  0.07688154
0.65619289  0.07972515
0.63819266  0.08253680
0.62021803  0.08532205
0.60227305  0.08808452
0.58436214  0.09082593
0.56649016  0.09354621
0.54866242  0.09624358
0.53088467  0.09891463
0.51316314  0.10155439
0.49550459  0.10415643
0.47791625  0.10671294
0.46040593  0.10921480
0.44298198  0.11165166
0.42565331  0.11401205
0.40842945  0.11628342
0.39132052  0.11845227
0.37433730  0.12050419
0.35749120  0.12242396
0.34079431  0.12419563
0.32425942  0.12580260
0.30790000  0.12722773
0.29173028  0.12845336
0.27576522  0.12946145
0.26002056  0.13023364
0.24451281  0.13075133
0.22925931  0.13099575
0.21427820  0.13094809
0.19958848  0.13058952
0.18521000  0.12990131
0.17116350  0.12886490
0.15747063  0.12746201
0.14415394  0.12567465
0.13123695  0.12348528
0.11874410  0.12087687
0.10670084  0.11783295
0.09513360  0.11433772
0.08406985  0.11037614
0.07353805  0.10593398
0.06356777  0.10099793
0.05418962  0.09555569
0.04543531  0.08959600
0.03733766  0.08310879
0.02993063  0.07608522
0.02324933  0.06851775
0.01733003  0.06040027
0.01221019  0.05172815
0.00792850  0.04249832
0.00452485  0.03270936
0.00204040  0.02236159
0.00051754  0.01145713
0.00000000  0.00000000
0.00000000  0.00000000
0.00051754  -0.00783799
0.00204040  -0.01522504
0.00452485  -0.02215876
0.00792850  -0.02863836
0.01221019  -0.03466455
0.01733003  -0.04023949
0.02324933  -0.04536677
0.02993063  -0.05005125
0.03733766  -0.05429910
0.04543531  -0.05811766
0.05418962  -0.06151540
0.06356777  -0.06450186
0.07353805  -0.06708759
0.08406985  -0.06928408
0.09513360  -0.07110366
0.10670084  -0.07255952
0.11874410  -0.07366554
0.13123695  -0.07443631
0.14415394  -0.07488703
0.15747063  -0.07503343
0.17116350  -0.07489176
0.18521000  -0.07447864
0.19958848  -0.07381109
0.21427820  -0.07290639
0.22925931  -0.07178207
0.24451281  -0.07045578
0.26002056  -0.06894531
0.27576522  -0.06726846
0.29173028  -0.06544298
0.30790000  -0.06348656
0.32425942  -0.06141669
0.34079431  -0.05925066
0.35749120  -0.05700544
0.37433730  -0.05469766
0.39132052  -0.05234352
0.40842945  -0.04995873
0.42565331  -0.04755847
0.44298198  -0.04515728
0.46040593  -0.04276901
0.47791625  -0.04040680
0.49550459  -0.03808294
0.51316314  -0.03580888
0.53088467  -0.03359509
0.54866242  -0.03145107
0.56649016  -0.02938523
0.58436214  -0.02740486
0.60227305  -0.02551603
0.62021803  -0.02372357
0.63819266  -0.02203095
0.65619289  -0.02044028
0.67421508  -0.01895220
0.69225594  -0.01756581
0.71031254  -0.01627864
0.72838225  -0.01508657
0.74646278  -0.01398374
0.76455210  -0.01296254
0.78264847  -0.01201348
0.80075038  -0.01112518
0.81885656  -0.01028429
0.83696596  -0.00947539
0.85507770  -0.00868098
0.87319109  -0.00788138
0.89130559  -0.00705468
0.90942079  -0.00617665
0.92753640  -0.00522072
0.94565221  -0.00415788
0.96376812  -0.00295662
0.98188406  -0.00158289
1.00000000  0.00000000
