NN5532
1.00000000  0.00000000
0.98188406  0.00612772
0.96376812  0.01219010
0.94565221  0.01818478
0.92753640  0.02410916
0.90942079  0.02996046
0.89130559  0.03573568
0.87319109  0.04143162
0.85507770  0.04704488
0.83696596  0.05257187
0.81885656  0.05800879
0.80075038  0.06335169
0.78264847  0.06859639
0.76455210  0.07373856
0.74646278  0.07877368
0.72838225  0.08369706
0.71031254  0.08850383
0.69225594  0.09318896
0.67421508  0.09774724
0.65619289  0.10217333
0.63819266  0.10646171
0.62021803  0.11060670
0.60227305  0.11460248
0.58436214  0.11844308
0.56649016  0.12212238
0.54866242  0.12563414
0.53088467  0.12897196
0.51316314  0.13212931
0.49550459  0.13509953
0.47791625  0.13787584
0.46040593  0.14045134
0.44298198  0.14281898
0.42565331  0.14497163
0.40842945  0.14690202
0.39132052  0.14860278
0.37433730  0.15006644
0.35749120  0.15128542
0.34079431  0.15225202
0.32425942  0.15295848
0.30790000  0.15339693
0.29173028  0.15355939
0.27576522  0.15343782
0.26002056  0.15302410
0.24451281  0.15231000
0.22925931  0.15128725
0.21427820  0.14994748
0.19958848  0.14828225
0.18521000  0.14628308
0.17116350  0.14394140
0.15747063  0.14124860
0.14415394  0.13819599
0.13123695  0.13477486
0.11874410  0.13097642
0.10670084  0.12679184
0.09513360  0.12221228
0.08406985  0.11722881
0.07353805  0.11183250
0.06356777  0.10601438
0.05418962  0.09976544
0.04543531  0.09307666
0.03733766  0.08593899
0.02993063  0.07834336
0.02324933  0.07028068
0.01733003  0.06174186
0.01221019  0.05271780
0.00792850  0.04319938
0.00452485  0.03317750
0.00204040  0.02264305
0.00051754  0.01158691
0.00000000  0.00000000
0.00000000  0.00000000
0.00051754  -0.00185003
0.00204040  -0.00342371
0.00452485  -0.00472097
0.00792850  -0.00574322
0.01221019  -0.00649325
0.01733003  -0.00697520
0.02324933  -0.00719445
0.02993063  -0.00715760
0.03733766  -0.00687236
0.04543531  -0.00634754
0.05418962  -0.00559292
0.06356777  -0.00461922
0.07353805  -0.00343804
0.08406985  -0.00206179
0.09513360  -0.00050359
0.10670084  0.00122274
0.11874410  0.00310280
0.13123695  0.00512162
0.14415394  0.00726379
0.15747063  0.00951345
0.17116350  0.01185444
0.18521000  0.01427030
0.19958848  0.01674437
0.21427820  0.01925982
0.22925931  0.02179977
0.24451281  0.02434732
0.26002056  0.02688561
0.27576522  0.02939791
0.29173028  0.03186767
0.30790000  0.03427859
0.32425942  0.03661469
0.34079431  0.03886036
0.35749120  0.04100045
0.37433730  0.04302032
0.39132052  0.04490591
0.40842945  0.04664379
0.42565331  0.04822127
0.44298198  0.04962640
0.46040593  0.05084811
0.47791625  0.05187621
0.49550459  0.05270151
0.51316314  0.05331582
0.53088467  0.05371209
0.54866242  0.05388445
0.56649016  0.05382822
0.58436214  0.05354007
0.60227305  0.05301802
0.62021803  0.05226152
0.63819266  0.05127153
0.65619289  0.05005057
0.67421508  0.04860281
0.69225594  0.04693409
0.71031254  0.04505203
0.72838225  0.04296609
0.74646278  0.04068760
0.76455210  0.03822987
0.78264847  0.03560824
0.80075038  0.03284012
0.81885656  0.02994511
0.83696596  0.02694501
0.85507770  0.02386393
0.87319109  0.02072832
0.89130559  0.01756706
0.90942079  0.01441153
0.92753640  0.01129564
0.94565221  0.00825593
0.96376812  0.00533163
0.98188406  0.00256472
1.00000000  0.00000000
