NN5994
1.00000000  0.00000000
0.98188406  0.00771743
0.96376812  0.01576421
0.94565221  0.02406606
0.92753640  0.03255333
0.90942079  0.04116081
0.89130559  0.04982768
0.87319109  0.05849730
0.85507770  0.06711719
0.83696596  0.07563879
0.81885656  0.08401745
0.80075038  0.09221223
0.78264847  0.10018578
0.76455210  0.10790427
0.74646278  0.11533722
0.72838225  0.12245737
0.71031254  0.12924061
0.69225594  0.13566578
0.67421508  0.14171464
0.65619289  0.14737163
0.63819266  0.15262387
0.62021803  0.15746093
0.60227305  0.16187479
0.58436214  0.16585966
0.56649016  0.16941187
0.54866242  0.17252977
0.53088467  0.17521358
0.51316314  0.17746527
0.49550459  0.17928845
0.47791625  0.18068822
0.46040593  0.18167110
0.44298198  0.18224483
0.42565331  0.18241832
0.40842945  0.18220146
0.39132052  0.18160507
0.37433730  0.18064069
0.35749120  0.17932055
0.34079431  0.17765735
0.32425942  0.17566423
0.30790000  0.17335457
0.29173028  0.17074191
0.27576522  0.16783982
0.26002056  0.16466175
0.24451281  0.16122095
0.22925931  0.15753032
0.21427820  0.15360227
0.19958848  0.14944864
0.18521000  0.14508053
0.17116350  0.14050822
0.15747063  0.13574101
0.14415394  0.13078712
0.13123695  0.12565355
0.11874410  0.12034598
0.10670084  0.11486861
0.09513360  0.10922407
0.08406985  0.10341327
0.07353805  0.09743532
0.06356777  0.09128734
0.05418962  0.08496440
0.04543531  0.07845935
0.03733766  0.07176271
0.02993063  0.06486259
0.02324933  0.05774448
0.01733003  0.05039121
0.01221019  0.04278277
0.00792850  0.03489622
0.00452485  0.02670553
0.00204040  0.01818152
0.00051754  0.00929166
0.00000000  0.00000000
0.00000000  0.00000000
0.00051754  -0.00565366
0.00204040  -0.01031331
0.00452485  -0.01410096
0.00792850  -0.01713031
0.01221019  -0.01950695
0.01733003  -0.02132864
0.02324933  -0.02268553
0.02993063  -0.02366041
0.03733766  -0.02432897
0.04543531  -0.02476004
0.05418962  -0.02501580
0.06356777  -0.02515209
0.07353805  -0.02521860
0.08406985  -0.02525915
0.09513360  -0.02531189
0.10670084  -0.02540962
0.11874410  -0.02557996
0.13123695  -0.02584563
0.14415394  -0.02622470
0.15747063  -0.02673081
0.17116350  -0.02737345
0.18521000  -0.02815818
0.19958848  -0.02908688
0.21427820  -0.03015799
0.22925931  -0.03136678
0.24451281  -0.03270555
0.26002056  -0.03416394
0.27576522  -0.03572909
0.29173028  -0.03738598
0.30790000  -0.03911759
0.32425942  -0.04090521
0.34079431  -0.04272864
0.35749120  -0.04456646
0.37433730  -0.04639627
0.39132052  -0.04819492
0.40842945  -0.04993880
0.42565331  -0.05160401
0.44298198  -0.05316669
0.46040593  -0.05460320
0.47791625  -0.05589039
0.49550459  -0.05700586
0.51316314  -0.05792817
0.53088467  -0.05863711
0.54866242  -0.05911396
0.56649016  -0.05934168
0.58436214  -0.05930521
0.60227305  -0.05899170
0.62021803  -0.05839074
0.63819266  -0.05749461
0.65619289  -0.05629856
0.67421508  -0.05480099
0.69225594  -0.05300374
0.71031254  -0.05091234
0.72838225  -0.04853624
0.74646278  -0.04588903
0.76455210  -0.04298875
0.78264847  -0.03985806
0.80075038  -0.03652456
0.81885656  -0.03302095
0.83696596  -0.02938537
0.85507770  -0.02566156
0.87319109  -0.02189916
0.89130559  -0.01815394
0.90942079  -0.01448804
0.92753640  -0.01097020
0.94565221  -0.00767605
0.96376812  -0.00468832
0.98188406  -0.00209707
1.00000000  0.00000000
