NN6068
1.00000000  0.00000000
0.98188406  0.01365130
0.96376812  0.02676478
0.94565221  0.03932225
0.92753640  0.05130850
0.90942079  0.06271120
0.89130559  0.07352075
0.87319109  0.08373020
0.85507770  0.09333512
0.83696596  0.10233347
0.81885656  0.11072551
0.80075038  0.11851365
0.78264847  0.12570237
0.76455210  0.13229810
0.74646278  0.13830905
0.72838225  0.14374517
0.71031254  0.14861800
0.69225594  0.15294052
0.67421508  0.15672709
0.65619289  0.15999332
0.63819266  0.16275592
0.62021803  0.16503262
0.60227305  0.16684204
0.58436214  0.16820357
0.56649016  0.16913727
0.54866242  0.16966372
0.53088467  0.16980395
0.51316314  0.16957929
0.49550459  0.16901127
0.47791625  0.16812148
0.46040593  0.16693150
0.44298198  0.16546272
0.42565331  0.16373629
0.40842945  0.16177295
0.39132052  0.15959295
0.37433730  0.15721593
0.35749120  0.15466075
0.34079431  0.15194547
0.32425942  0.14908716
0.30790000  0.14610179
0.29173028  0.14300415
0.27576522  0.13980770
0.26002056  0.13652447
0.24451281  0.13316496
0.22925931  0.12973796
0.21427820  0.12625053
0.19958848  0.12270778
0.18521000  0.11911284
0.17116350  0.11546670
0.15747063  0.11176809
0.14415394  0.10801341
0.13123695  0.10419654
0.11874410  0.10030878
0.10670084  0.09633874
0.09513360  0.09227215
0.08406985  0.08809186
0.07353805  0.08377760
0.06356777  0.07930595
0.05418962  0.07465021
0.04543531  0.06978024
0.03733766  0.06466240
0.02993063  0.05925939
0.02324933  0.05353016
0.01733003  0.04742978
0.01221019  0.04090933
0.00792850  0.03391580
0.00452485  0.02639192
0.00204040  0.01827612
0.00051754  0.00950235
0.00000000  0.00000000
0.00000000  0.00000000
0.00051754  -0.00257419
0.00204040  -0.00509300
0.00452485  -0.00757930
0.00792850  -0.01005242
0.01221019  -0.01252838
0.01733003  -0.01501998
0.02324933  -0.01753702
0.02993063  -0.02008640
0.03733766  -0.02267233
0.04543531  -0.02529646
0.05418962  -0.02795804
0.06356777  -0.03065412
0.07353805  -0.03337962
0.08406985  -0.03612759
0.09513360  -0.03888929
0.10670084  -0.04165440
0.11874410  -0.04441116
0.13123695  -0.04714651
0.14415394  -0.04984629
0.15747063  -0.05249536
0.17116350  -0.05507779
0.18521000  -0.05757698
0.19958848  -0.05997588
0.21427820  -0.06225707
0.22925931  -0.06440299
0.24451281  -0.06639606
0.26002056  -0.06821885
0.27576522  -0.06985424
0.29173028  -0.07128555
0.30790000  -0.07249677
0.32425942  -0.07347264
0.34079431  -0.07419886
0.35749120  -0.07466222
0.37433730  -0.07485077
0.39132052  -0.07475398
0.40842945  -0.07436292
0.42565331  -0.07367037
0.44298198  -0.07267101
0.46040593  -0.07136158
0.47791625  -0.06974104
0.49550459  -0.06781070
0.51316314  -0.06557444
0.53088467  -0.06303878
0.54866242  -0.06021313
0.56649016  -0.05710989
0.58436214  -0.05374463
0.60227305  -0.05013624
0.62021803  -0.04630710
0.63819266  -0.04228324
0.65619289  -0.03809448
0.67421508  -0.03377460
0.69225594  -0.02936151
0.71031254  -0.02489739
0.72838225  -0.02042886
0.74646278  -0.01600714
0.76455210  -0.01168821
0.78264847  -0.00753294
0.80075038  -0.00360730
0.81885656  0.00001752
0.83696596  0.00326494
0.85507770  0.00605283
0.87319109  0.00829335
0.89130559  0.00989280
0.90942079  0.01075143
0.92753640  0.01076334
0.94565221  0.00981626
0.96376812  0.00779143
0.98188406  0.00456343
1.00000000  0.00000000
