NN6174
1.00000000  0.00000000
0.98188406  0.01587848
0.96376812  0.03075873
0.94565221  0.04468163
0.92753640  0.05768631
0.90942079  0.06981017
0.89130559  0.08108898
0.87319109  0.09155688
0.85507770  0.10124652
0.83696596  0.11018903
0.81885656  0.11841411
0.80075038  0.12595010
0.78264847  0.13282403
0.76455210  0.13906166
0.74646278  0.14468754
0.72838225  0.14972509
0.71031254  0.15419661
0.69225594  0.15812339
0.67421508  0.16152574
0.65619289  0.16442302
0.63819266  0.16683375
0.62021803  0.16877561
0.60227305  0.17026555
0.58436214  0.17131981
0.56649016  0.17195399
0.54866242  0.17218308
0.53088467  0.17202156
0.51316314  0.17148344
0.49550459  0.17058229
0.47791625  0.16933132
0.46040593  0.16774343
0.44298198  0.16583129
0.42565331  0.16360735
0.40842945  0.16108392
0.39132052  0.15827324
0.37433730  0.15518751
0.35749120  0.15183896
0.34079431  0.14823991
0.32425942  0.14440282
0.30790000  0.14034033
0.29173028  0.13606535
0.27576522  0.13159109
0.26002056  0.12693113
0.24451281  0.12209945
0.22925931  0.11711053
0.21427820  0.11197937
0.19958848  0.10672156
0.18521000  0.10135333
0.17116350  0.09589162
0.15747063  0.09035411
0.14415394  0.08475930
0.13123695  0.07912657
0.11874410  0.07347621
0.10670084  0.06782948
0.09513360  0.06220870
0.08406985  0.05663726
0.07353805  0.05113971
0.06356777  0.04574181
0.05418962  0.04047055
0.04543531  0.03535428
0.03733766  0.03042268
0.02993063  0.02570688
0.02324933  0.02123950
0.01733003  0.01705467
0.01221019  0.01318816
0.00792850  0.00967734
0.00452485  0.00656133
0.00204040  0.00388100
0.00051754  0.00167904
0.00000000  0.00000000
0.00000000  0.00000000
0.00051754  -0.00441009
0.00204040  -0.00870196
0.00452485  -0.01287879
0.00792850  -0.01694384
0.01221019  -0.02090041
0.01733003  -0.02475182
0.02324933  -0.02850140
0.02993063  -0.03215244
0.03733766  -0.03570820
0.04543531  -0.03917185
0.05418962  -0.04254651
0.06356777  -0.04583515
0.07353805  -0.04904062
0.08406985  -0.05216561
0.09513360  -0.05521264
0.10670084  -0.05818401
0.11874410  -0.06108182
0.13123695  -0.06390790
0.14415394  -0.06666382
0.15747063  -0.06935085
0.17116350  -0.07196998
0.18521000  -0.07452181
0.19958848  -0.07700662
0.21427820  -0.07942430
0.22925931  -0.08177433
0.24451281  -0.08405578
0.26002056  -0.08626724
0.27576522  -0.08840686
0.29173028  -0.09047228
0.30790000  -0.09246064
0.32425942  -0.09436852
0.34079431  -0.09619195
0.35749120  -0.09792639
0.37433730  -0.09956668
0.39132052  -0.10110702
0.40842945  -0.10254099
0.42565331  -0.10386147
0.44298198  -0.10506067
0.46040593  -0.10613007
0.47791625  -0.10706040
0.49550459  -0.10784163
0.51316314  -0.10846298
0.53088467  -0.10891281
0.54866242  -0.10917869
0.56649016  -0.10924732
0.58436214  -0.10910454
0.60227305  -0.10873527
0.62021803  -0.10812353
0.63819266  -0.10725239
0.65619289  -0.10610397
0.67421508  -0.10465938
0.69225594  -0.10289875
0.71031254  -0.10080115
0.72838225  -0.09834461
0.74646278  -0.09550609
0.76455210  -0.09226144
0.78264847  -0.08858540
0.80075038  -0.08445156
0.81885656  -0.07983234
0.83696596  -0.07469899
0.85507770  -0.06902153
0.87319109  -0.06276875
0.89130559  -0.05590819
0.90942079  -0.04840613
0.92753640  -0.04022751
0.94565221  -0.03133598
0.96376812  -0.02169383
0.98188406  -0.01126199
1.00000000  0.00000000
