NN6144
1.00000000  0.00000000
0.98188406  0.00686155
0.96376812  0.01343317
0.94565221  0.01973042
0.92753640  0.02576806
0.90942079  0.03156008
0.89130559  0.03711967
0.87319109  0.04245926
0.85507770  0.04759050
0.83696596  0.05252429
0.81885656  0.05727076
0.80075038  0.06183931
0.78264847  0.06623860
0.76455210  0.07047654
0.74646278  0.07456034
0.72838225  0.07849647
0.71031254  0.08229070
0.69225594  0.08594809
0.67421508  0.08947302
0.65619289  0.09286914
0.63819266  0.09613947
0.62021803  0.09928631
0.60227305  0.10231131
0.58436214  0.10521547
0.56649016  0.10799910
0.54866242  0.11066191
0.53088467  0.11320292
0.51316314  0.11562055
0.49550459  0.11791259
0.47791625  0.12007620
0.46040593  0.12210793
0.44298198  0.12400372
0.42565331  0.12575894
0.40842945  0.12736833
0.39132052  0.12882607
0.37433730  0.13012575
0.35749120  0.13126041
0.34079431  0.13222250
0.32425942  0.13300394
0.30790000  0.13359609
0.29173028  0.13398976
0.27576522  0.13417524
0.26002056  0.13414228
0.24451281  0.13388013
0.22925931  0.13337750
0.21427820  0.13262260
0.19958848  0.13160317
0.18521000  0.13030642
0.17116350  0.12871909
0.15747063  0.12682744
0.14415394  0.12461727
0.13123695  0.12207390
0.11874410  0.11918221
0.10670084  0.11592661
0.09513360  0.11229109
0.08406985  0.10825918
0.07353805  0.10381400
0.06356777  0.09893824
0.05418962  0.09361419
0.04543531  0.08782370
0.03733766  0.08154827
0.02993063  0.07476895
0.02324933  0.06746645
0.01733003  0.05962107
0.01221019  0.05121276
0.00792850  0.04222109
0.00452485  0.03262529
0.00204040  0.02240421
0.00051754  0.01153639
0.00000000  0.00000000
0.00000000  0.00000000
0.00051754  -0.00785672
0.00204040  -0.01430107
0.00452485  -0.01946528
0.00792850  -0.02347418
0.01221019  -0.02644534
0.01733003  -0.02848932
0.02324933  -0.02970985
0.02993063  -0.03020402
0.03733766  -0.03006253
0.04543531  -0.02936981
0.05418962  -0.02820432
0.06356777  -0.02663868
0.07353805  -0.02473989
0.08406985  -0.02256953
0.09513360  -0.02018399
0.10670084  -0.01763464
0.11874410  -0.01496803
0.13123695  -0.01222611
0.14415394  -0.00944643
0.15747063  -0.00666232
0.17116350  -0.00390314
0.18521000  -0.00119440
0.19958848  0.00144194
0.21427820  0.00398734
0.22925931  0.00642645
0.24451281  0.00874693
0.26002056  0.01093921
0.27576522  0.01299631
0.29173028  0.01491365
0.30790000  0.01668883
0.32425942  0.01832145
0.34079431  0.01981286
0.35749120  0.02116602
0.37433730  0.02238526
0.39132052  0.02347609
0.40842945  0.02444499
0.42565331  0.02529922
0.44298198  0.02604661
0.46040593  0.02669536
0.47791625  0.02725383
0.49550459  0.02773038
0.51316314  0.02813310
0.53088467  0.02846965
0.54866242  0.02874707
0.56649016  0.02897154
0.58436214  0.02914821
0.60227305  0.02928099
0.62021803  0.02937233
0.63819266  0.02942305
0.65619289  0.02943211
0.67421508  0.02939642
0.69225594  0.02931064
0.71031254  0.02916698
0.72838225  0.02895500
0.74646278  0.02866139
0.76455210  0.02826979
0.78264847  0.02776056
0.80075038  0.02711063
0.81885656  0.02629323
0.83696596  0.02527777
0.85507770  0.02402954
0.87319109  0.02250959
0.89130559  0.02067451
0.90942079  0.01847619
0.92753640  0.01586165
0.94565221  0.01277285
0.96376812  0.00914646
0.98188406  0.00491367
1.00000000  0.00000000
