NN625
1.00000000  0.00000000
0.98188406  0.01128519
0.96376812  0.02240248
0.94565221  0.03332141
0.92753640  0.04401302
0.90942079  0.05444987
0.89130559  0.06460600
0.87319109  0.07445693
0.85507770  0.08397969
0.83696596  0.09315274
0.81885656  0.10195603
0.80075038  0.11037095
0.78264847  0.11838033
0.76455210  0.12596844
0.74646278  0.13312098
0.72838225  0.13982507
0.71031254  0.14606922
0.69225594  0.15184336
0.67421508  0.15713881
0.65619289  0.16194828
0.63819266  0.16626584
0.62021803  0.17008694
0.60227305  0.17340838
0.58436214  0.17622832
0.56649016  0.17854626
0.54866242  0.18036301
0.53088467  0.18168075
0.51316314  0.18250293
0.49550459  0.18283434
0.47791625  0.18268106
0.46040593  0.18205045
0.44298198  0.18095116
0.42565331  0.17939313
0.40842945  0.17738753
0.39132052  0.17494683
0.37433730  0.17208471
0.35749120  0.16881610
0.34079431  0.16515718
0.32425942  0.16112534
0.30790000  0.15673917
0.29173028  0.15201850
0.27576522  0.14698432
0.26002056  0.14165883
0.24451281  0.13606541
0.22925931  0.13022861
0.21427820  0.12417414
0.19958848  0.11792886
0.18521000  0.11152079
0.17116350  0.10497909
0.15747063  0.09833402
0.14415394  0.09161700
0.13123695  0.08486053
0.11874410  0.07809824
0.10670084  0.07136484
0.09513360  0.06469613
0.08406985  0.05812899
0.07353805  0.05170136
0.06356777  0.04545226
0.05418962  0.03942176
0.04543531  0.03365095
0.03733766  0.02818199
0.02993063  0.02305804
0.02324933  0.01832330
0.01733003  0.01402297
0.01221019  0.01020325
0.00792850  0.00691134
0.00452485  0.00419541
0.00204040  0.00210464
0.00051754  0.00068914
0.00000000  0.00000000
0.00000000  0.00000000
0.00051754  -0.01194366
0.00204040  -0.02236655
0.00452485  -0.03141008
0.00792850  -0.03920687
0.01221019  -0.04588100
0.01733003  -0.05154832
0.02324933  -0.05631666
0.02993063  -0.06028611
0.03733766  -0.06354929
0.04543531  -0.06619158
0.05418962  -0.06829144
0.06356777  -0.06992058
0.07353805  -0.07114432
0.08406985  -0.07202177
0.09513360  -0.07260614
0.10670084  -0.07294498
0.11874410  -0.07308043
0.13123695  -0.07304951
0.14415394  -0.07288437
0.15747063  -0.07261252
0.17116350  -0.07225715
0.18521000  -0.07183733
0.19958848  -0.07136830
0.21427820  -0.07086174
0.22925931  -0.07032601
0.24451281  -0.06976641
0.26002056  -0.06918546
0.27576522  -0.06858315
0.29173028  -0.06795720
0.30790000  -0.06730330
0.32425942  -0.06661543
0.34079431  -0.06588603
0.35749120  -0.06510636
0.37433730  -0.06426668
0.39132052  -0.06335655
0.40842945  -0.06236510
0.42565331  -0.06128125
0.44298198  -0.06009401
0.46040593  -0.05879272
0.47791625  -0.05736730
0.49550459  -0.05580856
0.51316314  -0.05410838
0.53088467  -0.05226005
0.54866242  -0.05025850
0.56649016  -0.04810052
0.58436214  -0.04578511
0.60227305  -0.04331364
0.62021803  -0.04069019
0.63819266  -0.03792177
0.65619289  -0.03501858
0.67421508  -0.03199430
0.69225594  -0.02886630
0.71031254  -0.02565597
0.72838225  -0.02238891
0.74646278  -0.01909524
0.76455210  -0.01580983
0.78264847  -0.01257259
0.80075038  -0.00942869
0.81885656  -0.00642887
0.83696596  -0.00362965
0.85507770  -0.00109364
0.87319109  0.00111026
0.89130559  0.00290652
0.90942079  0.00421280
0.92753640  0.00493964
0.94565221  0.00499020
0.96376812  0.00426004
0.98188406  0.00263680
1.00000000  0.00000000
