NN6292
1.00000000  0.00000000
0.98188406  0.01470637
0.96376812  0.02860984
0.94565221  0.04175373
0.92753640  0.05417882
0.90942079  0.06592348
0.89130559  0.07702367
0.87319109  0.08751307
0.85507770  0.09742310
0.83696596  0.10678302
0.81885656  0.11562001
0.80075038  0.12395917
0.78264847  0.13182369
0.76455210  0.13923482
0.74646278  0.14621202
0.72838225  0.15277296
0.71031254  0.15893366
0.69225594  0.16470848
0.67421508  0.17011025
0.65619289  0.17515033
0.63819266  0.17983864
0.62021803  0.18418377
0.60227305  0.18819302
0.58436214  0.19187252
0.56649016  0.19522721
0.54866242  0.19826100
0.53088467  0.20097677
0.51316314  0.20337649
0.49550459  0.20546126
0.47791625  0.20723138
0.46040593  0.20868642
0.44298198  0.20982531
0.42565331  0.21064637
0.40842945  0.21114740
0.39132052  0.21132578
0.37433730  0.21117847
0.35749120  0.21070214
0.34079431  0.20989319
0.32425942  0.20874787
0.30790000  0.20726231
0.29173028  0.20543261
0.27576522  0.20325487
0.26002056  0.20072533
0.24451281  0.19784037
0.22925931  0.19459661
0.21427820  0.19099097
0.19958848  0.18702076
0.18521000  0.18268373
0.17116350  0.17797811
0.15747063  0.17290275
0.14415394  0.16745712
0.13123695  0.16164142
0.11874410  0.15545663
0.10670084  0.14890459
0.09513360  0.14198805
0.08406985  0.13471077
0.07353805  0.12707756
0.06356777  0.11909435
0.05418962  0.11076829
0.04543531  0.10210779
0.03733766  0.09312257
0.02993063  0.08382378
0.02324933  0.07422404
0.01733003  0.06433751
0.01221019  0.05417995
0.00792850  0.04376881
0.00452485  0.03312329
0.00204040  0.02226439
0.00051754  0.01121501
0.00000000  0.00000000
0.00000000  0.00000000
0.00051754  -0.00007943
0.00204040  -0.00025200
0.00452485  -0.00053909
0.00792850  -0.00095892
0.01221019  -0.00152672
0.01733003  -0.00225480
0.02324933  -0.00315269
0.02993063  -0.00422728
0.03733766  -0.00548293
0.04543531  -0.00692156
0.05418962  -0.00854284
0.06356777  -0.01034425
0.07353805  -0.01232124
0.08406985  -0.01446733
0.09513360  -0.01677423
0.10670084  -0.01923201
0.11874410  -0.02182915
0.13123695  -0.02455271
0.14415394  -0.02738843
0.15747063  -0.03032089
0.17116350  -0.03333357
0.18521000  -0.03640903
0.19958848  -0.03952900
0.21427820  -0.04267450
0.22925931  -0.04582599
0.24451281  -0.04896347
0.26002056  -0.05206660
0.27576522  -0.05511484
0.29173028  -0.05808756
0.30790000  -0.06096416
0.32425942  -0.06372418
0.34079431  -0.06634748
0.35749120  -0.06881428
0.37433730  -0.07110534
0.39132052  -0.07320206
0.40842945  -0.07508661
0.42565331  -0.07674206
0.44298198  -0.07815247
0.46040593  -0.07930305
0.47791625  -0.08018026
0.49550459  -0.08077193
0.51316314  -0.08106740
0.53088467  -0.08105764
0.54866242  -0.08073534
0.56649016  -0.08009508
0.58436214  -0.07913343
0.60227305  -0.07784905
0.62021803  -0.07624285
0.63819266  -0.07431809
0.65619289  -0.07208051
0.67421508  -0.06953844
0.69225594  -0.06670296
0.71031254  -0.06358795
0.72838225  -0.06021031
0.74646278  -0.05658998
0.76455210  -0.05275014
0.78264847  -0.04871730
0.80075038  -0.04452141
0.81885656  -0.04019601
0.83696596  -0.03577834
0.85507770  -0.03130946
0.87319109  -0.02683437
0.89130559  -0.02240215
0.90942079  -0.01806604
0.92753640  -0.01388363
0.94565221  -0.00991691
0.96376812  -0.00623245
0.98188406  -0.00290146
1.00000000  0.00000000
