NN6389
1.00000000  0.00000000
0.98188406  0.00615319
0.96376812  0.01253208
0.94565221  0.01906929
0.92753640  0.02570215
0.90942079  0.03237258
0.89130559  0.03902690
0.87319109  0.04561576
0.85507770  0.05209399
0.83696596  0.05842046
0.81885656  0.06455792
0.80075038  0.07047293
0.78264847  0.07613568
0.76455210  0.08151986
0.74646278  0.08660257
0.72838225  0.09136412
0.71031254  0.09578795
0.69225594  0.09986048
0.67421508  0.10357096
0.65619289  0.10691138
0.63819266  0.10987629
0.62021803  0.11246271
0.60227305  0.11466996
0.58436214  0.11649954
0.56649016  0.11795502
0.54866242  0.11904187
0.53088467  0.11976736
0.51316314  0.12014040
0.49550459  0.12017142
0.47791625  0.11987225
0.46040593  0.11925597
0.44298198  0.11833678
0.42565331  0.11712987
0.40842945  0.11565128
0.39132052  0.11391778
0.37433730  0.11194673
0.35749120  0.10975596
0.34079431  0.10736361
0.32425942  0.10478802
0.30790000  0.10204758
0.29173028  0.09916063
0.27576522  0.09614530
0.26002056  0.09301935
0.24451281  0.08980011
0.22925931  0.08650429
0.21427820  0.08314787
0.19958848  0.07974595
0.18521000  0.07631265
0.17116350  0.07286093
0.15747063  0.06940250
0.14415394  0.06594767
0.13123695  0.06250521
0.11874410  0.05908224
0.10670084  0.05568408
0.09513360  0.05231409
0.08406985  0.04897362
0.07353805  0.04566178
0.06356777  0.04237538
0.05418962  0.03910875
0.04543531  0.03585363
0.03733766  0.03259905
0.02993063  0.02933117
0.02324933  0.02603316
0.01733003  0.02268505
0.01221019  0.01926364
0.00792850  0.01574234
0.00452485  0.01209100
0.00204040  0.00827587
0.00051754  0.00425936
0.00000000  0.00000000
0.00000000  0.00000000
0.00051754  -0.00347810
0.00204040  -0.00635157
0.00452485  -0.00867538
0.00792850  -0.01050177
0.01221019  -0.01188037
0.01733003  -0.01285824
0.02324933  -0.01347988
0.02993063  -0.01378736
0.03733766  -0.01382032
0.04543531  -0.01361606
0.05418962  -0.01320956
0.06356777  -0.01263356
0.07353805  -0.01191862
0.08406985  -0.01109315
0.09513360  -0.01018351
0.10670084  -0.00921401
0.11874410  -0.00820700
0.13123695  -0.00718293
0.14415394  -0.00616037
0.15747063  -0.00515612
0.17116350  -0.00418521
0.18521000  -0.00326100
0.19958848  -0.00239520
0.21427820  -0.00159795
0.22925931  -0.00087787
0.24451281  -0.00024211
0.26002056  0.00030359
0.27576522  0.00075486
0.29173028  0.00110860
0.30790000  0.00136298
0.32425942  0.00151735
0.34079431  0.00157219
0.35749120  0.00152907
0.37433730  0.00139057
0.39132052  0.00116024
0.40842945  0.00084255
0.42565331  0.00044281
0.44298198  -0.00003286
0.46040593  -0.00057760
0.47791625  -0.00118386
0.49550459  -0.00184344
0.51316314  -0.00254760
0.53088467  -0.00328704
0.54866242  -0.00405202
0.56649016  -0.00483236
0.58436214  -0.00561757
0.60227305  -0.00639681
0.62021803  -0.00715902
0.63819266  -0.00789296
0.65619289  -0.00858725
0.67421508  -0.00923041
0.69225594  -0.00981098
0.71031254  -0.01031749
0.72838225  -0.01073860
0.74646278  -0.01106307
0.76455210  -0.01127991
0.78264847  -0.01137835
0.80075038  -0.01134793
0.81885656  -0.01117859
0.83696596  -0.01086066
0.85507770  -0.01038497
0.87319109  -0.00974286
0.89130559  -0.00892628
0.90942079  -0.00792782
0.92753640  -0.00674076
0.94565221  -0.00535916
0.96376812  -0.00377786
0.98188406  -0.00199259
1.00000000  0.00000000
