NN6388
1.00000000  0.00000000
0.98188406  0.01817228
0.96376812  0.03525244
0.94565221  0.05125781
0.92753640  0.06620719
0.90942079  0.08012078
0.89130559  0.09302012
0.87319109  0.10492795
0.85507770  0.11586822
0.83696596  0.12586594
0.81885656  0.13494713
0.80075038  0.14313875
0.78264847  0.15046861
0.76455210  0.15696530
0.74646278  0.16265809
0.72838225  0.16757689
0.71031254  0.17175213
0.69225594  0.17521472
0.67421508  0.17799596
0.65619289  0.18012743
0.63819266  0.18164097
0.62021803  0.18256855
0.60227305  0.18294222
0.58436214  0.18279402
0.56649016  0.18215593
0.54866242  0.18105975
0.53088467  0.17953703
0.51316314  0.17761904
0.49550459  0.17533661
0.47791625  0.17272015
0.46040593  0.16979946
0.44298198  0.16660377
0.42565331  0.16316157
0.40842945  0.15950057
0.39132052  0.15564763
0.37433730  0.15162865
0.35749120  0.14746853
0.34079431  0.14319107
0.32425942  0.13881888
0.30790000  0.13437336
0.29173028  0.12987453
0.27576522  0.12534103
0.26002056  0.12079002
0.24451281  0.11623707
0.22925931  0.11169614
0.21427820  0.10717944
0.19958848  0.10269741
0.18521000  0.09825860
0.17116350  0.09386962
0.15747063  0.08953501
0.14415394  0.08525726
0.13123695  0.08103662
0.11874410  0.07687110
0.10670084  0.07275638
0.09513360  0.06868569
0.08406985  0.06464977
0.07353805  0.06063680
0.06356777  0.05663228
0.05418962  0.05261900
0.04543531  0.04857693
0.03733766  0.04448314
0.02993063  0.04031175
0.02324933  0.03603383
0.01733003  0.03161733
0.01221019  0.02702699
0.00792850  0.02222428
0.00452485  0.01716731
0.00204040  0.01181076
0.00051754  0.00610580
0.00000000  0.00000000
0.00000000  0.00000000
0.00051754  -0.00392316
0.00204040  -0.00726678
0.00452485  -0.01006962
0.00792850  -0.01236898
0.01221019  -0.01420075
0.01733003  -0.01559940
0.02324933  -0.01659802
0.02993063  -0.01722837
0.03733766  -0.01752087
0.04543531  -0.01750467
0.05418962  -0.01720764
0.06356777  -0.01665644
0.07353805  -0.01587651
0.08406985  -0.01489211
0.09513360  -0.01372637
0.10670084  -0.01240129
0.11874410  -0.01093778
0.13123695  -0.00935570
0.14415394  -0.00767385
0.15747063  -0.00591005
0.17116350  -0.00408115
0.18521000  -0.00220302
0.19958848  -0.00029065
0.21427820  0.00164189
0.22925931  0.00358138
0.24451281  0.00551544
0.26002056  0.00743248
0.27576522  0.00932170
0.29173028  0.01117303
0.30790000  0.01297716
0.32425942  0.01472542
0.34079431  0.01640983
0.35749120  0.01802304
0.37433730  0.01955831
0.39132052  0.02100946
0.40842945  0.02237087
0.42565331  0.02363744
0.44298198  0.02480456
0.46040593  0.02586808
0.47791625  0.02682428
0.49550459  0.02766985
0.51316314  0.02840186
0.53088467  0.02901773
0.54866242  0.02951518
0.56649016  0.02989226
0.58436214  0.03014723
0.60227305  0.03027863
0.62021803  0.03028518
0.63819266  0.03016580
0.65619289  0.02991953
0.67421508  0.02954554
0.69225594  0.02904311
0.71031254  0.02841156
0.72838225  0.02765025
0.74646278  0.02675855
0.76455210  0.02573581
0.78264847  0.02458133
0.80075038  0.02329431
0.81885656  0.02187386
0.83696596  0.02031897
0.85507770  0.01862841
0.87319109  0.01680082
0.89130559  0.01483458
0.90942079  0.01272783
0.92753640  0.01047842
0.94565221  0.00808390
0.96376812  0.00554149
0.98188406  0.00284804
1.00000000  0.00000000
