NN6451
1.00000000  0.00000000
0.98188406  0.01394082
0.96376812  0.02728614
0.94565221  0.04002873
0.92753640  0.05216357
0.90942079  0.06368779
0.89130559  0.07460052
0.87319109  0.08490283
0.85507770  0.09459759
0.83696596  0.10368944
0.81885656  0.11218462
0.80075038  0.12009091
0.78264847  0.12741752
0.76455210  0.13417501
0.74646278  0.14037516
0.72838225  0.14603090
0.71031254  0.15115618
0.69225594  0.15576593
0.67421508  0.15987588
0.65619289  0.16350252
0.63819266  0.16666301
0.62021803  0.16937503
0.60227305  0.17165671
0.58436214  0.17352654
0.56649016  0.17500327
0.54866242  0.17610578
0.53088467  0.17685304
0.51316314  0.17726395
0.49550459  0.17735728
0.47791625  0.17715155
0.46040593  0.17666496
0.44298198  0.17591526
0.42565331  0.17491968
0.40842945  0.17369479
0.39132052  0.17225646
0.37433730  0.17061971
0.35749120  0.16879863
0.34079431  0.16680631
0.32425942  0.16465468
0.30790000  0.16235447
0.29173028  0.15991508
0.27576522  0.15734450
0.26002056  0.15464917
0.24451281  0.15183395
0.22925931  0.14890197
0.21427820  0.14585454
0.19958848  0.14269107
0.18521000  0.13940895
0.17116350  0.13600346
0.15747063  0.13246769
0.14415394  0.12879240
0.13123695  0.12496595
0.11874410  0.12097422
0.10670084  0.11680046
0.09513360  0.11242524
0.08406985  0.10782632
0.07353805  0.10297858
0.06356777  0.09785388
0.05418962  0.09242102
0.04543531  0.08664557
0.03733766  0.08048984
0.02993063  0.07391274
0.02324933  0.06686970
0.01733003  0.05931255
0.01221019  0.05118946
0.00792850  0.04244479
0.00452485  0.03301904
0.00204040  0.02284873
0.00051754  0.01186630
0.00000000  0.00000000
0.00000000  0.00000000
0.00051754  -0.00267184
0.00204040  -0.00468550
0.00452485  -0.00610457
0.00792850  -0.00698988
0.01221019  -0.00739956
0.01733003  -0.00738907
0.02324933  -0.00701123
0.02993063  -0.00631627
0.03733766  -0.00535185
0.04543531  -0.00416309
0.05418962  -0.00279264
0.06356777  -0.00128066
0.07353805  0.00033508
0.08406985  0.00201923
0.09513360  0.00373875
0.10670084  0.00546296
0.11874410  0.00716343
0.13123695  0.00881399
0.14415394  0.01039066
0.15747063  0.01187167
0.17116350  0.01323735
0.18521000  0.01447016
0.19958848  0.01555461
0.21427820  0.01647725
0.22925931  0.01722662
0.24451281  0.01779324
0.26002056  0.01816952
0.27576522  0.01834980
0.29173028  0.01833024
0.30790000  0.01810885
0.32425942  0.01768538
0.34079431  0.01706138
0.35749120  0.01624007
0.37433730  0.01522636
0.39132052  0.01402681
0.40842945  0.01264958
0.42565331  0.01110440
0.44298198  0.00940253
0.46040593  0.00755672
0.47791625  0.00558121
0.49550459  0.00349165
0.51316314  0.00130508
0.53088467  -0.00096009
0.54866242  -0.00328415
0.56649016  -0.00564608
0.58436214  -0.00802362
0.60227305  -0.01039331
0.62021803  -0.01273048
0.63819266  -0.01500935
0.65619289  -0.01720301
0.67421508  -0.01928348
0.69225594  -0.02122174
0.71031254  -0.02298780
0.72838225  -0.02455065
0.74646278  -0.02587839
0.76455210  -0.02693822
0.78264847  -0.02769647
0.80075038  -0.02811865
0.81885656  -0.02816948
0.83696596  -0.02781293
0.85507770  -0.02701225
0.87319109  -0.02573002
0.89130559  -0.02392816
0.90942079  -0.02156797
0.92753640  -0.01861021
0.94565221  -0.01501507
0.96376812  -0.01074224
0.98188406  -0.00575095
1.00000000  0.00000000
