NN6606
1.00000000  0.00000000
0.98188406  0.01844798
0.96376812  0.03571329
0.94565221  0.05184336
0.92753640  0.06688376
0.90942079  0.08087821
0.89130559  0.09386866
0.87319109  0.10589536
0.85507770  0.11699691
0.83696596  0.12721029
0.81885656  0.13657098
0.80075038  0.14511293
0.78264847  0.15286869
0.76455210  0.15986946
0.74646278  0.16614509
0.72838225  0.17172422
0.71031254  0.17663425
0.69225594  0.18090148
0.67421508  0.18455111
0.65619289  0.18760732
0.63819266  0.19009333
0.62021803  0.19203144
0.60227305  0.19344312
0.58436214  0.19434901
0.56649016  0.19476905
0.54866242  0.19472248
0.53088467  0.19422793
0.51316314  0.19330346
0.49550459  0.19196662
0.47791625  0.19023452
0.46040593  0.18812387
0.44298198  0.18565103
0.42565331  0.18283212
0.40842945  0.17968302
0.39132052  0.17621943
0.37433730  0.17245697
0.35749120  0.16841120
0.34079431  0.16409770
0.32425942  0.15953210
0.30790000  0.15473017
0.29173028  0.14970785
0.27576522  0.14448132
0.26002056  0.13906707
0.24451281  0.13348192
0.22925931  0.12774312
0.21427820  0.12186839
0.19958848  0.11587595
0.18521000  0.10978463
0.17116350  0.10361390
0.15747063  0.09738390
0.14415394  0.09111556
0.13123695  0.08483059
0.11874410  0.07855160
0.10670084  0.07230211
0.09513360  0.06610663
0.08406985  0.05999070
0.07353805  0.05398097
0.06356777  0.04810526
0.05418962  0.04239257
0.04543531  0.03687320
0.03733766  0.03157878
0.02993063  0.02654230
0.02324933  0.02179821
0.01733003  0.01738247
0.01221019  0.01333258
0.00792850  0.00968766
0.00452485  0.00648852
0.00204040  0.00377768
0.00051754  0.00159945
0.00000000  0.00000000
0.00000000  0.00000000
0.00051754  -0.00184730
0.00204040  -0.00339559
0.00452485  -0.00467325
0.00792850  -0.00570710
0.01221019  -0.00652240
0.01733003  -0.00714294
0.02324933  -0.00759104
0.02993063  -0.00788760
0.03733766  -0.00805217
0.04543531  -0.00810292
0.05418962  -0.00805677
0.06356777  -0.00792935
0.07353805  -0.00773510
0.08406985  -0.00748726
0.09513360  -0.00719794
0.10670084  -0.00687817
0.11874410  -0.00653790
0.13123695  -0.00618608
0.14415394  -0.00583069
0.15747063  -0.00547874
0.17116350  -0.00513638
0.18521000  -0.00480888
0.19958848  -0.00450071
0.21427820  -0.00421555
0.22925931  -0.00395635
0.24451281  -0.00372537
0.26002056  -0.00352419
0.27576522  -0.00335380
0.29173028  -0.00321459
0.30790000  -0.00310643
0.32425942  -0.00302868
0.34079431  -0.00298026
0.35749120  -0.00295966
0.37433730  -0.00296499
0.39132052  -0.00299404
0.40842945  -0.00304427
0.42565331  -0.00311292
0.44298198  -0.00319699
0.46040593  -0.00329330
0.47791625  -0.00339856
0.49550459  -0.00350935
0.51316314  -0.00362220
0.53088467  -0.00373364
0.54866242  -0.00384021
0.56649016  -0.00393850
0.58436214  -0.00402522
0.60227305  -0.00409723
0.62021803  -0.00415154
0.63819266  -0.00418541
0.65619289  -0.00419634
0.67421508  -0.00418217
0.69225594  -0.00414103
0.71031254  -0.00407148
0.72838225  -0.00397247
0.74646278  -0.00384341
0.76455210  -0.00368424
0.78264847  -0.00349542
0.80075038  -0.00327800
0.81885656  -0.00303365
0.83696596  -0.00276468
0.85507770  -0.00247415
0.87319109  -0.00216581
0.89130559  -0.00184422
0.90942079  -0.00151476
0.92753640  -0.00118366
0.94565221  -0.00085806
0.96376812  -0.00054604
0.98188406  -0.00025666
1.00000000  0.00000000
