NN6718
1.00000000  0.00000000
0.98188406  0.00854862
0.96376812  0.01717954
0.94565221  0.02586549
0.92753640  0.03458008
0.90942079  0.04329788
0.89130559  0.05199436
0.87319109  0.06064589
0.85507770  0.06922968
0.83696596  0.07772386
0.81885656  0.08610738
0.80075038  0.09436001
0.78264847  0.10246237
0.76455210  0.11039588
0.74646278  0.11814274
0.72838225  0.12568593
0.71031254  0.13300921
0.69225594  0.14009706
0.67421508  0.14693473
0.65619289  0.15350816
0.63819266  0.15980401
0.62021803  0.16580962
0.60227305  0.17151302
0.58436214  0.17690290
0.56649016  0.18196858
0.54866242  0.18670005
0.53088467  0.19108787
0.51316314  0.19512325
0.49550459  0.19879796
0.47791625  0.20210437
0.46040593  0.20503538
0.44298198  0.20758447
0.42565331  0.20974564
0.40842945  0.21151339
0.39132052  0.21288275
0.37433730  0.21384923
0.35749120  0.21440880
0.34079431  0.21455792
0.32425942  0.21429347
0.30790000  0.21361278
0.29173028  0.21251358
0.27576522  0.21099401
0.26002056  0.20905261
0.24451281  0.20668828
0.22925931  0.20390027
0.21427820  0.20068821
0.19958848  0.19705202
0.18521000  0.19299196
0.17116350  0.18850859
0.15747063  0.18360276
0.14415394  0.17827557
0.13123695  0.17252841
0.11874410  0.16636290
0.10670084  0.15978087
0.09513360  0.15278441
0.08406985  0.14537578
0.07353805  0.13755742
0.06356777  0.12933197
0.05418962  0.12070219
0.04543531  0.11167103
0.03733766  0.10224153
0.02993063  0.09241686
0.02324933  0.08220030
0.01733003  0.07159518
0.01221019  0.06060495
0.00792850  0.04923307
0.00452485  0.03748308
0.00204040  0.02535853
0.00051754  0.01286298
0.00000000  0.00000000
0.00000000  0.00000000
0.00051754  -0.01376012
0.00204040  -0.02621531
0.00452485  -0.03742902
0.00792850  -0.04746295
0.01221019  -0.05637713
0.01733003  -0.06422989
0.02324933  -0.07107791
0.02993063  -0.07697626
0.03733766  -0.08197840
0.04543531  -0.08613620
0.05418962  -0.08950000
0.06356777  -0.09211859
0.07353805  -0.09403929
0.08406985  -0.09530792
0.09513360  -0.09596886
0.10670084  -0.09606504
0.11874410  -0.09563801
0.13123695  -0.09472795
0.14415394  -0.09337367
0.15747063  -0.09161265
0.17116350  -0.08948108
0.18521000  -0.08701388
0.19958848  -0.08424470
0.21427820  -0.08120597
0.22925931  -0.07792891
0.24451281  -0.07444357
0.26002056  -0.07077886
0.27576522  -0.06696253
0.29173028  -0.06302126
0.30790000  -0.05898063
0.32425942  -0.05486518
0.34079431  -0.05069841
0.35749120  -0.04650283
0.37433730  -0.04229996
0.39132052  -0.03811037
0.40842945  -0.03395372
0.42565331  -0.02984873
0.44298198  -0.02581327
0.46040593  -0.02186434
0.47791625  -0.01801814
0.49550459  -0.01429002
0.51316314  -0.01069459
0.53088467  -0.00724570
0.54866242  -0.00395644
0.56649016  -0.00083925
0.58436214  0.00209417
0.60227305  0.00483272
0.62021803  0.00736597
0.63819266  0.00968407
0.65619289  0.01177776
0.67421508  0.01363832
0.69225594  0.01525759
0.71031254  0.01662788
0.72838225  0.01774201
0.74646278  0.01859323
0.76455210  0.01917523
0.78264847  0.01948212
0.80075038  0.01950835
0.81885656  0.01924878
0.83696596  0.01869854
0.85507770  0.01785313
0.87319109  0.01670827
0.89130559  0.01525997
0.90942079  0.01350447
0.92753640  0.01143819
0.94565221  0.00905777
0.96376812  0.00635998
0.98188406  0.00334172
1.00000000  0.00000000
