NN6887
1.00000000  0.00000000
0.98188406  0.00991059
0.96376812  0.01912727
0.94565221  0.02770732
0.92753640  0.03570464
0.90942079  0.04316983
0.89130559  0.05015027
0.87319109  0.05669019
0.85507770  0.06283075
0.83696596  0.06861012
0.81885656  0.07406354
0.80075038  0.07922343
0.78264847  0.08411942
0.76455210  0.08877849
0.74646278  0.09322497
0.72838225  0.09748069
0.71031254  0.10156500
0.69225594  0.10549489
0.67421508  0.10928502
0.65619289  0.11294786
0.63819266  0.11649370
0.62021803  0.11993078
0.60227305  0.12326533
0.58436214  0.12650166
0.56649016  0.12964225
0.54866242  0.13268781
0.53088467  0.13563735
0.51316314  0.13848829
0.49550459  0.14123650
0.47791625  0.14387640
0.46040593  0.14640102
0.44298198  0.14880208
0.42565331  0.15107010
0.40842945  0.15319442
0.39132052  0.15516332
0.37433730  0.15696408
0.35749120  0.15858306
0.34079431  0.16000577
0.32425942  0.16121697
0.30790000  0.16220071
0.29173028  0.16294044
0.27576522  0.16341907
0.26002056  0.16361903
0.24451281  0.16352241
0.22925931  0.16311096
0.21427820  0.16236621
0.19958848  0.16126954
0.18521000  0.15980224
0.17116350  0.15794563
0.15747063  0.15568107
0.14415394  0.15299011
0.13123695  0.14985452
0.11874410  0.14625636
0.10670084  0.14217809
0.09513360  0.13760264
0.08406985  0.13251346
0.07353805  0.12689463
0.06356777  0.12073091
0.05418962  0.11400784
0.04543531  0.10671180
0.03733766  0.09883009
0.02993063  0.09035101
0.02324933  0.08126395
0.01733003  0.07155943
0.01221019  0.06122921
0.00792850  0.05026636
0.00452485  0.03866533
0.00204040  0.02642203
0.00051754  0.01353390
0.00000000  0.00000000
0.00000000  0.00000000
0.00051754  -0.00814571
0.00204040  -0.01520402
0.00452485  -0.02127221
0.00792850  -0.02644270
0.01221019  -0.03080315
0.01733003  -0.03443658
0.02324933  -0.03742142
0.02993063  -0.03983165
0.03733766  -0.04173688
0.04543531  -0.04320243
0.05418962  -0.04428948
0.06356777  -0.04505509
0.07353805  -0.04555237
0.08406985  -0.04583053
0.09513360  -0.04593499
0.10670084  -0.04590748
0.11874410  -0.04578615
0.13123695  -0.04560562
0.14415394  -0.04539714
0.15747063  -0.04518865
0.17116350  -0.04500486
0.18521000  -0.04486740
0.19958848  -0.04479487
0.21427820  -0.04480294
0.22925931  -0.04490449
0.24451281  -0.04510966
0.26002056  -0.04542597
0.27576522  -0.04585839
0.29173028  -0.04640948
0.30790000  -0.04707946
0.32425942  -0.04786631
0.34079431  -0.04876586
0.35749120  -0.04977190
0.37433730  -0.05087628
0.39132052  -0.05206897
0.40842945  -0.05333822
0.42565331  -0.05467061
0.44298198  -0.05605115
0.46040593  -0.05746338
0.47791625  -0.05888950
0.49550459  -0.06031041
0.51316314  -0.06170585
0.53088467  -0.06305448
0.54866242  -0.06433399
0.56649016  -0.06552118
0.58436214  -0.06659204
0.60227305  -0.06752191
0.62021803  -0.06828551
0.63819266  -0.06885707
0.65619289  -0.06921043
0.67421508  -0.06931912
0.69225594  -0.06915645
0.71031254  -0.06869565
0.72838225  -0.06790992
0.74646278  -0.06677255
0.76455210  -0.06525700
0.78264847  -0.06333703
0.80075038  -0.06098676
0.81885656  -0.05818079
0.83696596  -0.05489428
0.85507770  -0.05110306
0.87319109  -0.04678373
0.89130559  -0.04191374
0.90942079  -0.03647150
0.92753640  -0.03043646
0.94565221  -0.02378926
0.96376812  -0.01651174
0.98188406  -0.00858710
1.00000000  0.00000000
