NN7141
1.00000000  0.00000000
0.98188406  0.02143948
0.96376812  0.04147568
0.94565221  0.06017557
0.92753640  0.07760346
0.90942079  0.09382107
0.89130559  0.10888758
0.87319109  0.12285970
0.85507770  0.13579166
0.83696596  0.14773535
0.81885656  0.15874031
0.80075038  0.16885380
0.78264847  0.17812085
0.76455210  0.18658433
0.74646278  0.19428499
0.72838225  0.20126150
0.71031254  0.20755054
0.69225594  0.21318679
0.67421508  0.21820306
0.65619289  0.22263028
0.63819266  0.22649759
0.62021803  0.22983237
0.60227305  0.23266031
0.58436214  0.23500544
0.56649016  0.23689022
0.54866242  0.23833555
0.53088467  0.23936085
0.51316314  0.23998413
0.49550459  0.24022197
0.47791625  0.24008966
0.46040593  0.23960120
0.44298198  0.23876938
0.42565331  0.23760579
0.40842945  0.23612094
0.39132052  0.23432424
0.37433730  0.23222412
0.35749120  0.22982803
0.34079431  0.22714251
0.32425942  0.22417327
0.30790000  0.22092519
0.29173028  0.21740242
0.27576522  0.21360842
0.26002056  0.20954599
0.24451281  0.20521734
0.22925931  0.20062416
0.21427820  0.19576765
0.19958848  0.19064856
0.18521000  0.18526728
0.17116350  0.17962388
0.15747063  0.17371813
0.14415394  0.16754960
0.13123695  0.16111768
0.11874410  0.15442167
0.10670084  0.14746077
0.09513360  0.14023419
0.08406985  0.13274119
0.07353805  0.12498112
0.06356777  0.11695346
0.05418962  0.10865792
0.04543531  0.10009445
0.03733766  0.09126331
0.02993063  0.08216511
0.02324933  0.07280088
0.01733003  0.06317212
0.01221019  0.05328085
0.00792850  0.04312963
0.00452485  0.03272169
0.00204040  0.02206090
0.00051754  0.01115187
0.00000000  0.00000000
0.00000000  0.00000000
0.00051754  -0.00594679
0.00204040  -0.01202848
0.00452485  -0.01821169
0.00792850  -0.02446451
0.01221019  -0.03075642
0.01733003  -0.03705828
0.02324933  -0.04334233
0.02993063  -0.04958215
0.03733766  -0.05575268
0.04543531  -0.06183014
0.05418962  -0.06779207
0.06356777  -0.07361727
0.07353805  -0.07928580
0.08406985  -0.08477896
0.09513360  -0.09007928
0.10670084  -0.09517046
0.11874410  -0.10003741
0.13123695  -0.10466619
0.14415394  -0.10904400
0.15747063  -0.11315918
0.17116350  -0.11700115
0.18521000  -0.12056043
0.19958848  -0.12382862
0.21427820  -0.12679834
0.22925931  -0.12946326
0.24451281  -0.13181806
0.26002056  -0.13385840
0.27576522  -0.13558093
0.29173028  -0.13698324
0.30790000  -0.13806384
0.32425942  -0.13882220
0.34079431  -0.13925865
0.35749120  -0.13937440
0.37433730  -0.13917154
0.39132052  -0.13865298
0.40842945  -0.13782247
0.42565331  -0.13668454
0.44298198  -0.13524452
0.46040593  -0.13350850
0.47791625  -0.13148331
0.49550459  -0.12917652
0.51316314  -0.12659639
0.53088467  -0.12375188
0.54866242  -0.12065261
0.56649016  -0.11730887
0.58436214  -0.11373157
0.60227305  -0.10993222
0.62021803  -0.10592295
0.63819266  -0.10171645
0.65619289  -0.09732595
0.67421508  -0.09276526
0.69225594  -0.08804867
0.71031254  -0.08319099
0.72838225  -0.07820749
0.74646278  -0.07311392
0.76455210  -0.06792648
0.78264847  -0.06266176
0.80075038  -0.05733680
0.81885656  -0.05196897
0.83696596  -0.04657607
0.85507770  -0.04117619
0.87319109  -0.03578779
0.89130559  -0.03042962
0.90942079  -0.02512073
0.92753640  -0.01988043
0.94565221  -0.01472830
0.96376812  -0.00968413
0.98188406  -0.00476796
1.00000000  0.00000000
