NN7271
1.00000000  0.00000000
0.98188406  0.00228431
0.96376812  0.00496945
0.94565221  0.00802802
0.92753640  0.01143258
0.90942079  0.01515577
0.89130559  0.01917027
0.87319109  0.02344890
0.85507770  0.02796456
0.83696596  0.03269033
0.81885656  0.03759949
0.80075038  0.04266550
0.78264847  0.04786211
0.76455210  0.05316331
0.74646278  0.05854340
0.72838225  0.06397703
0.71031254  0.06943919
0.69225594  0.07490529
0.67421508  0.08035113
0.65619289  0.08575298
0.63819266  0.09108759
0.62021803  0.09633221
0.60227305  0.10146464
0.58436214  0.10646324
0.56649016  0.11130696
0.54866242  0.11597540
0.53088467  0.12044880
0.51316314  0.12470808
0.49550459  0.12873488
0.47791625  0.13251160
0.46040593  0.13602140
0.44298198  0.13924822
0.42565331  0.14217688
0.40842945  0.14479303
0.39132052  0.14708321
0.37433730  0.14903490
0.35749120  0.15063650
0.34079431  0.15187742
0.32425942  0.15274805
0.30790000  0.15323985
0.29173028  0.15334531
0.27576522  0.15305804
0.26002056  0.15237278
0.24451281  0.15128540
0.22925931  0.14979298
0.21427820  0.14789380
0.19958848  0.14558738
0.18521000  0.14287452
0.17116350  0.13975732
0.15747063  0.13623921
0.14415394  0.13232498
0.13123695  0.12802081
0.11874410  0.12333430
0.10670084  0.11827449
0.09513360  0.11285191
0.08406985  0.10707859
0.07353805  0.10096811
0.06356777  0.09453558
0.05418962  0.08779774
0.04543531  0.08077295
0.03733766  0.07348121
0.02993063  0.06594420
0.02324933  0.05818533
0.01733003  0.05022974
0.01221019  0.04210435
0.00792850  0.03383788
0.00452485  0.02546085
0.00204040  0.01700568
0.00051754  0.00850666
0.00000000  0.00000000
0.00000000  0.00000000
0.00051754  -0.00576724
0.00204040  -0.01093890
0.00452485  -0.01553637
0.00792850  -0.01958132
0.01221019  -0.02309565
0.01733003  -0.02610145
0.02324933  -0.02862101
0.02993063  -0.03067673
0.03733766  -0.03229113
0.04543531  -0.03348682
0.05418962  -0.03428643
0.06356777  -0.03471265
0.07353805  -0.03478810
0.08406985  -0.03453539
0.09513360  -0.03397705
0.10670084  -0.03313547
0.11874410  -0.03203294
0.13123695  -0.03069155
0.14415394  -0.02913319
0.15747063  -0.02737952
0.17116350  -0.02545194
0.18521000  -0.02337155
0.19958848  -0.02115911
0.21427820  -0.01883503
0.22925931  -0.01641933
0.24451281  -0.01393161
0.26002056  -0.01139099
0.27576522  -0.00881615
0.29173028  -0.00622522
0.30790000  -0.00363580
0.32425942  -0.00106489
0.34079431  0.00147109
0.35749120  0.00395639
0.37433730  0.00637591
0.39132052  0.00871526
0.40842945  0.01096080
0.42565331  0.01309963
0.44298198  0.01511967
0.46040593  0.01700966
0.47791625  0.01875920
0.49550459  0.02035878
0.51316314  0.02179982
0.53088467  0.02307467
0.54866242  0.02417671
0.56649016  0.02510029
0.58436214  0.02584083
0.60227305  0.02639483
0.62021803  0.02675989
0.63819266  0.02693476
0.65619289  0.02691937
0.67421508  0.02671483
0.69225594  0.02632351
0.71031254  0.02574903
0.72838225  0.02499632
0.74646278  0.02407162
0.76455210  0.02298255
0.78264847  0.02173811
0.80075038  0.02034874
0.81885656  0.01882631
0.83696596  0.01718419
0.85507770  0.01543726
0.87319109  0.01360196
0.89130559  0.01169629
0.90942079  0.00973988
0.92753640  0.00775398
0.94565221  0.00576153
0.96376812  0.00378717
0.98188406  0.00185728
1.00000000  0.00000000
