NN7437
1.00000000  0.00000000
0.98188406  0.00419540
0.96376812  0.00894033
0.94565221  0.01415140
0.92753640  0.01975004
0.90942079  0.02566239
0.89130559  0.03181912
0.87319109  0.03815535
0.85507770  0.04461054
0.83696596  0.05112834
0.81885656  0.05765646
0.80075038  0.06414659
0.78264847  0.07055425
0.76455210  0.07683866
0.74646278  0.08296265
0.72838225  0.08889251
0.71031254  0.09459787
0.69225594  0.10005161
0.67421508  0.10522969
0.65619289  0.11011108
0.63819266  0.11467759
0.62021803  0.11891377
0.60227305  0.12280681
0.58436214  0.12634638
0.56649016  0.12952452
0.54866242  0.13233555
0.53088467  0.13477590
0.51316314  0.13684403
0.49550459  0.13854025
0.47791625  0.13986670
0.46040593  0.14082710
0.44298198  0.14142675
0.42565331  0.14167232
0.40842945  0.14157176
0.39132052  0.14113421
0.37433730  0.14036983
0.35749120  0.13928968
0.34079431  0.13790564
0.32425942  0.13623026
0.30790000  0.13427662
0.29173028  0.13205827
0.27576522  0.12958903
0.26002056  0.12688293
0.24451281  0.12395406
0.22925931  0.12081645
0.21427820  0.11748395
0.19958848  0.11397013
0.18521000  0.11028812
0.17116350  0.10645051
0.15747063  0.10246924
0.14415394  0.09835545
0.13123695  0.09411937
0.11874410  0.08977021
0.10670084  0.08531604
0.09513360  0.08076364
0.08406985  0.07611841
0.07353805  0.07138422
0.06356777  0.06656331
0.05418962  0.06165617
0.04543531  0.05666141
0.03733766  0.05157563
0.02993063  0.04639330
0.02324933  0.04110667
0.01733003  0.03570560
0.01221019  0.03017748
0.00792850  0.02450708
0.00452485  0.01867644
0.00204040  0.01266475
0.00051754  0.00644823
0.00000000  0.00000000
0.00000000  0.00000000
0.00051754  -0.01342300
0.00204040  -0.02509412
0.00452485  -0.03514437
0.00792850  -0.04369866
0.01221019  -0.05087602
0.01733003  -0.05678965
0.02324933  -0.06154711
0.02993063  -0.06525045
0.03733766  -0.06799636
0.04543531  -0.06987629
0.05418962  -0.07097659
0.06356777  -0.07137865
0.07353805  -0.07115908
0.08406985  -0.07038978
0.09513360  -0.06913813
0.10670084  -0.06746711
0.11874410  -0.06543544
0.13123695  -0.06309775
0.14415394  -0.06050464
0.15747063  -0.05770293
0.17116350  -0.05473569
0.18521000  -0.05164246
0.19958848  -0.04845935
0.21427820  -0.04521920
0.22925931  -0.04195168
0.24451281  -0.03868349
0.26002056  -0.03543845
0.27576522  -0.03223766
0.29173028  -0.02909963
0.30790000  -0.02604044
0.32425942  -0.02307384
0.34079431  -0.02021144
0.35749120  -0.01746281
0.37433730  -0.01483562
0.39132052  -0.01233582
0.40842945  -0.00996773
0.42565331  -0.00773421
0.44298198  -0.00563678
0.46040593  -0.00367578
0.47791625  -0.00185049
0.49550459  -0.00015929
0.51316314  0.00140022
0.53088467  0.00283108
0.54866242  0.00413682
0.56649016  0.00532132
0.58436214  0.00638867
0.60227305  0.00734305
0.62021803  0.00818858
0.63819266  0.00892915
0.65619289  0.00956834
0.67421508  0.01010923
0.69225594  0.01055428
0.71031254  0.01090520
0.72838225  0.01116278
0.74646278  0.01132679
0.76455210  0.01139583
0.78264847  0.01136715
0.80075038  0.01123657
0.81885656  0.01099831
0.83696596  0.01064484
0.85507770  0.01016677
0.87319109  0.00955269
0.89130559  0.00878904
0.90942079  0.00785996
0.92753640  0.00674715
0.94565221  0.00542976
0.96376812  0.00388422
0.98188406  0.00208411
1.00000000  0.00000000
