NN762
1.00000000  0.00000000
0.98188406  0.01056154
0.96376812  0.02079369
0.94565221  0.03068585
0.92753640  0.04022905
0.90942079  0.04941586
0.89130559  0.05824032
0.87319109  0.06669786
0.85507770  0.07478524
0.83696596  0.08250049
0.81885656  0.08984281
0.80075038  0.09681253
0.78264847  0.10341101
0.76455210  0.10964062
0.74646278  0.11550458
0.72838225  0.12100700
0.71031254  0.12615271
0.69225594  0.13094725
0.67421508  0.13539679
0.65619289  0.13950804
0.63819266  0.14328819
0.62021803  0.14674485
0.60227305  0.14988595
0.58436214  0.15271970
0.56649016  0.15525452
0.54866242  0.15749894
0.53088467  0.15946154
0.51316314  0.16115092
0.49550459  0.16257555
0.47791625  0.16374378
0.46040593  0.16466372
0.44298198  0.16534318
0.42565331  0.16578961
0.40842945  0.16601001
0.39132052  0.16601089
0.37433730  0.16579817
0.35749120  0.16537711
0.34079431  0.16475227
0.32425942  0.16392740
0.30790000  0.16290540
0.29173028  0.16168823
0.27576522  0.16027685
0.26002056  0.15867115
0.24451281  0.15686986
0.22925931  0.15487052
0.21427820  0.15266935
0.19958848  0.15026124
0.18521000  0.14763965
0.17116350  0.14479654
0.15747063  0.14172228
0.14415394  0.13840563
0.13123695  0.13483363
0.11874410  0.13099153
0.10670084  0.12686274
0.09513360  0.12242875
0.08406985  0.11766904
0.07353805  0.11256104
0.06356777  0.10708005
0.05418962  0.10119916
0.04543531  0.09488918
0.03733766  0.08811857
0.02993063  0.08085339
0.02324933  0.07305721
0.01733003  0.06469102
0.01221019  0.05571320
0.00792850  0.04607943
0.00452485  0.03574263
0.00204040  0.02465285
0.00051754  0.01275725
0.00000000  0.00000000
0.00000000  0.00000000
0.00051754  -0.00530041
0.00204040  -0.01030712
0.00452485  -0.01503516
0.00792850  -0.01949880
0.01221019  -0.02371160
0.01733003  -0.02768640
0.02324933  -0.03143533
0.02993063  -0.03496984
0.03733766  -0.03830071
0.04543531  -0.04143808
0.05418962  -0.04439145
0.06356777  -0.04716970
0.07353805  -0.04978111
0.08406985  -0.05223336
0.09513360  -0.05453359
0.10670084  -0.05668837
0.11874410  -0.05870372
0.13123695  -0.06058515
0.14415394  -0.06233769
0.15747063  -0.06396584
0.17116350  -0.06547365
0.18521000  -0.06686472
0.19958848  -0.06814220
0.21427820  -0.06930881
0.22925931  -0.07036688
0.24451281  -0.07131834
0.26002056  -0.07216476
0.27576522  -0.07290731
0.29173028  -0.07354688
0.30790000  -0.07408398
0.32425942  -0.07451884
0.34079431  -0.07485140
0.35749120  -0.07508129
0.37433730  -0.07520792
0.39132052  -0.07523043
0.40842945  -0.07514775
0.42565331  -0.07495858
0.44298198  -0.07466143
0.46040593  -0.07425465
0.47791625  -0.07373639
0.49550459  -0.07310469
0.51316314  -0.07235744
0.53088467  -0.07149242
0.54866242  -0.07050730
0.56649016  -0.06939971
0.58436214  -0.06816715
0.60227305  -0.06680714
0.62021803  -0.06531710
0.63819266  -0.06369450
0.65619289  -0.06193675
0.67421508  -0.06004132
0.69225594  -0.05800569
0.71031254  -0.05582739
0.72838225  -0.05350403
0.74646278  -0.05103327
0.76455210  -0.04841291
0.78264847  -0.04564082
0.80075038  -0.04271503
0.81885656  -0.03963372
0.83696596  -0.03639519
0.85507770  -0.03299798
0.87319109  -0.02944076
0.89130559  -0.02572248
0.90942079  -0.02184225
0.92753640  -0.01779947
0.94565221  -0.01359379
0.96376812  -0.00922512
0.98188406  -0.00469368
1.00000000  0.00000000
