NN7794
1.00000000  0.00000000
0.98188406  0.01195199
0.96376812  0.02314871
0.94565221  0.03362909
0.92753640  0.04343052
0.90942079  0.05258893
0.89130559  0.06113878
0.87319109  0.06911312
0.85507770  0.07654352
0.83696596  0.08346020
0.81885656  0.08989194
0.80075038  0.09586620
0.78264847  0.10140903
0.76455210  0.10654521
0.74646278  0.11129814
0.72838225  0.11568997
0.71031254  0.11974155
0.69225594  0.12347247
0.67421508  0.12690107
0.65619289  0.13004448
0.63819266  0.13291859
0.62021803  0.13553815
0.60227305  0.13791668
0.58436214  0.14006660
0.56649016  0.14199915
0.54866242  0.14372448
0.53088467  0.14525164
0.51316314  0.14658858
0.49550459  0.14774220
0.47791625  0.14871835
0.46040593  0.14952186
0.44298198  0.15015654
0.42565331  0.15062521
0.40842945  0.15092972
0.39132052  0.15107097
0.37433730  0.15104892
0.35749120  0.15086260
0.34079431  0.15051015
0.32425942  0.14998882
0.30790000  0.14929501
0.29173028  0.14842426
0.27576522  0.14737128
0.26002056  0.14612997
0.24451281  0.14469345
0.22925931  0.14305405
0.21427820  0.14120335
0.19958848  0.13913219
0.18521000  0.13683069
0.17116350  0.13428827
0.15747063  0.13149367
0.14415394  0.12843494
0.13123695  0.12509951
0.11874410  0.12147417
0.10670084  0.11754510
0.09513360  0.11329787
0.08406985  0.10871750
0.07353805  0.10378843
0.06356777  0.09849458
0.05418962  0.09281933
0.04543531  0.08674556
0.03733766  0.08025568
0.02993063  0.07333161
0.02324933  0.06595483
0.01733003  0.05810640
0.01221019  0.04976695
0.00792850  0.04091672
0.00452485  0.03153557
0.00204040  0.02160302
0.00051754  0.01109821
0.00000000  0.00000000
0.00000000  0.00000000
0.00051754  -0.00603756
0.00204040  -0.01121822
0.00452485  -0.01562971
0.00792850  -0.01935352
0.01221019  -0.02246517
0.01733003  -0.02503437
0.02324933  -0.02712526
0.02993063  -0.02879660
0.03733766  -0.03010201
0.04543531  -0.03109015
0.05418962  -0.03180495
0.06356777  -0.03228580
0.07353805  -0.03256780
0.08406985  -0.03268191
0.09513360  -0.03265523
0.10670084  -0.03251115
0.11874410  -0.03226961
0.13123695  -0.03194727
0.14415394  -0.03155776
0.15747063  -0.03111183
0.17116350  -0.03061765
0.18521000  -0.03008092
0.19958848  -0.02950518
0.21427820  -0.02889193
0.22925931  -0.02824092
0.24451281  -0.02755028
0.26002056  -0.02681681
0.27576522  -0.02603615
0.29173028  -0.02520297
0.30790000  -0.02431124
0.32425942  -0.02335437
0.34079431  -0.02232550
0.35749120  -0.02121762
0.37433730  -0.02002387
0.39132052  -0.01873768
0.40842945  -0.01735304
0.42565331  -0.01586464
0.44298198  -0.01426816
0.46040593  -0.01256041
0.47791625  -0.01073960
0.49550459  -0.00880551
0.51316314  -0.00675970
0.53088467  -0.00460577
0.54866242  -0.00234950
0.56649016  0.00000090
0.58436214  0.00243455
0.60227305  0.00493776
0.62021803  0.00749378
0.63819266  0.01008256
0.65619289  0.01268061
0.67421508  0.01526072
0.69225594  0.01779179
0.71031254  0.02023863
0.72838225  0.02256169
0.74646278  0.02471692
0.76455210  0.02665550
0.78264847  0.02832368
0.80075038  0.02966254
0.81885656  0.03060777
0.83696596  0.03108949
0.85507770  0.03103201
0.87319109  0.03035366
0.89130559  0.02896653
0.90942079  0.02677627
0.92753640  0.02368193
0.94565221  0.01957567
0.96376812  0.01434261
0.98188406  0.00786060
1.00000000  0.00000000
