NN7901
1.00000000  0.00000000
0.98188406  0.02015389
0.96376812  0.03879061
0.94565221  0.05599601
0.92753640  0.07185208
0.90942079  0.08643708
0.89130559  0.09982559
0.87319109  0.11208866
0.85507770  0.12329382
0.83696596  0.13350523
0.81885656  0.14278371
0.80075038  0.15118690
0.78264847  0.15876929
0.76455210  0.16558232
0.74646278  0.17167448
0.72838225  0.17709139
0.71031254  0.18187590
0.69225594  0.18606815
0.67421508  0.18970567
0.65619289  0.19282350
0.63819266  0.19545422
0.62021803  0.19762809
0.60227305  0.19937310
0.58436214  0.20071507
0.56649016  0.20167775
0.54866242  0.20228290
0.53088467  0.20255037
0.51316314  0.20249819
0.49550459  0.20214266
0.47791625  0.20149846
0.46040593  0.20057868
0.44298198  0.19939498
0.42565331  0.19795762
0.40842945  0.19627557
0.39132052  0.19435661
0.37433730  0.19220739
0.35749120  0.18983354
0.34079431  0.18723974
0.32425942  0.18442985
0.30790000  0.18140692
0.29173028  0.17817335
0.27576522  0.17473095
0.26002056  0.17108101
0.24451281  0.16722444
0.22925931  0.16316180
0.21427820  0.15889340
0.19958848  0.15441943
0.18521000  0.14973998
0.17116350  0.14485521
0.15747063  0.13976536
0.14415394  0.13447086
0.13123695  0.12897247
0.11874410  0.12327127
0.10670084  0.11736886
0.09513360  0.11126735
0.08406985  0.10496950
0.07353805  0.09847880
0.06356777  0.09179955
0.05418962  0.08493695
0.04543531  0.07789718
0.03733766  0.07068753
0.02993063  0.06331640
0.02324933  0.05579350
0.01733003  0.04812984
0.01221019  0.04033786
0.00792850  0.03243154
0.00452485  0.02442644
0.00204040  0.01633982
0.00051754  0.00819070
0.00000000  0.00000000
0.00000000  0.00000000
0.00051754  -0.00217498
0.00204040  -0.00493488
0.00452485  -0.00819776
0.00792850  -0.01188681
0.01221019  -0.01593013
0.01733003  -0.02026063
0.02324933  -0.02481586
0.02993063  -0.02953790
0.03733766  -0.03437317
0.04543531  -0.03927233
0.05418962  -0.04419009
0.06356777  -0.04908511
0.07353805  -0.05391982
0.08406985  -0.05866030
0.09513360  -0.06327610
0.10670084  -0.06774015
0.11874410  -0.07202857
0.13123695  -0.07612052
0.14415394  -0.07999812
0.15747063  -0.08364620
0.17116350  -0.08705227
0.18521000  -0.09020629
0.19958848  -0.09310056
0.21427820  -0.09572957
0.22925931  -0.09808986
0.24451281  -0.10017985
0.26002056  -0.10199975
0.27576522  -0.10355135
0.29173028  -0.10483792
0.30790000  -0.10586405
0.32425942  -0.10663549
0.34079431  -0.10715906
0.35749120  -0.10744241
0.37433730  -0.10749398
0.39132052  -0.10732279
0.40842945  -0.10693829
0.42565331  -0.10635027
0.44298198  -0.10556867
0.46040593  -0.10460343
0.47791625  -0.10346438
0.49550459  -0.10216108
0.51316314  -0.10070266
0.53088467  -0.09909769
0.54866242  -0.09735403
0.56649016  -0.09547870
0.58436214  -0.09347772
0.60227305  -0.09135594
0.62021803  -0.08911697
0.63819266  -0.08676294
0.65619289  -0.08429445
0.67421508  -0.08171034
0.69225594  -0.07900759
0.71031254  -0.07618119
0.72838225  -0.07322396
0.74646278  -0.07012642
0.76455210  -0.06687663
0.78264847  -0.06346008
0.80075038  -0.05985952
0.81885656  -0.05605481
0.83696596  -0.05202278
0.85507770  -0.04773712
0.87319109  -0.04316817
0.89130559  -0.03828282
0.90942079  -0.03304437
0.92753640  -0.02741235
0.94565221  -0.02134240
0.96376812  -0.01478614
0.98188406  -0.00769098
1.00000000  0.00000000
