NN7912
1.00000000  0.00000000
0.98188406  0.00996696
0.96376812  0.01925309
0.94565221  0.02792636
0.92753640  0.03604938
0.90942079  0.04367957
0.89130559  0.05086937
0.87319109  0.05766637
0.85507770  0.06411352
0.83696596  0.07024931
0.81885656  0.07610790
0.80075038  0.08171935
0.78264847  0.08710977
0.76455210  0.09230149
0.74646278  0.09731326
0.72838225  0.10216040
0.71031254  0.10685499
0.69225594  0.11140605
0.67421508  0.11581969
0.65619289  0.12009932
0.63819266  0.12424582
0.62021803  0.12825768
0.60227305  0.13213123
0.58436214  0.13586077
0.56649016  0.13943877
0.54866242  0.14285605
0.53088467  0.14610194
0.51316314  0.14916446
0.49550459  0.15203049
0.47791625  0.15468599
0.46040593  0.15711609
0.44298198  0.15930536
0.42565331  0.16123791
0.40842945  0.16289764
0.39132052  0.16426832
0.37433730  0.16533386
0.35749120  0.16607844
0.34079431  0.16648668
0.32425942  0.16654385
0.30790000  0.16623599
0.29173028  0.16555015
0.27576522  0.16447453
0.26002056  0.16299866
0.24451281  0.16111357
0.22925931  0.15881198
0.21427820  0.15608848
0.19958848  0.15293969
0.18521000  0.14936442
0.17116350  0.14536391
0.15747063  0.14094193
0.14415394  0.13610500
0.13123695  0.13086255
0.11874410  0.12522713
0.10670084  0.11921453
0.09513360  0.11284397
0.08406985  0.10613834
0.07353805  0.09912428
0.06356777  0.09183241
0.05418962  0.08429752
0.04543531  0.07655871
0.03733766  0.06865957
0.02993063  0.06064837
0.02324933  0.05257824
0.01733003  0.04450734
0.01221019  0.03649902
0.00792850  0.02862202
0.00452485  0.02095062
0.00204040  0.01356485
0.00051754  0.00655064
0.00000000  0.00000000
0.00000000  0.00000000
0.00051754  -0.01190580
0.00204040  -0.02294109
0.00452485  -0.03311653
0.00792850  -0.04244445
0.01221019  -0.05093874
0.01733003  -0.05861485
0.02324933  -0.06548966
0.02993063  -0.07158143
0.03733766  -0.07690976
0.04543531  -0.08149547
0.05418962  -0.08536059
0.06356777  -0.08852823
0.07353805  -0.09102255
0.08406985  -0.09286869
0.09513360  -0.09409270
0.10670084  -0.09472143
0.11874410  -0.09478254
0.13123695  -0.09430435
0.14415394  -0.09331584
0.15747063  -0.09184653
0.17116350  -0.08992644
0.18521000  -0.08758600
0.19958848  -0.08485601
0.21427820  -0.08176754
0.22925931  -0.07835189
0.24451281  -0.07464050
0.26002056  -0.07066488
0.27576522  -0.06645657
0.29173028  -0.06204704
0.30790000  -0.05746762
0.32425942  -0.05274946
0.34079431  -0.04792345
0.35749120  -0.04302013
0.37433730  -0.03806965
0.39132052  -0.03310167
0.40842945  -0.02814533
0.42565331  -0.02322915
0.44298198  -0.01838099
0.46040593  -0.01362792
0.47791625  -0.00899626
0.49550459  -0.00451138
0.51316314  -0.00019774
0.53088467  0.00392123
0.54866242  0.00782320
0.56649016  0.01148700
0.58436214  0.01489266
0.60227305  0.01802154
0.62021803  0.02085636
0.63819266  0.02338125
0.65619289  0.02558187
0.67421508  0.02744544
0.69225594  0.02896081
0.71031254  0.03011856
0.72838225  0.03091104
0.74646278  0.03133243
0.76455210  0.03137884
0.78264847  0.03104838
0.80075038  0.03034117
0.81885656  0.02925950
0.83696596  0.02780782
0.85507770  0.02599283
0.87319109  0.02382359
0.89130559  0.02131154
0.90942079  0.01847058
0.92753640  0.01531714
0.94565221  0.01187028
0.96376812  0.00815169
0.98188406  0.00418585
1.00000000  0.00000000
