NN8236
1.00000000  0.00000000
0.98188406  0.01443660
0.96376812  0.02810207
0.94565221  0.04101254
0.92753640  0.05318476
0.90942079  0.06463602
0.89130559  0.07538413
0.87319109  0.08544735
0.85507770  0.09484434
0.83696596  0.10359413
0.81885656  0.11171605
0.80075038  0.11922969
0.78264847  0.12615486
0.76455210  0.13251151
0.74646278  0.13831972
0.72838225  0.14359963
0.71031254  0.14837137
0.69225594  0.15265506
0.67421508  0.15647071
0.65619289  0.15983822
0.63819266  0.16277727
0.62021803  0.16530734
0.60227305  0.16744760
0.58436214  0.16921689
0.56649016  0.17063368
0.54866242  0.17171599
0.53088467  0.17248137
0.51316314  0.17294683
0.49550459  0.17312881
0.47791625  0.17304310
0.46040593  0.17270483
0.44298198  0.17212839
0.42565331  0.17132739
0.40842945  0.17031461
0.39132052  0.16910197
0.37433730  0.16770043
0.35749120  0.16612001
0.34079431  0.16436968
0.32425942  0.16245734
0.30790000  0.16038977
0.29173028  0.15817256
0.27576522  0.15581010
0.26002056  0.15330549
0.24451281  0.15066051
0.22925931  0.14787557
0.21427820  0.14494966
0.19958848  0.14188030
0.18521000  0.13866347
0.17116350  0.13529362
0.15747063  0.13176355
0.14415394  0.12806439
0.13123695  0.12418557
0.11874410  0.12011474
0.10670084  0.11583773
0.09513360  0.11133853
0.08406985  0.10659917
0.07353805  0.10159976
0.06356777  0.09631836
0.05418962  0.09073099
0.04543531  0.08481154
0.03733766  0.07853174
0.02993063  0.07186113
0.02324933  0.06476695
0.01733003  0.05721416
0.01221019  0.04916534
0.00792850  0.04058068
0.00452485  0.03141789
0.00204040  0.02163218
0.00051754  0.01117620
0.00000000  0.00000000
0.00000000  0.00000000
0.00051754  -0.00419464
0.00204040  -0.00817640
0.00452485  -0.01198026
0.00792850  -0.01563804
0.01221019  -0.01917851
0.01733003  -0.02262745
0.02324933  -0.02600781
0.02993063  -0.02933975
0.03733766  -0.03264077
0.04543531  -0.03592581
0.05418962  -0.03920733
0.06356777  -0.04249542
0.07353805  -0.04579790
0.08406985  -0.04912043
0.09513360  -0.05246656
0.10670084  -0.05583791
0.11874410  -0.05923418
0.13123695  -0.06265332
0.14415394  -0.06609159
0.15747063  -0.06954367
0.17116350  -0.07300276
0.18521000  -0.07646067
0.19958848  -0.07990793
0.21427820  -0.08333388
0.22925931  -0.08672677
0.24451281  -0.09007388
0.26002056  -0.09336157
0.27576522  -0.09657544
0.29173028  -0.09970037
0.30790000  -0.10272065
0.32425942  -0.10562010
0.34079431  -0.10838210
0.35749120  -0.11098978
0.37433730  -0.11342604
0.39132052  -0.11567368
0.40842945  -0.11771551
0.42565331  -0.11953444
0.44298198  -0.12111354
0.46040593  -0.12243623
0.47791625  -0.12348628
0.49550459  -0.12424796
0.51316314  -0.12470615
0.53088467  -0.12484639
0.54866242  -0.12465504
0.56649016  -0.12411931
0.58436214  -0.12322742
0.60227305  -0.12196867
0.62021803  -0.12033354
0.63819266  -0.11831379
0.65619289  -0.11590256
0.67421508  -0.11309446
0.69225594  -0.10988571
0.71031254  -0.10627416
0.72838225  -0.10225947
0.74646278  -0.09784315
0.76455210  -0.09302870
0.78264847  -0.08782169
0.80075038  -0.08222984
0.81885656  -0.07626316
0.83696596  -0.06993401
0.85507770  -0.06325722
0.87319109  -0.05625021
0.89130559  -0.04893301
0.90942079  -0.04132847
0.92753640  -0.03346226
0.94565221  -0.02536302
0.96376812  -0.01706245
0.98188406  -0.00859540
1.00000000  0.00000000
