NN8229
1.00000000  0.00000000
0.98188406  0.00815574
0.96376812  0.01591806
0.94565221  0.02330349
0.92753640  0.03032764
0.90942079  0.03700526
0.89130559  0.04335021
0.87319109  0.04937553
0.85507770  0.05509345
0.83696596  0.06051543
0.81885656  0.06565213
0.80075038  0.07051352
0.78264847  0.07510885
0.76455210  0.07944665
0.74646278  0.08353484
0.72838225  0.08738067
0.71031254  0.09099080
0.69225594  0.09437130
0.67421508  0.09752767
0.65619289  0.10046489
0.63819266  0.10318741
0.62021803  0.10569922
0.60227305  0.10800384
0.58436214  0.11010434
0.56649016  0.11200340
0.54866242  0.11370331
0.53088467  0.11520598
0.51316314  0.11651301
0.49550459  0.11762568
0.47791625  0.11854499
0.46040593  0.11927166
0.44298198  0.11980620
0.42565331  0.12014888
0.40842945  0.12029982
0.39132052  0.12025895
0.37433730  0.12002608
0.35749120  0.11960089
0.34079431  0.11898300
0.32425942  0.11817194
0.30790000  0.11716724
0.29173028  0.11596838
0.27576522  0.11457489
0.26002056  0.11298630
0.24451281  0.11120223
0.22925931  0.10922239
0.21427820  0.10704658
0.19958848  0.10467477
0.18521000  0.10210707
0.17116350  0.09934378
0.15747063  0.09638543
0.14415394  0.09323277
0.13123695  0.08988681
0.11874410  0.08634887
0.10670084  0.08262057
0.09513360  0.07870387
0.08406985  0.07460108
0.07353805  0.07031491
0.06356777  0.06584849
0.05418962  0.06120538
0.04543531  0.05638959
0.03733766  0.05140564
0.02993063  0.04625854
0.02324933  0.04095386
0.01733003  0.03549771
0.01221019  0.02989681
0.00792850  0.02415847
0.00452485  0.01829066
0.00204040  0.01230198
0.00051754  0.00620176
0.00000000  0.00000000
0.00000000  0.00000000
0.00051754  -0.00928829
0.00204040  -0.01699837
0.00452485  -0.02327992
0.00792850  -0.02827495
0.01221019  -0.03211792
0.01733003  -0.03493592
0.02324933  -0.03684885
0.02993063  -0.03796956
0.03733766  -0.03840404
0.04543531  -0.03825157
0.05418962  -0.03760492
0.06356777  -0.03655046
0.07353805  -0.03516839
0.08406985  -0.03353287
0.09513360  -0.03171217
0.10670084  -0.02976890
0.11874410  -0.02776011
0.13123695  -0.02573749
0.14415394  -0.02374756
0.15747063  -0.02183177
0.17116350  -0.02002673
0.18521000  -0.01836435
0.19958848  -0.01687201
0.21427820  -0.01557273
0.22925931  -0.01448533
0.24451281  -0.01362461
0.26002056  -0.01300150
0.27576522  -0.01262325
0.29173028  -0.01249357
0.30790000  -0.01261281
0.32425942  -0.01297814
0.34079431  -0.01358370
0.35749120  -0.01442077
0.37433730  -0.01547793
0.39132052  -0.01674124
0.40842945  -0.01819442
0.42565331  -0.01981898
0.44298198  -0.02159442
0.46040593  -0.02349837
0.47791625  -0.02550678
0.49550459  -0.02759408
0.51316314  -0.02973334
0.53088467  -0.03189645
0.54866242  -0.03405426
0.56649016  -0.03617680
0.58436214  -0.03823338
0.60227305  -0.04019280
0.62021803  -0.04202353
0.63819266  -0.04369383
0.65619289  -0.04517194
0.67421508  -0.04642627
0.69225594  -0.04742552
0.71031254  -0.04813890
0.72838225  -0.04853625
0.74646278  -0.04858823
0.76455210  -0.04826649
0.78264847  -0.04754383
0.80075038  -0.04639437
0.81885656  -0.04479371
0.83696596  -0.04271910
0.85507770  -0.04014962
0.87319109  -0.03706632
0.89130559  -0.03345243
0.90942079  -0.02929348
0.92753640  -0.02457749
0.94565221  -0.01929513
0.96376812  -0.01343992
0.98188406  -0.00700832
1.00000000  0.00000000
