NN8388
1.00000000  0.00000000
0.98188406  0.00875765
0.96376812  0.01710380
0.94565221  0.02504728
0.92753640  0.03259739
0.90942079  0.03976389
0.89130559  0.04655696
0.87319109  0.05298713
0.85507770  0.05906523
0.83696596  0.06480236
0.81885656  0.07020983
0.80075038  0.07529913
0.78264847  0.08008186
0.76455210  0.08456970
0.74646278  0.08877435
0.72838225  0.09270749
0.71031254  0.09638073
0.69225594  0.09980556
0.67421508  0.10299332
0.65619289  0.10595512
0.63819266  0.10870183
0.62021803  0.11124401
0.60227305  0.11359184
0.58436214  0.11575514
0.56649016  0.11774326
0.54866242  0.11956505
0.53088467  0.12122883
0.51316314  0.12274233
0.49550459  0.12411262
0.47791625  0.12534611
0.46040593  0.12644848
0.44298198  0.12742460
0.42565331  0.12827854
0.40842945  0.12901349
0.39132052  0.12963171
0.37433730  0.13013451
0.35749120  0.13052215
0.34079431  0.13079386
0.32425942  0.13094773
0.30790000  0.13098072
0.29173028  0.13088856
0.27576522  0.13066574
0.26002056  0.13030544
0.24451281  0.12979950
0.22925931  0.12913835
0.21427820  0.12831100
0.19958848  0.12730495
0.18521000  0.12610616
0.17116350  0.12469903
0.15747063  0.12306630
0.14415394  0.12118904
0.13123695  0.11904659
0.11874410  0.11661653
0.10670084  0.11387459
0.09513360  0.11079466
0.08406985  0.10734869
0.07353805  0.10350668
0.06356777  0.09923661
0.05418962  0.09450441
0.04543531  0.08927388
0.03733766  0.08350671
0.02993063  0.07716234
0.02324933  0.07019799
0.01733003  0.06256858
0.01221019  0.05422669
0.00792850  0.04512249
0.00452485  0.03520374
0.00204040  0.02441568
0.00051754  0.01270105
0.00000000  0.00000000
0.00000000  0.00000000
0.00051754  -0.01318837
0.00204040  -0.02465017
0.00452485  -0.03448998
0.00792850  -0.04280956
0.01221019  -0.04970784
0.01733003  -0.05528095
0.02324933  -0.05962218
0.02993063  -0.06282204
0.03733766  -0.06496826
0.04543531  -0.06614579
0.05418962  -0.06643679
0.06356777  -0.06592070
0.07353805  -0.06467418
0.08406985  -0.06277119
0.09513360  -0.06028292
0.10670084  -0.05727788
0.11874410  -0.05382185
0.13123695  -0.04997793
0.14415394  -0.04580653
0.15747063  -0.04136537
0.17116350  -0.03670953
0.18521000  -0.03189140
0.19958848  -0.02696076
0.21427820  -0.02196473
0.22925931  -0.01694781
0.24451281  -0.01195189
0.26002056  -0.00701625
0.27576522  -0.00217757
0.29173028  0.00253004
0.30790000  0.00707506
0.32425942  0.01142853
0.34079431  0.01556405
0.35749120  0.01945775
0.37433730  0.02308832
0.39132052  0.02643695
0.40842945  0.02948736
0.42565331  0.03222577
0.44298198  0.03464088
0.46040593  0.03672391
0.47791625  0.03846853
0.49550459  0.03987086
0.51316314  0.04092951
0.53088467  0.04164551
0.54866242  0.04202233
0.56649016  0.04206586
0.58436214  0.04178442
0.60227305  0.04118870
0.62021803  0.04029183
0.63819266  0.03910929
0.65619289  0.03765894
0.67421508  0.03596101
0.69225594  0.03403807
0.71031254  0.03191506
0.72838225  0.02961923
0.74646278  0.02718015
0.76455210  0.02462972
0.78264847  0.02200214
0.80075038  0.01933390
0.81885656  0.01666376
0.83696596  0.01403277
0.85507770  0.01148424
0.87319109  0.00906373
0.89130559  0.00681903
0.90942079  0.00480019
0.92753640  0.00305946
0.94565221  0.00165131
0.96376812  0.00063241
0.98188406  0.00006163
1.00000000  0.00000000
