NN8626
1.00000000  0.00000000
0.98188406  0.01403687
0.96376812  0.02724088
0.94565221  0.03967335
0.92753640  0.05139057
0.90942079  0.06244400
0.89130559  0.07288043
0.87319109  0.08274219
0.85507770  0.09206734
0.83696596  0.10088984
0.81885656  0.10923977
0.80075038  0.11714350
0.78264847  0.12462385
0.76455210  0.13170036
0.74646278  0.13838937
0.72838225  0.14470431
0.71031254  0.15065582
0.69225594  0.15625198
0.67421508  0.16149847
0.65619289  0.16639877
0.63819266  0.17095435
0.62021803  0.17516488
0.60227305  0.17902836
0.58436214  0.18254137
0.56649016  0.18569924
0.54866242  0.18849622
0.53088467  0.19092567
0.51316314  0.19298030
0.49550459  0.19465227
0.47791625  0.19593348
0.46040593  0.19681567
0.44298198  0.19729065
0.42565331  0.19735050
0.40842945  0.19698774
0.39132052  0.19619551
0.37433730  0.19496777
0.35749120  0.19329952
0.34079431  0.19118692
0.32425942  0.18862755
0.30790000  0.18562053
0.29173028  0.18216677
0.27576522  0.17826914
0.26002056  0.17393263
0.24451281  0.16916457
0.22925931  0.16397481
0.21427820  0.15837592
0.19958848  0.15238334
0.18521000  0.14601563
0.17116350  0.13929460
0.15747063  0.13224552
0.14415394  0.12489734
0.13123695  0.11728283
0.11874410  0.10943879
0.10670084  0.10140623
0.09513360  0.09323061
0.08406985  0.08496193
0.07353805  0.07665500
0.06356777  0.06836962
0.05418962  0.06017073
0.04543531  0.05212862
0.03733766  0.04431914
0.02993063  0.03682384
0.02324933  0.02973021
0.01733003  0.02313185
0.01221019  0.01712862
0.00792850  0.01182691
0.00452485  0.00733975
0.00204040  0.00378703
0.00051754  0.00129572
0.00000000  0.00000000
0.00000000  0.00000000
0.00051754  -0.01355401
0.00204040  -0.02604211
0.00452485  -0.03751480
0.00792850  -0.04802109
0.01221019  -0.05760855
0.01733003  -0.06632331
0.02324933  -0.07421009
0.02993063  -0.08131220
0.03733766  -0.08767156
0.04543531  -0.09332874
0.05418962  -0.09832294
0.06356777  -0.10269203
0.07353805  -0.10647257
0.08406985  -0.10969982
0.09513360  -0.11240775
0.10670084  -0.11462907
0.11874410  -0.11639523
0.13123695  -0.11773647
0.14415394  -0.11868178
0.15747063  -0.11925899
0.17116350  -0.11949472
0.18521000  -0.11941444
0.19958848  -0.11904247
0.21427820  -0.11840199
0.22925931  -0.11751509
0.24451281  -0.11640272
0.26002056  -0.11508480
0.27576522  -0.11358016
0.29173028  -0.11190659
0.30790000  -0.11008085
0.32425942  -0.10811868
0.34079431  -0.10603484
0.35749120  -0.10384310
0.37433730  -0.10155628
0.39132052  -0.09918625
0.40842945  -0.09674395
0.42565331  -0.09423941
0.44298198  -0.09168178
0.46040593  -0.08907931
0.47791625  -0.08643942
0.49550459  -0.08376865
0.51316314  -0.08107275
0.53088467  -0.07835664
0.54866242  -0.07562446
0.56649016  -0.07287958
0.58436214  -0.07012458
0.60227305  -0.06736134
0.62021803  -0.06459100
0.63819266  -0.06181399
0.65619289  -0.05903005
0.67421508  -0.05623824
0.69225594  -0.05343699
0.71031254  -0.05062407
0.72838225  -0.04779663
0.74646278  -0.04495121
0.76455210  -0.04208378
0.78264847  -0.03918973
0.80075038  -0.03626388
0.81885656  -0.03330055
0.83696596  -0.03029349
0.85507770  -0.02723599
0.87319109  -0.02412083
0.89130559  -0.02094032
0.90942079  -0.01768634
0.92753640  -0.01435031
0.94565221  -0.01092325
0.96376812  -0.00739575
0.98188406  -0.00375805
1.00000000  0.00000000
