NN8896
1.00000000  0.00000000
0.98188406  0.01696050
0.96376812  0.03276079
0.94565221  0.04746942
0.92753640  0.06115115
0.90942079  0.07386707
0.89130559  0.08567472
0.87319109  0.09662818
0.85507770  0.10677818
0.83696596  0.11617224
0.81885656  0.12485473
0.80075038  0.13286704
0.78264847  0.14024761
0.76455210  0.14703211
0.74646278  0.15325354
0.72838225  0.15894228
0.71031254  0.16412628
0.69225594  0.16883111
0.67421508  0.17308009
0.65619289  0.17689441
0.63819266  0.18029322
0.62021803  0.18329375
0.60227305  0.18591141
0.58436214  0.18815993
0.56649016  0.19005141
0.54866242  0.19159649
0.53088467  0.19280442
0.51316314  0.19368320
0.49550459  0.19423964
0.47791625  0.19447953
0.46040593  0.19440772
0.44298198  0.19402821
0.42565331  0.19334429
0.40842945  0.19235863
0.39132052  0.19107342
0.37433730  0.18949043
0.35749120  0.18761116
0.34079431  0.18543692
0.32425942  0.18296897
0.30790000  0.18020861
0.29173028  0.17715728
0.27576522  0.17381670
0.26002056  0.17018895
0.24451281  0.16627659
0.22925931  0.16208276
0.21427820  0.15761131
0.19958848  0.15286691
0.18521000  0.14785511
0.17116350  0.14258253
0.15747063  0.13705688
0.14415394  0.13128715
0.13123695  0.12528367
0.11874410  0.11905822
0.10670084  0.11262418
0.09513360  0.10599659
0.08406985  0.09919227
0.07353805  0.09222998
0.06356777  0.08513044
0.05418962  0.07791652
0.04543531  0.07061330
0.03733766  0.06324822
0.02993063  0.05585113
0.02324933  0.04845447
0.01733003  0.04109331
0.01221019  0.03380552
0.00792850  0.02663184
0.00452485  0.01961599
0.00204040  0.01280482
0.00051754  0.00624837
0.00000000  0.00000000
0.00000000  0.00000000
0.00051754  -0.00117927
0.00204040  -0.00236291
0.00452485  -0.00352801
0.00792850  -0.00465406
0.01221019  -0.00572287
0.01733003  -0.00671850
0.02324933  -0.00762716
0.02993063  -0.00843713
0.03733766  -0.00913866
0.04543531  -0.00972390
0.05418962  -0.01018681
0.06356777  -0.01052304
0.07353805  -0.01072991
0.08406985  -0.01080626
0.09513360  -0.01075239
0.10670084  -0.01056998
0.11874410  -0.01026198
0.13123695  -0.00983255
0.14415394  -0.00928694
0.15747063  -0.00863144
0.17116350  -0.00787328
0.18521000  -0.00702052
0.19958848  -0.00608199
0.21427820  -0.00506719
0.22925931  -0.00398622
0.24451281  -0.00284966
0.26002056  -0.00166854
0.27576522  -0.00045417
0.29173028  0.00078187
0.30790000  0.00202785
0.32425942  0.00327198
0.34079431  0.00450250
0.35749120  0.00570774
0.37433730  0.00687623
0.39132052  0.00799679
0.40842945  0.00905860
0.42565331  0.01005131
0.44298198  0.01096510
0.46040593  0.01179078
0.47791625  0.01251987
0.49550459  0.01314473
0.51316314  0.01365857
0.53088467  0.01405558
0.54866242  0.01433105
0.56649016  0.01448139
0.58436214  0.01450426
0.60227305  0.01439864
0.62021803  0.01416492
0.63819266  0.01380501
0.65619289  0.01332239
0.67421508  0.01272220
0.69225594  0.01201137
0.71031254  0.01119867
0.72838225  0.01029478
0.74646278  0.00931244
0.76455210  0.00826645
0.78264847  0.00717386
0.80075038  0.00605397
0.81885656  0.00492844
0.83696596  0.00382141
0.85507770  0.00275956
0.87319109  0.00177219
0.89130559  0.00089131
0.90942079  0.00015176
0.92753640  -0.00040875
0.94565221  -0.00074952
0.96376812  -0.00082680
0.98188406  -0.00059368
1.00000000  0.00000000
