NN895
1.00000000  0.00000000
0.98188406  0.01399881
0.96376812  0.02682413
0.94565221  0.03856931
0.92753640  0.04932258
0.90942079  0.05916710
0.89130559  0.06818111
0.87319109  0.07643808
0.85507770  0.08400677
0.83696596  0.09095141
0.81885656  0.09733177
0.80075038  0.10320332
0.78264847  0.10861732
0.76455210  0.11362099
0.74646278  0.11825755
0.72838225  0.12256642
0.71031254  0.12658329
0.69225594  0.13034028
0.67421508  0.13386601
0.65619289  0.13718578
0.63819266  0.14032164
0.62021803  0.14329253
0.60227305  0.14611441
0.58436214  0.14880039
0.56649016  0.15136079
0.54866242  0.15380334
0.53088467  0.15613325
0.51316314  0.15835335
0.49550459  0.16046421
0.47791625  0.16246425
0.46040593  0.16434985
0.44298198  0.16611553
0.42565331  0.16775399
0.40842945  0.16925629
0.39132052  0.17061194
0.37433730  0.17180904
0.35749120  0.17283438
0.34079431  0.17367359
0.32425942  0.17431121
0.30790000  0.17473089
0.29173028  0.17491541
0.27576522  0.17484691
0.26002056  0.17450691
0.24451281  0.17387650
0.22925931  0.17293643
0.21427820  0.17166724
0.19958848  0.17004938
0.18521000  0.16806331
0.17116350  0.16568968
0.15747063  0.16290936
0.14415394  0.15970366
0.13123695  0.15605435
0.11874410  0.15194388
0.10670084  0.14735543
0.09513360  0.14227305
0.08406985  0.13668179
0.07353805  0.13056782
0.06356777  0.12391853
0.05418962  0.11672269
0.04543531  0.10897052
0.03733766  0.10065386
0.02993063  0.09176626
0.02324933  0.08230311
0.01733003  0.07226174
0.01221019  0.06164160
0.00792850  0.05044431
0.00452485  0.03867381
0.00204040  0.02633651
0.00051754  0.01344136
0.00000000  0.00000000
0.00000000  0.00000000
0.00051754  -0.01208135
0.00204040  -0.02354160
0.00452485  -0.03436070
0.00792850  -0.04452281
0.01221019  -0.05401618
0.01733003  -0.06283291
0.02324933  -0.07096885
0.02993063  -0.07842335
0.03733766  -0.08519913
0.04543531  -0.09130210
0.05418962  -0.09674114
0.06356777  -0.10152797
0.07353805  -0.10567697
0.08406985  -0.10920495
0.09513360  -0.11213105
0.10670084  -0.11447652
0.11874410  -0.11626451
0.13123695  -0.11751999
0.14415394  -0.11826945
0.15747063  -0.11854084
0.17116350  -0.11836331
0.18521000  -0.11776706
0.19958848  -0.11678318
0.21427820  -0.11544345
0.22925931  -0.11378016
0.24451281  -0.11182596
0.26002056  -0.10961365
0.27576522  -0.10717604
0.29173028  -0.10454573
0.30790000  -0.10175496
0.32425942  -0.09883543
0.34079431  -0.09581813
0.35749120  -0.09273313
0.37433730  -0.08960944
0.39132052  -0.08647483
0.40842945  -0.08335561
0.42565331  -0.08027652
0.44298198  -0.07726048
0.46040593  -0.07432848
0.47791625  -0.07149937
0.49550459  -0.06878966
0.51316314  -0.06621340
0.53088467  -0.06378195
0.54866242  -0.06150384
0.56649016  -0.05938455
0.58436214  -0.05742640
0.60227305  -0.05562829
0.62021803  -0.05398561
0.63819266  -0.05248997
0.65619289  -0.05112910
0.67421508  -0.04988666
0.69225594  -0.04874200
0.71031254  -0.04767007
0.72838225  -0.04664118
0.74646278  -0.04562087
0.76455210  -0.04456967
0.78264847  -0.04344300
0.80075038  -0.04219092
0.81885656  -0.04075802
0.83696596  -0.03908318
0.85507770  -0.03709945
0.87319109  -0.03473381
0.89130559  -0.03190706
0.90942079  -0.02853360
0.92753640  -0.02452126
0.94565221  -0.01977112
0.96376812  -0.01417737
0.98188406  -0.00762706
1.00000000  0.00000000
