NN902
1.00000000  0.00000000
0.98188406  0.01051304
0.96376812  0.02102030
0.94565221  0.03149167
0.92753640  0.04189803
0.90942079  0.05221129
0.89130559  0.06240437
0.87319109  0.07245119
0.85507770  0.08232667
0.83696596  0.09200676
0.81885656  0.10146839
0.80075038  0.11068951
0.78264847  0.11964907
0.76455210  0.12832705
0.74646278  0.13670438
0.72838225  0.14476305
0.71031254  0.15248601
0.69225594  0.15985725
0.67421508  0.16686171
0.65619289  0.17348539
0.63819266  0.17971524
0.62021803  0.18553924
0.60227305  0.19094635
0.58436214  0.19592654
0.56649016  0.20047078
0.54866242  0.20457102
0.53088467  0.20822022
0.51316314  0.21141234
0.49550459  0.21414230
0.47791625  0.21640607
0.46040593  0.21820056
0.44298198  0.21952370
0.42565331  0.22037441
0.40842945  0.22075261
0.39132052  0.22065918
0.37433730  0.22009601
0.35749120  0.21906600
0.34079431  0.21757299
0.32425942  0.21562185
0.30790000  0.21321843
0.29173028  0.21036954
0.27576522  0.20708301
0.26002056  0.20336763
0.24451281  0.19923320
0.22925931  0.19469047
0.21427820  0.18975121
0.19958848  0.18442814
0.18521000  0.17873500
0.17116350  0.17268647
0.15747063  0.16629823
0.14415394  0.15958695
0.13123695  0.15257027
0.11874410  0.14526680
0.10670084  0.13769614
0.09513360  0.12987887
0.08406985  0.12183654
0.07353805  0.11359166
0.06356777  0.10516775
0.05418962  0.09658929
0.04543531  0.08788172
0.03733766  0.07907148
0.02993063  0.07018595
0.02324933  0.06125352
0.01733003  0.05230351
0.01221019  0.04336625
0.00792850  0.03447303
0.00452485  0.02565608
0.00204040  0.01694864
0.00051754  0.00838489
0.00000000  0.00000000
0.00000000  0.00000000
0.00051754  -0.00440272
0.00204040  -0.00847512
0.00452485  -0.01225917
0.00792850  -0.01579271
0.01221019  -0.01910963
0.01733003  -0.02224001
0.02324933  -0.02521029
0.02993063  -0.02804346
0.03733766  -0.03075917
0.04543531  -0.03337395
0.05418962  -0.03590134
0.06356777  -0.03835207
0.07353805  -0.04073420
0.08406985  -0.04305333
0.09513360  -0.04531269
0.10670084  -0.04751339
0.11874410  -0.04965452
0.13123695  -0.05173334
0.14415394  -0.05374543
0.15747063  -0.05568487
0.17116350  -0.05754441
0.18521000  -0.05931559
0.19958848  -0.06098896
0.21427820  -0.06255420
0.22925931  -0.06400031
0.24451281  -0.06531576
0.26002056  -0.06648865
0.27576522  -0.06750691
0.29173028  -0.06835840
0.30790000  -0.06903113
0.32425942  -0.06951341
0.34079431  -0.06979398
0.35749120  -0.06986222
0.37433730  -0.06970829
0.39132052  -0.06932330
0.40842945  -0.06869946
0.42565331  -0.06783028
0.44298198  -0.06671067
0.46040593  -0.06533718
0.47791625  -0.06370810
0.49550459  -0.06182368
0.51316314  -0.05968621
0.53088467  -0.05730030
0.54866242  -0.05467294
0.56649016  -0.05181372
0.58436214  -0.04873496
0.60227305  -0.04545192
0.62021803  -0.04198292
0.63819266  -0.03834951
0.65619289  -0.03457667
0.67421508  -0.03069291
0.69225594  -0.02673051
0.71031254  -0.02272560
0.72838225  -0.01871842
0.74646278  -0.01475338
0.76455210  -0.01087931
0.78264847  -0.00714957
0.80075038  -0.00362224
0.81885656  -0.00036028
0.83696596  0.00256831
0.85507770  0.00509035
0.87319109  0.00712727
0.89130559  0.00859496
0.90942079  0.00940365
0.92753640  0.00945767
0.94565221  0.00865536
0.96376812  0.00688887
0.98188406  0.00404399
1.00000000  0.00000000
