NN9053
1.00000000  0.00000000
0.98188406  0.01325622
0.96376812  0.02654479
0.94565221  0.03980461
0.92753640  0.05297817
0.90942079  0.06601140
0.89130559  0.07885369
0.87319109  0.09145772
0.85507770  0.10377944
0.83696596  0.11577796
0.81885656  0.12741551
0.80075038  0.13865732
0.78264847  0.14947157
0.76455210  0.15982932
0.74646278  0.16970438
0.72838225  0.17907332
0.71031254  0.18791532
0.69225594  0.19621210
0.67421508  0.20394788
0.65619289  0.21110929
0.63819266  0.21768527
0.62021803  0.22366700
0.60227305  0.22904784
0.58436214  0.23382325
0.56649016  0.23799070
0.54866242  0.24154959
0.53088467  0.24450120
0.51316314  0.24684856
0.49550459  0.24859644
0.47791625  0.24975123
0.46040593  0.25032086
0.44298198  0.25031474
0.42565331  0.24974368
0.40842945  0.24861982
0.39132052  0.24695652
0.37433730  0.24476832
0.35749120  0.24207085
0.34079431  0.23888073
0.32425942  0.23521555
0.30790000  0.23109371
0.29173028  0.22653444
0.27576522  0.22155762
0.26002056  0.21618379
0.24451281  0.21043402
0.22925931  0.20432986
0.21427820  0.19789325
0.19958848  0.19114644
0.18521000  0.18411191
0.17116350  0.17681231
0.15747063  0.16927039
0.14415394  0.16150887
0.13123695  0.15355043
0.11874410  0.14541757
0.10670084  0.13713261
0.09513360  0.12871751
0.08406985  0.12019389
0.07353805  0.11158290
0.06356777  0.10290515
0.05418962  0.09418064
0.04543531  0.08542869
0.03733766  0.07666784
0.02993063  0.06791578
0.02324933  0.05918930
0.01733003  0.05050417
0.01221019  0.04187510
0.00792850  0.03331562
0.00452485  0.02483807
0.00204040  0.01645344
0.00051754  0.00817137
0.00000000  0.00000000
0.00000000  0.00000000
0.00051754  -0.01187023
0.00204040  -0.02329008
0.00452485  -0.03424621
0.00792850  -0.04472746
0.01221019  -0.05472478
0.01733003  -0.06423114
0.02324933  -0.07324144
0.02993063  -0.08175243
0.03733766  -0.08976265
0.04543531  -0.09727229
0.05418962  -0.10428314
0.06356777  -0.11079852
0.07353805  -0.11682315
0.08406985  -0.12236310
0.09513360  -0.12742571
0.10670084  -0.13201946
0.11874410  -0.13615392
0.13123695  -0.13983969
0.14415394  -0.14308824
0.15747063  -0.14591189
0.17116350  -0.14832370
0.18521000  -0.15033740
0.19958848  -0.15196727
0.21427820  -0.15322809
0.22925931  -0.15413505
0.24451281  -0.15470363
0.26002056  -0.15494957
0.27576522  -0.15488875
0.29173028  -0.15453710
0.30790000  -0.15391054
0.32425942  -0.15302487
0.34079431  -0.15189570
0.35749120  -0.15053836
0.37433730  -0.14896782
0.39132052  -0.14719859
0.40842945  -0.14524466
0.42565331  -0.14311939
0.44298198  -0.14083544
0.46040593  -0.13840466
0.47791625  -0.13583805
0.49550459  -0.13314564
0.51316314  -0.13033640
0.53088467  -0.12741819
0.54866242  -0.12439765
0.56649016  -0.12128011
0.58436214  -0.11806950
0.60227305  -0.11476831
0.62021803  -0.11137744
0.63819266  -0.10789618
0.65619289  -0.10432206
0.67421508  -0.10065082
0.69225594  -0.09687629
0.71031254  -0.09299033
0.72838225  -0.08898270
0.74646278  -0.08484105
0.76455210  -0.08055076
0.78264847  -0.07609489
0.80075038  -0.07145409
0.81885656  -0.06660654
0.83696596  -0.06152780
0.85507770  -0.05619080
0.87319109  -0.05056569
0.89130559  -0.04461981
0.90942079  -0.03831757
0.92753640  -0.03162036
0.94565221  -0.02448651
0.96376812  -0.01687114
0.98188406  -0.00872613
1.00000000  0.00000000
