NN9130
1.00000000  0.00000000
0.98188406  0.00979903
0.96376812  0.01893384
0.94565221  0.02745814
0.92753640  0.03542219
0.90942079  0.04287288
0.89130559  0.04985385
0.87319109  0.05640554
0.85507770  0.06256535
0.83696596  0.06836764
0.81885656  0.07384392
0.80075038  0.07902290
0.78264847  0.08393055
0.76455210  0.08859027
0.74646278  0.09302292
0.72838225  0.09724695
0.71031254  0.10127847
0.69225594  0.10513136
0.67421508  0.10881737
0.65619289  0.11234617
0.63819266  0.11572552
0.62021803  0.11896128
0.60227305  0.12205758
0.58436214  0.12501685
0.56649016  0.12783997
0.54866242  0.13052630
0.53088467  0.13307384
0.51316314  0.13547928
0.49550459  0.13773813
0.47791625  0.13984475
0.46040593  0.14179252
0.44298198  0.14357388
0.42565331  0.14518047
0.40842945  0.14660316
0.39132052  0.14783221
0.37433730  0.14885733
0.35749120  0.14966777
0.34079431  0.15025242
0.32425942  0.15059992
0.30790000  0.15069873
0.29173028  0.15053725
0.27576522  0.15010388
0.26002056  0.14938714
0.24451281  0.14837575
0.22925931  0.14705874
0.21427820  0.14542553
0.19958848  0.14346603
0.18521000  0.14117073
0.17116350  0.13853079
0.15747063  0.13553814
0.14415394  0.13218558
0.13123695  0.12846688
0.11874410  0.12437682
0.10670084  0.11991137
0.09513360  0.11506771
0.08406985  0.10984437
0.07353805  0.10424130
0.06356777  0.09825996
0.05418962  0.09190344
0.04543531  0.08517653
0.03733766  0.07808583
0.02993063  0.07063983
0.02324933  0.06284901
0.01733003  0.05472594
0.01221019  0.04628535
0.00792850  0.03754426
0.00452485  0.02852206
0.00204040  0.01924058
0.00051754  0.00972421
0.00000000  0.00000000
0.00000000  0.00000000
0.00051754  -0.00335304
0.00204040  -0.00640326
0.00452485  -0.00917128
0.00792850  -0.01167642
0.01221019  -0.01393668
0.01733003  -0.01596884
0.02324933  -0.01778850
0.02993063  -0.01941010
0.03733766  -0.02084704
0.04543531  -0.02211162
0.05418962  -0.02321520
0.06356777  -0.02416818
0.07353805  -0.02498007
0.08406985  -0.02565952
0.09513360  -0.02621442
0.10670084  -0.02665189
0.11874410  -0.02697836
0.13123695  -0.02719962
0.14415394  -0.02732084
0.15747063  -0.02734668
0.17116350  -0.02728125
0.18521000  -0.02712825
0.19958848  -0.02689096
0.21427820  -0.02657230
0.22925931  -0.02617490
0.24451281  -0.02570113
0.26002056  -0.02515314
0.27576522  -0.02453294
0.29173028  -0.02384243
0.30790000  -0.02308343
0.32425942  -0.02225778
0.34079431  -0.02136732
0.35749120  -0.02041402
0.37433730  -0.01939994
0.39132052  -0.01832737
0.40842945  -0.01719879
0.42565331  -0.01601700
0.44298198  -0.01478511
0.46040593  -0.01350661
0.47791625  -0.01218543
0.49550459  -0.01082598
0.51316314  -0.00943318
0.53088467  -0.00801255
0.54866242  -0.00657020
0.56649016  -0.00511295
0.58436214  -0.00364833
0.60227305  -0.00218464
0.62021803  -0.00073099
0.63819266  0.00070262
0.65619289  0.00210528
0.67421508  0.00346512
0.69225594  0.00476924
0.71031254  0.00600368
0.72838225  0.00715337
0.74646278  0.00820208
0.76455210  0.00913235
0.78264847  0.00992547
0.80075038  0.01056143
0.81885656  0.01101885
0.83696596  0.01127493
0.85507770  0.01130544
0.87319109  0.01108462
0.89130559  0.01058518
0.90942079  0.00977819
0.92753640  0.00863311
0.94565221  0.00711767
0.96376812  0.00519785
0.98188406  0.00283785
1.00000000  0.00000000
