NN9125
1.00000000  0.00000000
0.98188406  0.01019343
0.96376812  0.02038717
0.94565221  0.03055334
0.92753640  0.04066488
0.90942079  0.05069560
0.89130559  0.06062012
0.87319109  0.07041393
0.85507770  0.08005337
0.83696596  0.08951562
0.81885656  0.09877871
0.80075038  0.10782156
0.78264847  0.11662391
0.76455210  0.12516640
0.74646278  0.13343050
0.72838225  0.14139859
0.71031254  0.14905390
0.69225594  0.15638052
0.67421508  0.16336346
0.65619289  0.16998858
0.63819266  0.17624262
0.62021803  0.18211324
0.60227305  0.18758896
0.58436214  0.19265920
0.56649016  0.19731429
0.54866242  0.20154543
0.53088467  0.20534475
0.51316314  0.20870528
0.49550459  0.21162094
0.47791625  0.21408658
0.46040593  0.21609795
0.44298198  0.21765172
0.42565331  0.21874549
0.40842945  0.21937777
0.39132052  0.21954799
0.37433730  0.21925652
0.35749120  0.21850467
0.34079431  0.21729465
0.32425942  0.21562964
0.30790000  0.21351374
0.29173028  0.21095201
0.27576522  0.20795043
0.26002056  0.20451595
0.24451281  0.20065647
0.22925931  0.19638083
0.21427820  0.19169883
0.19958848  0.18662125
0.18521000  0.18115981
0.17116350  0.17532720
0.15747063  0.16913709
0.14415394  0.16260411
0.13123695  0.15574387
0.11874410  0.14857295
0.10670084  0.14110892
0.09513360  0.13337034
0.08406985  0.12537672
0.07353805  0.11714861
0.06356777  0.10870751
0.05418962  0.10007593
0.04543531  0.09127739
0.03733766  0.08233639
0.02993063  0.07327845
0.02324933  0.06413009
0.01733003  0.05491883
0.01221019  0.04567322
0.00792850  0.03642281
0.00452485  0.02719817
0.00204040  0.01803091
0.00051754  0.00895364
0.00000000  0.00000000
0.00000000  0.00000000
0.00051754  -0.00231054
0.00204040  -0.00518637
0.00452485  -0.00854052
0.00792850  -0.01229078
0.01221019  -0.01635964
0.01733003  -0.02067414
0.02324933  -0.02516583
0.02993063  -0.02977064
0.03733766  -0.03442881
0.04543531  -0.03908479
0.05418962  -0.04368712
0.06356777  -0.04818839
0.07353805  -0.05254510
0.08406985  -0.05671758
0.09513360  -0.06066991
0.10670084  -0.06436981
0.11874410  -0.06778855
0.13123695  -0.07090087
0.14415394  -0.07368485
0.15747063  -0.07612188
0.17116350  -0.07819650
0.18521000  -0.07989633
0.19958848  -0.08121201
0.21427820  -0.08213705
0.22925931  -0.08266779
0.24451281  -0.08280326
0.26002056  -0.08254510
0.27576522  -0.08189751
0.29173028  -0.08086709
0.30790000  -0.07946279
0.32425942  -0.07769579
0.34079431  -0.07557944
0.35749120  -0.07312912
0.37433730  -0.07036220
0.39132052  -0.06729791
0.40842945  -0.06395725
0.42565331  -0.06036290
0.44298198  -0.05653915
0.46040593  -0.05251175
0.47791625  -0.04830789
0.49550459  -0.04395605
0.51316314  -0.03948592
0.53088467  -0.03492831
0.54866242  -0.03031509
0.56649016  -0.02567901
0.58436214  -0.02105372
0.60227305  -0.01647357
0.62021803  -0.01197359
0.63819266  -0.00758935
0.65619289  -0.00335692
0.67421508  0.00068728
0.69225594  0.00450656
0.71031254  0.00806402
0.72838225  0.01132267
0.74646278  0.01424554
0.76455210  0.01679574
0.78264847  0.01893656
0.80075038  0.02063159
0.81885656  0.02184477
0.83696596  0.02254053
0.85507770  0.02268385
0.87319109  0.02224038
0.89130559  0.02117649
0.90942079  0.01945942
0.92753640  0.01705732
0.94565221  0.01393940
0.96376812  0.01007597
0.98188406  0.00543856
1.00000000  0.00000000
