NN9356
1.00000000  0.00000000
0.98188406  0.01863230
0.96376812  0.03528365
0.94565221  0.05011048
0.92753640  0.06326128
0.90942079  0.07487674
0.89130559  0.08508992
0.87319109  0.09402647
0.85507770  0.10180480
0.83696596  0.10853623
0.81885656  0.11432525
0.80075038  0.11926961
0.78264847  0.12346058
0.76455210  0.12698310
0.74646278  0.12991594
0.72838225  0.13233195
0.71031254  0.13429817
0.69225594  0.13587606
0.67421508  0.13712168
0.65619289  0.13808584
0.63819266  0.13881432
0.62021803  0.13934804
0.60227305  0.13972325
0.58436214  0.13997169
0.56649016  0.14012080
0.54866242  0.14019390
0.53088467  0.14021035
0.51316314  0.14018576
0.49550459  0.14013218
0.47791625  0.14005823
0.46040593  0.13996934
0.44298198  0.13986793
0.42565331  0.13975356
0.40842945  0.13962312
0.39132052  0.13947104
0.37433730  0.13928945
0.35749120  0.13906838
0.34079431  0.13879593
0.32425942  0.13845844
0.30790000  0.13804072
0.29173028  0.13752618
0.27576522  0.13689706
0.26002056  0.13613456
0.24451281  0.13521908
0.22925931  0.13413037
0.21427820  0.13284771
0.19958848  0.13135013
0.18521000  0.12961655
0.17116350  0.12762597
0.15747063  0.12535769
0.14415394  0.12279145
0.13123695  0.11990764
0.11874410  0.11668746
0.10670084  0.11311314
0.09513360  0.10916808
0.08406985  0.10483707
0.07353805  0.10010645
0.06356777  0.09496431
0.05418962  0.08940066
0.04543531  0.08340760
0.03733766  0.07697955
0.02993063  0.07011339
0.02324933  0.06280866
0.01733003  0.05506775
0.01221019  0.04689605
0.00792850  0.03830220
0.00452485  0.02929818
0.00204040  0.01989959
0.00051754  0.01012577
0.00000000  0.00000000
0.00000000  0.00000000
0.00051754  -0.01312320
0.00204040  -0.02531241
0.00452485  -0.03658789
0.00792850  -0.04697130
0.01221019  -0.05648554
0.01733003  -0.06515472
0.02324933  -0.07300406
0.02993063  -0.08005979
0.03733766  -0.08634909
0.04543531  -0.09189999
0.05418962  -0.09674128
0.06356777  -0.10090244
0.07353805  -0.10441356
0.08406985  -0.10730521
0.09513360  -0.10960842
0.10670084  -0.11135455
0.11874410  -0.11257521
0.13123695  -0.11330221
0.14415394  -0.11356742
0.15747063  -0.11340273
0.17116350  -0.11283995
0.18521000  -0.11191070
0.19958848  -0.11064638
0.21427820  -0.10907804
0.22925931  -0.10723630
0.24451281  -0.10515129
0.26002056  -0.10285255
0.27576522  -0.10036892
0.29173028  -0.09772852
0.30790000  -0.09495858
0.32425942  -0.09208542
0.34079431  -0.08913436
0.35749120  -0.08612959
0.37433730  -0.08309414
0.39132052  -0.08004976
0.40842945  -0.07701683
0.42565331  -0.07401431
0.44298198  -0.07105964
0.46040593  -0.06816863
0.47791625  -0.06535540
0.49550459  -0.06263230
0.51316314  -0.06000981
0.53088467  -0.05749646
0.54866242  -0.05509875
0.56649016  -0.05282105
0.58436214  -0.05066553
0.60227305  -0.04863209
0.62021803  -0.04671823
0.63819266  -0.04491899
0.65619289  -0.04322689
0.67421508  -0.04163180
0.69225594  -0.04012089
0.71031254  -0.03867852
0.72838225  -0.03728618
0.74646278  -0.03592237
0.76455210  -0.03456256
0.78264847  -0.03317906
0.80075038  -0.03174098
0.81885656  -0.03021411
0.83696596  -0.02856083
0.85507770  -0.02674008
0.87319109  -0.02470720
0.89130559  -0.02241390
0.90942079  -0.01980817
0.92753640  -0.01683415
0.94565221  -0.01343210
0.96376812  -0.00953829
0.98188406  -0.00508491
1.00000000  0.00000000
