NN9523
1.00000000  0.00000000
0.98188406  0.01618286
0.96376812  0.03138223
0.94565221  0.04564412
0.92753640  0.05901198
0.90942079  0.07152679
0.89130559  0.08322712
0.87319109  0.09414928
0.85507770  0.10432734
0.83696596  0.11379325
0.81885656  0.12257695
0.80075038  0.13070643
0.78264847  0.13820779
0.76455210  0.14510542
0.74646278  0.15142199
0.72838225  0.15717859
0.71031254  0.16239483
0.69225594  0.16708889
0.67421508  0.17127762
0.65619289  0.17497666
0.63819266  0.17820049
0.62021803  0.18096252
0.60227305  0.18327523
0.58436214  0.18515018
0.56649016  0.18659817
0.54866242  0.18762927
0.53088467  0.18825296
0.51316314  0.18847818
0.49550459  0.18831345
0.47791625  0.18776693
0.46040593  0.18684652
0.44298198  0.18555996
0.42565331  0.18391491
0.40842945  0.18191901
0.39132052  0.17958004
0.37433730  0.17690592
0.35749120  0.17390489
0.34079431  0.17058551
0.32425942  0.16695681
0.30790000  0.16302836
0.29173028  0.15881036
0.27576522  0.15431372
0.26002056  0.14955016
0.24451281  0.14453228
0.22925931  0.13927369
0.21427820  0.13378906
0.19958848  0.12809421
0.18521000  0.12220621
0.17116350  0.11614348
0.15747063  0.10992586
0.14415394  0.10357471
0.13123695  0.09711299
0.11874410  0.09056534
0.10670084  0.08395820
0.09513360  0.07731987
0.08406985  0.07068061
0.07353805  0.06407273
0.06356777  0.05753067
0.05418962  0.05109110
0.04543531  0.04479300
0.03733766  0.03867775
0.02993063  0.03278922
0.02324933  0.02717388
0.01733003  0.02188083
0.01221019  0.01696195
0.00792850  0.01247198
0.00452485  0.00846855
0.00204040  0.00501235
0.00051754  0.00216717
0.00000000  0.00000000
0.00000000  0.00000000
0.00051754  -0.00623528
0.00204040  -0.01200991
0.00452485  -0.01735082
0.00792850  -0.02228419
0.01221019  -0.02683548
0.01733003  -0.03102944
0.02324933  -0.03489004
0.02993063  -0.03844051
0.03733766  -0.04170329
0.04543531  -0.04470004
0.05418962  -0.04745161
0.06356777  -0.04997803
0.07353805  -0.05229854
0.08406985  -0.05443149
0.09513360  -0.05639442
0.10670084  -0.05820397
0.11874410  -0.05987594
0.13123695  -0.06142519
0.14415394  -0.06286572
0.15747063  -0.06421060
0.17116350  -0.06547195
0.18521000  -0.06666098
0.19958848  -0.06778792
0.21427820  -0.06886205
0.22925931  -0.06989165
0.24451281  -0.07088402
0.26002056  -0.07184545
0.27576522  -0.07278121
0.29173028  -0.07369554
0.30790000  -0.07459163
0.32425942  -0.07547161
0.34079431  -0.07633655
0.35749120  -0.07718643
0.37433730  -0.07802013
0.39132052  -0.07883543
0.40842945  -0.07962898
0.42565331  -0.08039629
0.44298198  -0.08113174
0.46040593  -0.08182852
0.47791625  -0.08247869
0.49550459  -0.08307308
0.51316314  -0.08360134
0.53088467  -0.08405192
0.54866242  -0.08441202
0.56649016  -0.08466762
0.58436214  -0.08480344
0.60227305  -0.08480294
0.62021803  -0.08464831
0.63819266  -0.08432044
0.65619289  -0.08379893
0.67421508  -0.08306204
0.69225594  -0.08208674
0.71031254  -0.08084863
0.72838225  -0.07932197
0.74646278  -0.07747965
0.76455210  -0.07529318
0.78264847  -0.07273268
0.80075038  -0.06976687
0.81885656  -0.06636304
0.83696596  -0.06248706
0.85507770  -0.05810335
0.87319109  -0.05317489
0.89130559  -0.04766316
0.90942079  -0.04152820
0.92753640  -0.03472851
0.94565221  -0.02722112
0.96376812  -0.01896152
0.98188406  -0.00990368
1.00000000  0.00000000
