NN9692
1.00000000  0.00000000
0.98188406  0.02055686
0.96376812  0.03981264
0.94565221  0.05781356
0.92753640  0.07460498
0.90942079  0.09023142
0.89130559  0.10473657
0.87319109  0.11816323
0.85507770  0.13055336
0.83696596  0.14194805
0.81885656  0.15238750
0.80075038  0.16191106
0.78264847  0.17055719
0.76455210  0.17836343
0.74646278  0.18536647
0.72838225  0.19160206
0.71031254  0.19710509
0.69225594  0.20190950
0.67421508  0.20604832
0.65619289  0.20955368
0.63819266  0.21245676
0.62021803  0.21478783
0.60227305  0.21657620
0.58436214  0.21785025
0.56649016  0.21863741
0.54866242  0.21896415
0.53088467  0.21885599
0.51316314  0.21833747
0.49550459  0.21743219
0.47791625  0.21616273
0.46040593  0.21455074
0.44298198  0.21261684
0.42565331  0.21038068
0.40842945  0.20786092
0.39132052  0.20507518
0.37433730  0.20204012
0.35749120  0.19877136
0.34079431  0.19528350
0.32425942  0.19159013
0.30790000  0.18770379
0.29173028  0.18363600
0.27576522  0.17939725
0.26002056  0.17499695
0.24451281  0.17044349
0.22925931  0.16574419
0.21427820  0.16090531
0.19958848  0.15593204
0.18521000  0.15082850
0.17116350  0.14559774
0.15747063  0.14024170
0.14415394  0.13476126
0.13123695  0.12915618
0.11874410  0.12342515
0.10670084  0.11756573
0.09513360  0.11157437
0.08406985  0.10544642
0.07353805  0.09917610
0.06356777  0.09275649
0.05418962  0.08617955
0.04543531  0.07943611
0.03733766  0.07251584
0.02993063  0.06540728
0.02324933  0.05809779
0.01733003  0.05057358
0.01221019  0.04281972
0.00792850  0.03482008
0.00452485  0.02655736
0.00204040  0.01801308
0.00051754  0.00916758
0.00000000  0.00000000
0.00000000  0.00000000
0.00051754  -0.00730018
0.00204040  -0.01434993
0.00452485  -0.02115513
0.00792850  -0.02772108
0.01221019  -0.03405256
0.01733003  -0.04015379
0.02324933  -0.04602852
0.02993063  -0.05168001
0.03733766  -0.05711107
0.04543531  -0.06232409
0.05418962  -0.06732104
0.06356777  -0.07210354
0.07353805  -0.07667283
0.08406985  -0.08102982
0.09513360  -0.08517513
0.10670084  -0.08910907
0.11874410  -0.09283171
0.13123695  -0.09634288
0.14415394  -0.09964219
0.15747063  -0.10272909
0.17116350  -0.10560284
0.18521000  -0.10826256
0.19958848  -0.11070726
0.21427820  -0.11293587
0.22925931  -0.11494724
0.24451281  -0.11674018
0.26002056  -0.11831348
0.27576522  -0.11966593
0.29173028  -0.12079636
0.30790000  -0.12170363
0.32425942  -0.12238672
0.34079431  -0.12284465
0.35749120  -0.12307662
0.37433730  -0.12308194
0.39132052  -0.12286012
0.40842945  -0.12241084
0.42565331  -0.12173403
0.44298198  -0.12082983
0.46040593  -0.11969867
0.47791625  -0.11834128
0.49550459  -0.11675869
0.51316314  -0.11495227
0.53088467  -0.11292377
0.54866242  -0.11067531
0.56649016  -0.10820943
0.58436214  -0.10552910
0.60227305  -0.10263777
0.62021803  -0.09953936
0.63819266  -0.09623829
0.65619289  -0.09273953
0.67421508  -0.08904859
0.69225594  -0.08517158
0.71031254  -0.08111518
0.72838225  -0.07688674
0.74646278  -0.07249423
0.76455210  -0.06794632
0.78264847  -0.06325236
0.80075038  -0.05842243
0.81885656  -0.05346737
0.83696596  -0.04839877
0.85507770  -0.04322904
0.87319109  -0.03797140
0.89130559  -0.03263991
0.90942079  -0.02724950
0.92753640  -0.02181598
0.94565221  -0.01635612
0.96376812  -0.01088757
0.98188406  -0.00542899
1.00000000  0.00000000
