NN9838
1.00000000  0.00000000
0.98188406  0.01479450
0.96376812  0.02846922
0.94565221  0.04107447
0.92753640  0.05265903
0.90942079  0.06327024
0.89130559  0.07295399
0.87319109  0.08175474
0.85507770  0.08971555
0.83696596  0.09687810
0.81885656  0.10328274
0.80075038  0.10896847
0.78264847  0.11397299
0.76455210  0.11833271
0.74646278  0.12208280
0.72838225  0.12525716
0.71031254  0.12788851
0.69225594  0.13000836
0.67421508  0.13164706
0.65619289  0.13283382
0.63819266  0.13359672
0.62021803  0.13396275
0.60227305  0.13395782
0.58436214  0.13360680
0.56649016  0.13293353
0.54866242  0.13196082
0.53088467  0.13071055
0.51316314  0.12920359
0.49550459  0.12745992
0.47791625  0.12549856
0.46040593  0.12333770
0.44298198  0.12099461
0.42565331  0.11848575
0.40842945  0.11582677
0.39132052  0.11303249
0.37433730  0.11011698
0.35749120  0.10709358
0.34079431  0.10397486
0.32425942  0.10077272
0.30790000  0.09749838
0.29173028  0.09416239
0.27576522  0.09077468
0.26002056  0.08734457
0.24451281  0.08388078
0.22925931  0.08039148
0.21427820  0.07688430
0.19958848  0.07336636
0.18521000  0.06984427
0.17116350  0.06632419
0.15747063  0.06281181
0.14415394  0.05931241
0.13123695  0.05583088
0.11874410  0.05237172
0.10670084  0.04893908
0.09513360  0.04553678
0.08406985  0.04216833
0.07353805  0.03883696
0.06356777  0.03554564
0.05418962  0.03229710
0.04543531  0.02909386
0.03733766  0.02593824
0.02993063  0.02283240
0.02324933  0.01977836
0.01733003  0.01677801
0.01221019  0.01383314
0.00792850  0.01094548
0.00452485  0.00811669
0.00204040  0.00534842
0.00051754  0.00264231
0.00000000  0.00000000
0.00000000  0.00000000
0.00051754  -0.01282732
0.00204040  -0.02410425
0.00452485  -0.03392479
0.00792850  -0.04237980
0.01221019  -0.04955705
0.01733003  -0.05554126
0.02324933  -0.06041414
0.02993063  -0.06425448
0.03733766  -0.06713813
0.04543531  -0.06913812
0.05418962  -0.07032467
0.06356777  -0.07076522
0.07353805  -0.07052453
0.08406985  -0.06966470
0.09513360  -0.06824521
0.10670084  -0.06632297
0.11874410  -0.06395239
0.13123695  -0.06118541
0.14415394  -0.05807157
0.15747063  -0.05465800
0.17116350  -0.05098955
0.18521000  -0.04710879
0.19958848  -0.04305604
0.21427820  -0.03886949
0.22925931  -0.03458517
0.24451281  -0.03023704
0.26002056  -0.02585703
0.27576522  -0.02147510
0.29173028  -0.01711926
0.30790000  -0.01281566
0.32425942  -0.00858858
0.34079431  -0.00446053
0.35749120  -0.00045230
0.37433730  0.00341704
0.39132052  0.00713005
0.40842945  0.01067088
0.42565331  0.01402523
0.44298198  0.01718031
0.46040593  0.02012475
0.47791625  0.02284860
0.49550459  0.02534327
0.51316314  0.02760144
0.53088467  0.02961708
0.54866242  0.03138534
0.56649016  0.03290256
0.58436214  0.03416615
0.60227305  0.03517461
0.62021803  0.03592745
0.63819266  0.03642513
0.65619289  0.03666903
0.67421508  0.03666142
0.69225594  0.03640536
0.71031254  0.03590469
0.72838225  0.03516398
0.74646278  0.03418846
0.76455210  0.03298401
0.78264847  0.03155706
0.80075038  0.02991459
0.81885656  0.02806404
0.83696596  0.02601329
0.85507770  0.02377062
0.87319109  0.02134462
0.89130559  0.01874418
0.90942079  0.01597843
0.92753640  0.01305669
0.94565221  0.00998840
0.96376812  0.00678313
0.98188406  0.00345047
1.00000000  0.00000000
