NN9910
1.00000000  0.00000000
0.98188406  0.01334454
0.96376812  0.02606017
0.94565221  0.03813540
0.92753640  0.04956149
0.90942079  0.06033235
0.89130559  0.07044440
0.87319109  0.07989651
0.85507770  0.08868985
0.83696596  0.09682780
0.81885656  0.10431584
0.80075038  0.11116144
0.78264847  0.11737393
0.76455210  0.12296445
0.74646278  0.12794578
0.72838225  0.13233226
0.71031254  0.13613967
0.69225594  0.13938513
0.67421508  0.14208701
0.65619289  0.14426476
0.63819266  0.14593889
0.62021803  0.14713077
0.60227305  0.14786260
0.58436214  0.14815723
0.56649016  0.14803813
0.54866242  0.14752920
0.53088467  0.14665473
0.51316314  0.14543924
0.49550459  0.14390740
0.47791625  0.14208394
0.46040593  0.13999346
0.44298198  0.13766044
0.42565331  0.13510903
0.40842945  0.13236299
0.39132052  0.12944557
0.37433730  0.12637941
0.35749120  0.12318642
0.34079431  0.11988767
0.32425942  0.11650330
0.30790000  0.11305239
0.29173028  0.10955287
0.27576522  0.10602138
0.26002056  0.10247320
0.24451281  0.09892213
0.22925931  0.09538036
0.21427820  0.09185839
0.19958848  0.08836490
0.18521000  0.08490666
0.17116350  0.08148839
0.15747063  0.07811270
0.14415394  0.07477994
0.13123695  0.07148810
0.11874410  0.06823272
0.10670084  0.06500677
0.09513360  0.06180052
0.08406985  0.05860148
0.07353805  0.05539422
0.06356777  0.05216036
0.05418962  0.04887836
0.04543531  0.04552348
0.03733766  0.04206764
0.02993063  0.03847932
0.02324933  0.03472346
0.01733003  0.03076132
0.01221019  0.02655042
0.00792850  0.02204439
0.00452485  0.01719289
0.00204040  0.01194147
0.00051754  0.00623149
0.00000000  0.00000000
0.00000000  0.00000000
0.00051754  -0.00742554
0.00204040  -0.01402161
0.00452485  -0.01986869
0.00792850  -0.02504273
0.01221019  -0.02961525
0.01733003  -0.03365342
0.02324933  -0.03722020
0.02993063  -0.04037439
0.03733766  -0.04317078
0.04543531  -0.04566020
0.05418962  -0.04788969
0.06356777  -0.04990253
0.07353805  -0.05173840
0.08406985  -0.05343344
0.09513360  -0.05502037
0.10670084  -0.05652859
0.11874410  -0.05798428
0.13123695  -0.05941050
0.14415394  -0.06082729
0.15747063  -0.06225180
0.17116350  -0.06369832
0.18521000  -0.06517846
0.19958848  -0.06670121
0.21427820  -0.06827306
0.22925931  -0.06989807
0.24451281  -0.07157802
0.26002056  -0.07331245
0.27576522  -0.07509884
0.29173028  -0.07693263
0.30790000  -0.07880737
0.32425942  -0.08071482
0.34079431  -0.08264504
0.35749120  -0.08458647
0.37433730  -0.08652609
0.39132052  -0.08844946
0.40842945  -0.09034086
0.42565331  -0.09218337
0.44298198  -0.09395899
0.46040593  -0.09564874
0.47791625  -0.09723272
0.49550459  -0.09869027
0.51316314  -0.10000005
0.53088467  -0.10114013
0.54866242  -0.10208810
0.56649016  -0.10282116
0.58436214  -0.10331625
0.60227305  -0.10355012
0.62021803  -0.10349946
0.63819266  -0.10314096
0.65619289  -0.10245147
0.67421508  -0.10140804
0.69225594  -0.09998808
0.71031254  -0.09816940
0.72838225  -0.09593037
0.74646278  -0.09324999
0.76455210  -0.09010798
0.78264847  -0.08648491
0.80075038  -0.08236230
0.81885656  -0.07772269
0.83696596  -0.07254977
0.85507770  -0.06682849
0.87319109  -0.06054512
0.89130559  -0.05368738
0.90942079  -0.04624456
0.92753640  -0.03820759
0.94565221  -0.02956913
0.96376812  -0.02032371
0.98188406  -0.01046782
1.00000000  0.00000000
