NN9962
1.00000000  0.00000000
0.98188406  0.02116673
0.96376812  0.04066543
0.94565221  0.05860959
0.92753640  0.07510602
0.90942079  0.09025504
0.89130559  0.10415075
0.87319109  0.11688115
0.85507770  0.12852841
0.83696596  0.13916901
0.81885656  0.14887399
0.80075038  0.15770915
0.78264847  0.16573522
0.76455210  0.17300809
0.74646278  0.17957898
0.72838225  0.18549470
0.71031254  0.19079781
0.69225594  0.19552680
0.67421508  0.19971635
0.65619289  0.20339750
0.63819266  0.20659786
0.62021803  0.20934179
0.60227305  0.21165064
0.58436214  0.21354293
0.56649016  0.21503453
0.54866242  0.21613893
0.53088467  0.21686737
0.51316314  0.21722908
0.49550459  0.21723147
0.47791625  0.21688035
0.46040593  0.21618010
0.44298198  0.21513390
0.42565331  0.21374392
0.40842945  0.21201154
0.39132052  0.20993751
0.37433730  0.20752220
0.35749120  0.20476577
0.34079431  0.20166841
0.32425942  0.19823047
0.30790000  0.19445276
0.29173028  0.19033665
0.27576522  0.18588437
0.26002056  0.18109914
0.24451281  0.17598539
0.22925931  0.17054899
0.21427820  0.16479742
0.19958848  0.15873999
0.18521000  0.15238802
0.17116350  0.14575509
0.15747063  0.13885718
0.14415394  0.13171291
0.13123695  0.12434376
0.11874410  0.11677420
0.10670084  0.10903199
0.09513360  0.10114830
0.08406985  0.09315795
0.07353805  0.08509961
0.06356777  0.07701600
0.05418962  0.06895409
0.04543531  0.06096530
0.03733766  0.05310569
0.02993063  0.04543621
0.02324933  0.03802286
0.01733003  0.03093687
0.01221019  0.02425498
0.00792850  0.01805956
0.00452485  0.01243888
0.00204040  0.00748724
0.00051754  0.00330526
0.00000000  0.00000000
0.00000000  0.00000000
0.00051754  -0.00364730
0.00204040  -0.00746395
0.00452485  -0.01139044
0.00792850  -0.01537211
0.01221019  -0.01935907
0.01733003  -0.02330595
0.02324933  -0.02717184
0.02993063  -0.03092006
0.03733766  -0.03451806
0.04543531  -0.03793720
0.05418962  -0.04115267
0.06356777  -0.04414327
0.07353805  -0.04689130
0.08406985  -0.04938238
0.09513360  -0.05160528
0.10670084  -0.05355180
0.11874410  -0.05521660
0.13123695  -0.05659703
0.14415394  -0.05769299
0.15747063  -0.05850676
0.17116350  -0.05904288
0.18521000  -0.05930794
0.19958848  -0.05931046
0.21427820  -0.05906073
0.22925931  -0.05857066
0.24451281  -0.05785358
0.26002056  -0.05692415
0.27576522  -0.05579817
0.29173028  -0.05449241
0.30790000  -0.05302449
0.32425942  -0.05141269
0.34079431  -0.04967581
0.35749120  -0.04783303
0.37433730  -0.04590372
0.39132052  -0.04390731
0.40842945  -0.04186311
0.42565331  -0.03979020
0.44298198  -0.03770723
0.46040593  -0.03563225
0.47791625  -0.03358264
0.49550459  -0.03157484
0.51316314  -0.02962429
0.53088467  -0.02774521
0.54866242  -0.02595048
0.56649016  -0.02425148
0.58436214  -0.02265792
0.60227305  -0.02117768
0.62021803  -0.01981669
0.63819266  -0.01857872
0.65619289  -0.01746529
0.67421508  -0.01647545
0.69225594  -0.01560565
0.71031254  -0.01484962
0.72838225  -0.01419813
0.74646278  -0.01363894
0.76455210  -0.01315655
0.78264847  -0.01273208
0.80075038  -0.01234316
0.81885656  -0.01196368
0.83696596  -0.01156372
0.85507770  -0.01110934
0.87319109  -0.01056246
0.89130559  -0.00988068
0.90942079  -0.00901713
0.92753640  -0.00792031
0.94565221  -0.00653395
0.96376812  -0.00479686
0.98188406  -0.00264272
1.00000000  0.00000000
