NN9905
1.00000000  0.00000000
0.98188406  0.02216455
0.96376812  0.04274663
0.94565221  0.06182622
0.92753640  0.07948053
0.90942079  0.09578399
0.89130559  0.11080832
0.87319109  0.12462255
0.85507770  0.13729309
0.83696596  0.14888369
0.81885656  0.15945558
0.80075038  0.16906740
0.78264847  0.17777532
0.76455210  0.18563303
0.74646278  0.19269180
0.72838225  0.19900049
0.71031254  0.20460561
0.69225594  0.20955135
0.67421508  0.21387962
0.65619289  0.21763005
0.63819266  0.22084008
0.62021803  0.22354498
0.60227305  0.22577787
0.58436214  0.22756974
0.56649016  0.22894955
0.54866242  0.22994420
0.53088467  0.23057859
0.51316314  0.23087569
0.49550459  0.23085652
0.47791625  0.23054020
0.46040593  0.22994402
0.44298198  0.22908345
0.42565331  0.22797217
0.40842945  0.22662212
0.39132052  0.22504353
0.37433730  0.22324497
0.35749120  0.22123335
0.34079431  0.21901400
0.32425942  0.21659067
0.30790000  0.21396560
0.29173028  0.21113953
0.27576522  0.20811174
0.26002056  0.20488010
0.24451281  0.20144108
0.22925931  0.19778983
0.21427820  0.19392015
0.19958848  0.18982461
0.18521000  0.18549450
0.17116350  0.18091994
0.15747063  0.17608986
0.14415394  0.17099208
0.13123695  0.16561330
0.11874410  0.15993918
0.10670084  0.15395435
0.09513360  0.14764247
0.08406985  0.14098623
0.07353805  0.13396741
0.06356777  0.12656692
0.05418962  0.11876482
0.04543531  0.11054037
0.03733766  0.10187207
0.02993063  0.09273766
0.02324933  0.08311421
0.01733003  0.07297811
0.01221019  0.06230513
0.00792850  0.05107047
0.00452485  0.03924875
0.00204040  0.02681408
0.00051754  0.01374010
0.00000000  0.00000000
0.00000000  0.00000000
0.00051754  -0.00146706
0.00204040  -0.00311143
0.00452485  -0.00491804
0.00792850  -0.00687219
0.01221019  -0.00895951
0.01733003  -0.01116597
0.02324933  -0.01347790
0.02993063  -0.01588194
0.03733766  -0.01836511
0.04543531  -0.02091471
0.05418962  -0.02351842
0.06356777  -0.02616421
0.07353805  -0.02884040
0.08406985  -0.03153563
0.09513360  -0.03423884
0.10670084  -0.03693931
0.11874410  -0.03962663
0.13123695  -0.04229069
0.14415394  -0.04492170
0.15747063  -0.04751017
0.17116350  -0.05004693
0.18521000  -0.05252309
0.19958848  -0.05493007
0.21427820  -0.05725959
0.22925931  -0.05950364
0.24451281  -0.06165453
0.26002056  -0.06370485
0.27576522  -0.06564746
0.29173028  -0.06747552
0.30790000  -0.06918245
0.32425942  -0.07076197
0.34079431  -0.07220807
0.35749120  -0.07351499
0.37433730  -0.07467727
0.39132052  -0.07568969
0.40842945  -0.07654730
0.42565331  -0.07724544
0.44298198  -0.07777966
0.46040593  -0.07814579
0.47791625  -0.07833993
0.49550459  -0.07835841
0.51316314  -0.07819779
0.53088467  -0.07785492
0.54866242  -0.07732685
0.56649016  -0.07661089
0.58436214  -0.07570460
0.60227305  -0.07460573
0.62021803  -0.07331232
0.63819266  -0.07182258
0.65619289  -0.07013500
0.67421508  -0.06824824
0.69225594  -0.06616124
0.71031254  -0.06387310
0.72838225  -0.06138317
0.74646278  -0.05869101
0.76455210  -0.05579638
0.78264847  -0.05269926
0.80075038  -0.04939981
0.81885656  -0.04589842
0.83696596  -0.04219567
0.85507770  -0.03829233
0.87319109  -0.03418936
0.89130559  -0.02988793
0.90942079  -0.02538939
0.92753640  -0.02069527
0.94565221  -0.01580728
0.96376812  -0.01072733
0.98188406  -0.00545748
1.00000000  0.00000000
