NN9920
1.00000000  0.00000000
0.98188406  0.01270853
0.96376812  0.02438748
0.94565221  0.03513329
0.92753640  0.04503549
0.90942079  0.05417687
0.89130559  0.06263371
0.87319109  0.07047602
0.85507770  0.07776775
0.83696596  0.08456702
0.81885656  0.09092632
0.80075038  0.09689276
0.78264847  0.10250826
0.76455210  0.10780979
0.74646278  0.11282962
0.72838225  0.11759547
0.71031254  0.12213079
0.69225594  0.12645497
0.67421508  0.13058355
0.65619289  0.13452844
0.63819266  0.13829815
0.62021803  0.14189803
0.60227305  0.14533043
0.58436214  0.14859501
0.56649016  0.15168887
0.54866242  0.15460684
0.53088467  0.15734167
0.51316314  0.15988426
0.49550459  0.16222388
0.47791625  0.16434837
0.46040593  0.16624442
0.44298198  0.16789772
0.42565331  0.16929323
0.40842945  0.17041538
0.39132052  0.17124830
0.37433730  0.17177604
0.35749120  0.17198280
0.34079431  0.17185311
0.32425942  0.17137211
0.30790000  0.17052575
0.29173028  0.16930097
0.27576522  0.16768600
0.26002056  0.16567051
0.24451281  0.16324588
0.22925931  0.16040537
0.21427820  0.15714440
0.19958848  0.15346074
0.18521000  0.14935472
0.17116350  0.14482950
0.15747063  0.13989122
0.14415394  0.13454928
0.13123695  0.12881653
0.11874410  0.12270952
0.10670084  0.11624869
0.09513360  0.10945860
0.08406985  0.10236818
0.07353805  0.09501089
0.06356777  0.08742502
0.05418962  0.07965385
0.04543531  0.07174589
0.03733766  0.06375510
0.02993063  0.05574114
0.02324933  0.04776953
0.01733003  0.03991193
0.01221019  0.03224635
0.00792850  0.02485733
0.00452485  0.01783621
0.00204040  0.01128133
0.00051754  0.00529826
0.00000000  0.00000000
0.00000000  0.00000000
0.00051754  -0.00753086
0.00204040  -0.01440533
0.00452485  -0.02065680
0.00792850  -0.02631699
0.01221019  -0.03141606
0.01733003  -0.03598264
0.02324933  -0.04004387
0.02993063  -0.04362551
0.03733766  -0.04675197
0.04543531  -0.04944640
0.05418962  -0.05173071
0.06356777  -0.05362567
0.07353805  -0.05515096
0.08406985  -0.05632521
0.09513360  -0.05716611
0.10670084  -0.05769043
0.11874410  -0.05791410
0.13123695  -0.05785226
0.14415394  -0.05751935
0.15747063  -0.05692913
0.17116350  -0.05609478
0.18521000  -0.05502895
0.19958848  -0.05374381
0.21427820  -0.05225112
0.22925931  -0.05056231
0.24451281  -0.04868850
0.26002056  -0.04664061
0.27576522  -0.04442940
0.29173028  -0.04206551
0.30790000  -0.03955956
0.32425942  -0.03692221
0.34079431  -0.03416417
0.35749120  -0.03129634
0.37433730  -0.02832981
0.39132052  -0.02527596
0.40842945  -0.02214648
0.42565331  -0.01895350
0.44298198  -0.01570957
0.46040593  -0.01242778
0.47791625  -0.00912182
0.49550459  -0.00580601
0.51316314  -0.00249538
0.53088467  0.00079426
0.54866242  0.00404628
0.56649016  0.00724314
0.58436214  0.01036634
0.60227305  0.01339637
0.62021803  0.01631264
0.63819266  0.01909341
0.65619289  0.02171573
0.67421508  0.02415538
0.69225594  0.02638683
0.71031254  0.02838312
0.72838225  0.03011587
0.74646278  0.03155517
0.76455210  0.03266953
0.78264847  0.03342581
0.80075038  0.03378919
0.81885656  0.03372305
0.83696596  0.03318898
0.85507770  0.03214666
0.87319109  0.03055381
0.89130559  0.02836615
0.90942079  0.02553733
0.92753640  0.02201885
0.94565221  0.01776000
0.96376812  0.01270783
0.98188406  0.00680706
1.00000000  0.00000000
