NN9950
1.00000000  0.00000000
0.98188406  0.01504436
0.96376812  0.02933086
0.94565221  0.04289534
0.92753640  0.05577098
0.90942079  0.06798836
0.89130559  0.07957561
0.87319109  0.09055848
0.85507770  0.10096047
0.83696596  0.11080294
0.81885656  0.12010516
0.80075038  0.12888451
0.78264847  0.13715647
0.76455210  0.14493483
0.74646278  0.15223172
0.72838225  0.15905778
0.71031254  0.16542218
0.69225594  0.17133281
0.67421508  0.17679633
0.65619289  0.18181832
0.63819266  0.18640331
0.62021803  0.19055498
0.60227305  0.19427619
0.58436214  0.19756912
0.56649016  0.20043537
0.54866242  0.20287605
0.53088467  0.20489191
0.51316314  0.20648343
0.49550459  0.20765092
0.47791625  0.20839462
0.46040593  0.20871484
0.44298198  0.20861203
0.42565331  0.20808688
0.40842945  0.20714047
0.39132052  0.20577431
0.37433730  0.20399050
0.35749120  0.20179182
0.34079431  0.19918182
0.32425942  0.19616492
0.30790000  0.19274655
0.29173028  0.18893323
0.27576522  0.18473266
0.26002056  0.18015386
0.24451281  0.17520726
0.22925931  0.16990478
0.21427820  0.16425999
0.19958848  0.15828816
0.18521000  0.15200638
0.17116350  0.14543368
0.15747063  0.13859114
0.14415394  0.13150197
0.13123695  0.12419161
0.11874410  0.11668788
0.10670084  0.10902103
0.09513360  0.10122388
0.08406985  0.09333192
0.07353805  0.08538339
0.06356777  0.07741944
0.05418962  0.06948416
0.04543531  0.06162475
0.03733766  0.05389159
0.02993063  0.04633834
0.02324933  0.03902209
0.01733003  0.03200340
0.01221019  0.02534645
0.00792850  0.01911915
0.00452485  0.01339319
0.00204040  0.00824422
0.00051754  0.00375189
0.00000000  0.00000000
0.00000000  0.00000000
0.00051754  -0.00355250
0.00204040  -0.00685140
0.00452485  -0.00992104
0.00792850  -0.01278448
0.01221019  -0.01546349
0.01733003  -0.01797860
0.02324933  -0.02034911
0.02993063  -0.02259308
0.03733766  -0.02472738
0.04543531  -0.02676768
0.05418962  -0.02872851
0.06356777  -0.03062320
0.07353805  -0.03246398
0.08406985  -0.03426194
0.09513360  -0.03602709
0.10670084  -0.03776831
0.11874410  -0.03949345
0.13123695  -0.04120928
0.14415394  -0.04292156
0.15747063  -0.04463500
0.17116350  -0.04635333
0.18521000  -0.04807927
0.19958848  -0.04981459
0.21427820  -0.05156010
0.22925931  -0.05331567
0.24451281  -0.05508025
0.26002056  -0.05685188
0.27576522  -0.05862774
0.29173028  -0.06040410
0.30790000  -0.06217640
0.32425942  -0.06393925
0.34079431  -0.06568642
0.35749120  -0.06741089
0.37433730  -0.06910485
0.39132052  -0.07075971
0.40842945  -0.07236615
0.42565331  -0.07391408
0.44298198  -0.07539273
0.46040593  -0.07679058
0.47791625  -0.07809547
0.49550459  -0.07929453
0.51316314  -0.08037427
0.53088467  -0.08132053
0.54866242  -0.08211857
0.56649016  -0.08275301
0.58436214  -0.08320789
0.60227305  -0.08346671
0.62021803  -0.08351237
0.63819266  -0.08332728
0.65619289  -0.08289329
0.67421508  -0.08219178
0.69225594  -0.08120361
0.71031254  -0.07990920
0.72838225  -0.07828851
0.74646278  -0.07632104
0.76455210  -0.07398591
0.78264847  -0.07126179
0.80075038  -0.06812701
0.81885656  -0.06455951
0.83696596  -0.06053686
0.85507770  -0.05603632
0.87319109  -0.05103482
0.89130559  -0.04550898
0.90942079  -0.03943514
0.92753640  -0.03278938
0.94565221  -0.02554751
0.96376812  -0.01768512
0.98188406  -0.00917756
1.00000000  0.00000000
