     1.000000    0.000000
     0.991095    0.009095
     0.977171    0.023029
     0.962709    0.037132
     0.947851    0.051205
     0.932709    0.065098
     0.917371    0.078694
     0.901898    0.091908
     0.886333    0.104680
     0.870704    0.116968
     0.855028    0.128743
     0.839316    0.139985
     0.823574    0.150681
     0.807802    0.160823
     0.792001    0.170404
     0.776166    0.179423
     0.760294    0.187878
     0.744379    0.195769
     0.728414    0.203098
     0.712391    0.209867
     0.696302    0.216077
     0.680139    0.221732
     0.663893    0.226835
     0.647553    0.231386
     0.631111    0.235390
     0.614555    0.238849
     0.597877    0.241764
     0.581067    0.244137
     0.564114    0.245971
     0.547010    0.247267
     0.529746    0.248026
     0.512313    0.248250
     0.494705    0.247940
     0.476917    0.247098
     0.458945    0.245727
     0.440788    0.243830
     0.422448    0.241410
     0.403929    0.238474
     0.385243    0.235028
     0.366405    0.231083
     0.347439    0.226651
     0.328378    0.221748
     0.309264    0.216396
     0.290153    0.210621
     0.271117    0.204457
     0.252244    0.197946
     0.233640    0.191138
     0.215427    0.184094
     0.197738    0.176881
     0.180711    0.169574
     0.164476    0.162249
     0.149143    0.154978
     0.134794    0.147824
     0.121474    0.140837
     0.109194    0.134053
     0.097932    0.127491
     0.087643    0.121158
     0.078268    0.115051
     0.069739    0.109159
     0.061986    0.103469
     0.054945    0.097964
     0.048552    0.092627
     0.042750    0.087442
     0.037490    0.082395
     0.032727    0.077474
     0.028421    0.072667
     0.024537    0.067966
     0.021044    0.063366
     0.017915    0.058861
     0.015123    0.054450
     0.012646    0.050131
     0.010460    0.045906
     0.008545    0.041774
     0.006880    0.037737
     0.005445    0.033799
     0.004222    0.029960
     0.003193    0.026222
     0.002339    0.022587
     0.001645    0.019054
     0.001093    0.015625
     0.000669    0.012299
     0.000359    0.009077
     0.000150    0.005956
     0.000033    0.002932
     0.000007    0.001467
     0.000000    0.000000
     0.000030   -0.002304
     0.000197   -0.004593
     0.000507   -0.006892
     0.000966   -0.009188
     0.001606   -0.011460
     0.002467   -0.013682
     0.003577   -0.015819
     0.004955   -0.017830
     0.006607   -0.019675
     0.008516   -0.021321
     0.010659   -0.022747
     0.013004   -0.023957
     0.015523   -0.024960
     0.018196   -0.025777
     0.021011   -0.026427
     0.023963   -0.026930
     0.027051   -0.027303
     0.030283   -0.027559
     0.033665   -0.027711
     0.037210   -0.027767
     0.040933   -0.027734
     0.044851   -0.027617
     0.048986   -0.027421
     0.053362   -0.027148
     0.058007   -0.026801
     0.062954   -0.026382
     0.068241   -0.025891
     0.073911   -0.025328
     0.080012   -0.024695
     0.086597   -0.023993
     0.093724   -0.023225
     0.101448   -0.022395
     0.109826   -0.021512
     0.118912   -0.020585
     0.128752   -0.019630
     0.139383   -0.018666
     0.150826   -0.017717
     0.163083   -0.016810
     0.176136   -0.015974
     0.189948   -0.015239
     0.204469   -0.014633
     0.219641   -0.014180
     0.235407   -0.013897
     0.251712   -0.013799
     0.268509   -0.013892
     0.285762   -0.014180
     0.303443   -0.014661
     0.321531   -0.015327
     0.340011   -0.016170
     0.358869   -0.017174
     0.378090   -0.018322
     0.397649   -0.019592
     0.417504   -0.020958
     0.437585   -0.022387
     0.457781   -0.023840
     0.477946   -0.025278
     0.497966   -0.026663
     0.517777   -0.027961
     0.537347   -0.029148
     0.556665   -0.030202
     0.575738   -0.031104
     0.594579   -0.031840
     0.613209   -0.032399
     0.631651   -0.032770
     0.649930   -0.032945
     0.668074   -0.032917
     0.686109   -0.032681
     0.704064   -0.032232
     0.721969   -0.031566
     0.739852   -0.030683
     0.757742   -0.029579
     0.775670   -0.028255
     0.793662   -0.026715
     0.811744   -0.024961
     0.829933   -0.023001
     0.848241   -0.020849
     0.866659   -0.018523
     0.885152   -0.016052
     0.903643   -0.013476
     0.922000   -0.010851
     0.940021   -0.008248
     0.957467   -0.005746
     0.974150   -0.003408
     0.989962   -0.001287
     1.000000    0.000000
