     1.000000    0.000000
     0.991204    0.009194
     0.977803    0.022514
     0.964129    0.035309
     0.950159    0.047595
     0.935876    0.059388
     0.921267    0.070699
     0.906319    0.081540
     0.891022    0.091920
     0.875366    0.101850
     0.859345    0.111340
     0.842953    0.120400
     0.826186    0.129042
     0.809044    0.137278
     0.791527    0.145119
     0.773640    0.152579
     0.755391    0.159669
     0.736790    0.166400
     0.717854    0.172784
     0.698602    0.178830
     0.679058    0.184547
     0.659250    0.189942
     0.639211    0.195018
     0.618976    0.199779
     0.598582    0.204224
     0.578069    0.208350
     0.557479    0.212154
     0.536853    0.215626
     0.516232    0.218758
     0.495657    0.221538
     0.475166    0.223953
     0.454798    0.225988
     0.434586    0.227628
     0.414565    0.228858
     0.394766    0.229661
     0.375219    0.230023
     0.355951    0.229928
     0.336988    0.229364
     0.318356    0.228318
     0.300078    0.226780
     0.282178    0.224742
     0.264679    0.222198
     0.247604    0.219146
     0.230979    0.215586
     0.214828    0.211524
     0.199178    0.206968
     0.184056    0.201933
     0.169491    0.196439
     0.155516    0.190516
     0.142160    0.184196
     0.129454    0.177524
     0.117427    0.170548
     0.106106    0.163326
     0.095509    0.155920
     0.085650    0.148396
     0.076532    0.140821
     0.068149    0.133259
     0.060486    0.125771
     0.053516    0.118408
     0.047205    0.111215
     0.041515    0.104225
     0.036402    0.097464
     0.031820    0.090949
     0.027725    0.084688
     0.024071    0.078684
     0.020817    0.072935
     0.017924    0.067435
     0.015356    0.062177
     0.013081    0.057151
     0.011069    0.052347
     0.009294    0.047752
     0.007733    0.043356
     0.006366    0.039149
     0.005173    0.035118
     0.004139    0.031255
     0.003249    0.027550
     0.002490    0.023993
     0.001850    0.020577
     0.001320    0.017292
     0.000890    0.014133
     0.000555    0.011093
     0.000307    0.008167
     0.000137    0.005347
     0.000037    0.002627
     0.000011    0.001314
     0.000000    0.000000
     0.000108   -0.002203
     0.000423   -0.004370
     0.000965   -0.006574
     0.001733   -0.008776
     0.002720   -0.010955
     0.003921   -0.013100
     0.005325   -0.015204
     0.006923   -0.017265
     0.008708   -0.019281
     0.010672   -0.021253
     0.012812   -0.023185
     0.015126   -0.025079
     0.017614   -0.026940
     0.020279   -0.028771
     0.023125   -0.030577
     0.026158   -0.032362
     0.029389   -0.034129
     0.032828   -0.035884
     0.036488   -0.037628
     0.040385   -0.039368
     0.044538   -0.041104
     0.048969   -0.042842
     0.053701   -0.044584
     0.058764   -0.046333
     0.064190   -0.048092
     0.070013   -0.049863
     0.076276   -0.051649
     0.083021   -0.053450
     0.090299   -0.055267
     0.098161   -0.057100
     0.106662   -0.058946
     0.115858   -0.060803
     0.125802   -0.062665
     0.136540   -0.064524
     0.148109   -0.066370
     0.160528   -0.068189
     0.173797   -0.069968
     0.187894   -0.071692
     0.202774   -0.073344
     0.218374   -0.074911
     0.234617   -0.076380
     0.251422   -0.077741
     0.268704   -0.078990
     0.286384   -0.080120
     0.304391   -0.081132
     0.322663   -0.082024
     0.341145   -0.082798
     0.359792   -0.083455
     0.378566   -0.083997
     0.397434   -0.084426
     0.416370   -0.084742
     0.435350   -0.084946
     0.454353   -0.085039
     0.473361   -0.085019
     0.492358   -0.084886
     0.511327   -0.084635
     0.530256   -0.084265
     0.549131   -0.083772
     0.567938   -0.083151
     0.586666   -0.082397
     0.605304   -0.081503
     0.623839   -0.080464
     0.642261   -0.079273
     0.660560   -0.077921
     0.678726   -0.076401
     0.696749   -0.074705
     0.714622   -0.072825
     0.732334   -0.070751
     0.749881   -0.068475
     0.767253   -0.065988
     0.784446   -0.063281
     0.801454   -0.060346
     0.818272   -0.057175
     0.834897   -0.053758
     0.851326   -0.050087
     0.867557   -0.046156
     0.883588   -0.041955
     0.899418   -0.037478
     0.915050   -0.032716
     0.930483   -0.027663
     0.945720   -0.022311
     0.960765   -0.016653
     0.975624   -0.010680
     0.990303   -0.004384
     1.000000    0.000000
