     1.000000    0.000000
     0.991626    0.003661
     0.978581    0.009200
     0.965021    0.014748
     0.951028    0.020247
     0.936675    0.025652
     0.922022    0.030922
     0.907121    0.036028
     0.892005    0.040948
     0.876701    0.045666
     0.861225    0.050172
     0.845583    0.054459
     0.829777    0.058524
     0.813804    0.062363
     0.797656    0.065976
     0.781323    0.069364
     0.764792    0.072527
     0.748048    0.075467
     0.731075    0.078184
     0.713854    0.080680
     0.696366    0.082957
     0.678591    0.085016
     0.660507    0.086858
     0.642093    0.088486
     0.623327    0.089900
     0.604186    0.091103
     0.584648    0.092097
     0.564692    0.092884
     0.544299    0.093468
     0.523453    0.093852
     0.502143    0.094040
     0.480365    0.094038
     0.458126    0.093853
     0.435449    0.093493
     0.412377    0.092966
     0.388982    0.092286
     0.365375    0.091465
     0.341712    0.090519
     0.318200    0.089466
     0.295096    0.088325
     0.272690    0.087116
     0.251278    0.085859
     0.231116    0.084574
     0.212386    0.083274
     0.195179    0.081972
     0.179494    0.080674
     0.165260    0.079385
     0.152365    0.078104
     0.140674    0.076830
     0.130050    0.075562
     0.120364    0.074295
     0.111500    0.073026
     0.103354    0.071752
     0.095837    0.070468
     0.088873    0.069170
     0.082395    0.067856
     0.076349    0.066520
     0.070687    0.065159
     0.065368    0.063769
     0.060359    0.062345
     0.055629    0.060882
     0.051154    0.059377
     0.046913    0.057824
     0.042887    0.056218
     0.039063    0.054554
     0.035427    0.052825
     0.031971    0.051025
     0.028686    0.049147
     0.025569    0.047185
     0.022615    0.045133
     0.019825    0.042982
     0.017199    0.040727
     0.014740    0.038360
     0.012452    0.035878
     0.010342    0.033275
     0.008413    0.030548
     0.006674    0.027694
     0.005129    0.024713
     0.003782    0.021603
     0.002636    0.018363
     0.001696    0.014989
     0.000961    0.011476
     0.000428    0.007819
     0.000100    0.004004
     0.000019    0.002005
     0.000000    0.000000
     0.000050   -0.004410
     0.000248   -0.008810
     0.000574   -0.013005
     0.001024   -0.017069
     0.001603   -0.021005
     0.002314   -0.024815
     0.003164   -0.028502
     0.004155   -0.032070
     0.005290   -0.035518
     0.006573   -0.038847
     0.008008   -0.042055
     0.009598   -0.045139
     0.011347   -0.048096
     0.013257   -0.050921
     0.015328   -0.053611
     0.017561   -0.056161
     0.019954   -0.058568
     0.022504   -0.060828
     0.025209   -0.062941
     0.028067   -0.064904
     0.031074   -0.066720
     0.034229   -0.068390
     0.037531   -0.069917
     0.040980   -0.071304
     0.044579   -0.072553
     0.048331   -0.073670
     0.052244   -0.074657
     0.056325   -0.075516
     0.060585   -0.076250
     0.065037   -0.076859
     0.069697   -0.077345
     0.074585   -0.077706
     0.079723   -0.077939
     0.085138   -0.078042
     0.090861   -0.078009
     0.096930   -0.077833
     0.103389   -0.077505
     0.110292   -0.077013
     0.117700   -0.076341
     0.125690   -0.075471
     0.134352   -0.074380
     0.143796   -0.073040
     0.154153   -0.071415
     0.165582   -0.069463
     0.178273   -0.067135
     0.192445   -0.064374
     0.208342   -0.061118
     0.226210   -0.057311
     0.246241   -0.052914
     0.268468   -0.047943
     0.292587   -0.042510
     0.317856   -0.036841
     0.343510   -0.031169
     0.369065   -0.025654
     0.394279   -0.020385
     0.419064   -0.015405
     0.443409   -0.010733
     0.467335   -0.006375
     0.490875   -0.002333
     0.514063    0.001396
     0.536930    0.004813
     0.559505    0.007920
     0.581808    0.010719
     0.603858    0.013212
     0.625668    0.015400
     0.647249    0.017285
     0.668606    0.018866
     0.689743    0.020146
     0.710663    0.021124
     0.731363    0.021801
     0.751841    0.022180
     0.772091    0.022260
     0.792104    0.022045
     0.811869    0.021536
     0.831372    0.020736
     0.850595    0.019651
     0.869514    0.018285
     0.888101    0.016647
     0.906320    0.014748
     0.924127    0.012601
     0.941467    0.010225
     0.958280    0.007644
     0.974496    0.004888
     0.990040    0.001991
     1.000000    0.000000
