     1.000000    0.000000
     0.990340    0.006691
     0.975711    0.016293
     0.960885    0.025400
     0.945849    0.034023
     0.930592    0.042169
     0.915106    0.049846
     0.899388    0.057060
     0.883434    0.063816
     0.867242    0.070121
     0.850812    0.075984
     0.834146    0.081413
     0.817243    0.086417
     0.800106    0.091010
     0.782737    0.095203
     0.765139    0.099011
     0.747315    0.102449
     0.729270    0.105534
     0.711009    0.108283
     0.692536    0.110716
     0.673857    0.112852
     0.654980    0.114711
     0.635911    0.116313
     0.616660    0.117679
     0.597233    0.118830
     0.577643    0.119786
     0.557899    0.120568
     0.538013    0.121195
     0.517999    0.121686
     0.497870    0.122057
     0.477644    0.122326
     0.457338    0.122506
     0.436973    0.122608
     0.416570    0.122644
     0.396158    0.122620
     0.375766    0.122541
     0.355429    0.122407
     0.335191    0.122217
     0.315100    0.121964
     0.295214    0.121640
     0.275603    0.121232
     0.256344    0.120723
     0.237527    0.120096
     0.219247    0.119330
     0.201605    0.118406
     0.184698    0.117306
     0.168612    0.116015
     0.153416    0.114522
     0.139156    0.112822
     0.125852    0.110913
     0.113502    0.108797
     0.102082    0.106478
     0.091553    0.103963
     0.081870    0.101259
     0.072982    0.098374
     0.064839    0.095315
     0.057393    0.092094
     0.050600    0.088719
     0.044421    0.085206
     0.038820    0.081568
     0.033763    0.077826
     0.029221    0.073999
     0.025160    0.070113
     0.021551    0.066191
     0.018361    0.062258
     0.015558    0.058340
     0.013106    0.054457
     0.010974    0.050629
     0.009129    0.046873
     0.007539    0.043200
     0.006177    0.039621
     0.005013    0.036141
     0.004025    0.032765
     0.003191    0.029495
     0.002491    0.026330
     0.001908    0.023271
     0.001429    0.020314
     0.001038    0.017458
     0.000724    0.014700
     0.000477    0.012037
     0.000287    0.009465
     0.000149    0.006980
     0.000058    0.004577
     0.000010    0.002252
     0.000000    0.001126
     0.000000    0.000000
     0.000077   -0.002001
     0.000421   -0.003952
     0.001061   -0.005904
     0.002041   -0.007762
     0.003407   -0.009426
     0.005114   -0.010834
     0.007093   -0.011959
     0.009276   -0.012826
     0.011618   -0.013469
     0.014092   -0.013926
     0.016688   -0.014227
     0.019400   -0.014394
     0.022233   -0.014445
     0.025191   -0.014393
     0.028283   -0.014246
     0.031521   -0.014011
     0.034917   -0.013693
     0.038487   -0.013294
     0.042249   -0.012814
     0.046223   -0.012255
     0.050434   -0.011615
     0.054907   -0.010891
     0.059676   -0.010081
     0.064774   -0.009181
     0.070242   -0.008186
     0.076126   -0.007091
     0.082475   -0.005890
     0.089344   -0.004578
     0.096793   -0.003151
     0.104881   -0.001606
     0.113666    0.000058
     0.123200    0.001836
     0.133524    0.003718
     0.144662    0.005691
     0.156612    0.007730
     0.169349    0.009807
     0.182819    0.011890
     0.196950    0.013942
     0.211656    0.015929
     0.226850    0.017819
     0.242445    0.019587
     0.258367    0.021210
     0.274552    0.022675
     0.290948    0.023969
     0.307515    0.025087
     0.324223    0.026026
     0.341048    0.026784
     0.357973    0.027363
     0.374988    0.027766
     0.392084    0.027997
     0.409255    0.028061
     0.426497    0.027964
     0.443809    0.027713
     0.461190    0.027316
     0.478639    0.026779
     0.496157    0.026112
     0.513744    0.025322
     0.531401    0.024421
     0.549128    0.023417
     0.566925    0.022321
     0.584791    0.021144
     0.602724    0.019897
     0.620721    0.018593
     0.638773    0.017244
     0.656872    0.015864
     0.675000    0.014466
     0.693134    0.013066
     0.711247    0.011678
     0.729321    0.010316
     0.747345    0.008993
     0.765309    0.007722
     0.783208    0.006513
     0.801038    0.005379
     0.818795    0.004327
     0.836475    0.003368
     0.854071    0.002510
     0.871576    0.001759
     0.888975    0.001122
     0.906253    0.000605
     0.923381    0.000211
     0.940327   -0.000058
     0.957042   -0.000202
     0.973468   -0.000223
     0.989531   -0.000126
     1.000000    0.000000
