     1.000000    0.000000
     0.991546    0.009926
     0.978330    0.024953
     0.964578    0.039985
     0.950402    0.054848
     0.935884    0.069426
     0.921091    0.083631
     0.906072    0.097402
     0.890861    0.110702
     0.875483    0.123505
     0.859957    0.135796
     0.844295    0.147567
     0.828507    0.158815
     0.812598    0.169539
     0.796574    0.179739
     0.780438    0.189417
     0.764195    0.198575
     0.747847    0.207217
     0.731397    0.215345
     0.714848    0.222962
     0.698202    0.230069
     0.681463    0.236669
     0.664635    0.242763
     0.647721    0.248354
     0.630727    0.253442
     0.613656    0.258028
     0.596516    0.262113
     0.579312    0.265697
     0.562052    0.268781
     0.544743    0.271364
     0.527393    0.273447
     0.510014    0.275029
     0.492613    0.276112
     0.475204    0.276695
     0.457798    0.276778
     0.440408    0.276364
     0.423049    0.275453
     0.405736    0.274047
     0.388486    0.272150
     0.371316    0.269763
     0.354247    0.266892
     0.337300    0.263543
     0.320497    0.259723
     0.303863    0.255440
     0.287425    0.250706
     0.271212    0.245533
     0.255255    0.239939
     0.239587    0.233941
     0.224243    0.227562
     0.209263    0.220829
     0.194684    0.213774
     0.180547    0.206430
     0.166892    0.198838
     0.153760    0.191041
     0.141187    0.183086
     0.129206    0.175023
     0.117844    0.166902
     0.107122    0.158771
     0.097051    0.150680
     0.087636    0.142670
     0.078871    0.134781
     0.070743    0.127042
     0.063232    0.119481
     0.056314    0.112115
     0.049957    0.104956
     0.044133    0.098013
     0.038807    0.091287
     0.033947    0.084776
     0.029522    0.078478
     0.025502    0.072384
     0.021858    0.066489
     0.018566    0.060782
     0.015601    0.055255
     0.012943    0.049898
     0.010572    0.044702
     0.008473    0.039659
     0.006630    0.034760
     0.005033    0.029997
     0.003670    0.025364
     0.002531    0.020854
     0.001609    0.016461
     0.000899    0.012182
     0.000400    0.008017
     0.000106    0.003959
     0.000031    0.001981
     0.000000    0.000000
     0.000034   -0.002889
     0.000173   -0.005769
     0.000415   -0.008638
     0.000761   -0.011497
     0.001217   -0.014341
     0.001792   -0.017161
     0.002496   -0.019954
     0.003334   -0.022712
     0.004314   -0.025429
     0.005440   -0.028099
     0.006717   -0.030715
     0.008148   -0.033269
     0.009736   -0.035754
     0.011482   -0.038166
     0.013386   -0.040497
     0.015447   -0.042744
     0.017663   -0.044905
     0.020033   -0.046977
     0.022555   -0.048960
     0.025228   -0.050855
     0.028052   -0.052664
     0.031029   -0.054390
     0.034159   -0.056034
     0.037447   -0.057601
     0.040899   -0.059094
     0.044521   -0.060516
     0.048322   -0.061870
     0.052314   -0.063161
     0.056509   -0.064390
     0.060923   -0.065561
     0.065575   -0.066675
     0.070487   -0.067736
     0.075683   -0.068744
     0.081193   -0.069701
     0.087051   -0.070608
     0.093298   -0.071465
     0.099979   -0.072273
     0.107149   -0.073031
     0.114870   -0.073737
     0.123216   -0.074390
     0.132269   -0.074987
     0.142126   -0.075525
     0.152893   -0.076000
     0.164687   -0.076407
     0.177628   -0.076739
     0.191835   -0.076991
     0.207405   -0.077157
     0.224402   -0.077232
     0.242831   -0.077213
     0.262629   -0.077098
     0.283658   -0.076889
     0.305716   -0.076588
     0.328570   -0.076199
     0.351980   -0.075725
     0.375724   -0.075166
     0.399616   -0.074520
     0.423512   -0.073783
     0.447301   -0.072950
     0.470909   -0.072015
     0.494286   -0.070968
     0.517405   -0.069803
     0.540252   -0.068512
     0.562826   -0.067086
     0.585135   -0.065519
     0.607192   -0.063802
     0.629016   -0.061929
     0.650629   -0.059894
     0.672056   -0.057691
     0.693321   -0.055313
     0.714451   -0.052756
     0.735473   -0.050015
     0.756411   -0.047087
     0.777287   -0.043969
     0.798114   -0.040661
     0.818900   -0.037167
     0.839631   -0.033493
     0.860271   -0.029656
     0.880750   -0.025680
     0.900947   -0.021608
     0.920686   -0.017494
     0.939742   -0.013414
     0.957859   -0.009449
     0.974802   -0.005680
     0.990395   -0.002174
     1.000000    0.000000
