     1.000000    0.000000
     0.990589    0.005634
     0.975608    0.014518
     0.959721    0.023819
     0.943118    0.033396
     0.925989    0.043112
     0.908506    0.052843
     0.890811    0.062486
     0.873012    0.071962
     0.855187    0.081214
     0.837391    0.090198
     0.819660    0.098884
     0.802019    0.107247
     0.784485    0.115272
     0.767068    0.122946
     0.749772    0.130260
     0.732602    0.137206
     0.715559    0.143779
     0.698642    0.149975
     0.681850    0.155792
     0.665182    0.161225
     0.648636    0.166275
     0.632209    0.170940
     0.615897    0.175219
     0.599698    0.179112
     0.583609    0.182619
     0.567625    0.185741
     0.551745    0.188478
     0.535963    0.190831
     0.520278    0.192801
     0.504684    0.194388
     0.489180    0.195593
     0.473761    0.196418
     0.458426    0.196862
     0.443171    0.196927
     0.427994    0.196614
     0.412892    0.195923
     0.397866    0.194854
     0.382913    0.193410
     0.368034    0.191591
     0.353228    0.189398
     0.338499    0.186832
     0.323848    0.183896
     0.309281    0.180591
     0.294803    0.176922
     0.280424    0.172894
     0.266155    0.168512
     0.252011    0.163786
     0.238012    0.158727
     0.224182    0.153352
     0.210551    0.147681
     0.197156    0.141742
     0.184042    0.135566
     0.171258    0.129198
     0.158860    0.122685
     0.146908    0.116084
     0.135460    0.109459
     0.124570    0.102873
     0.114282    0.096390
     0.104625    0.090066
     0.095613    0.083949
     0.087243    0.078075
     0.079499    0.072466
     0.072351    0.067137
     0.065762    0.062087
     0.059690    0.057314
     0.054093    0.052805
     0.048928    0.048547
     0.044154    0.044524
     0.039734    0.040719
     0.035633    0.037117
     0.031821    0.033700
     0.028269    0.030453
     0.024953    0.027362
     0.021851    0.024413
     0.018945    0.021595
     0.016217    0.018894
     0.013654    0.016301
     0.011245    0.013804
     0.008978    0.011393
     0.006842    0.009059
     0.004846    0.006787
     0.002997    0.004555
     0.001265    0.002357
     0.000538    0.001231
     0.000000    0.000000
     0.000091   -0.002795
     0.000347   -0.005571
     0.000783   -0.008410
     0.001401   -0.011283
     0.002203   -0.014181
     0.003189   -0.017097
     0.004359   -0.020026
     0.005717   -0.022965
     0.007263   -0.025910
     0.009000   -0.028857
     0.010931   -0.031805
     0.013057   -0.034751
     0.015384   -0.037692
     0.017915   -0.040627
     0.020658   -0.043555
     0.023618   -0.046473
     0.026804   -0.049379
     0.030225   -0.052271
     0.033889   -0.055147
     0.037810   -0.058005
     0.041999   -0.060840
     0.046472   -0.063648
     0.051241   -0.066426
     0.056326   -0.069167
     0.061742   -0.071864
     0.067509   -0.074511
     0.073648   -0.077097
     0.080180   -0.079613
     0.087126   -0.082047
     0.094509   -0.084384
     0.102352   -0.086609
     0.110677   -0.088706
     0.119505   -0.090655
     0.128857   -0.092435
     0.138752   -0.094025
     0.149205   -0.095401
     0.160231   -0.096539
     0.171840   -0.097416
     0.184039   -0.098006
     0.196832   -0.098288
     0.210221   -0.098238
     0.224203   -0.097837
     0.238776   -0.097066
     0.253934   -0.095910
     0.269673   -0.094356
     0.285988   -0.092394
     0.302874   -0.090018
     0.320332   -0.087222
     0.338360   -0.084007
     0.356963   -0.080373
     0.376146   -0.076327
     0.395916   -0.071878
     0.416281   -0.067040
     0.437240   -0.061835
     0.458782   -0.056293
     0.480864   -0.050461
     0.503392   -0.044408
     0.526177   -0.038238
     0.548919   -0.032088
     0.571346   -0.026088
     0.593305   -0.020330
     0.614727   -0.014875
     0.635592   -0.009764
     0.655905   -0.005023
     0.675688   -0.000669
     0.694966    0.003285
     0.713771    0.006833
     0.732132    0.009970
     0.750080    0.012694
     0.767643    0.015003
     0.784851    0.016897
     0.801731    0.018377
     0.818308    0.019442
     0.834611    0.020094
     0.850666    0.020332
     0.866500    0.020155
     0.882140    0.019560
     0.897617    0.018545
     0.912965    0.017102
     0.928222    0.015223
     0.943433    0.012893
     0.958656    0.010091
     0.973967    0.006784
     0.989472    0.002923
     1.000000    0.000000
