     1.000000    0.000000
     0.989511    0.005984
     0.972732    0.015515
     0.954950    0.025534
     0.936471    0.035811
     0.917574    0.046137
     0.898476    0.056345
     0.879325    0.066314
     0.860207    0.075966
     0.841170    0.085251
     0.822231    0.094141
     0.803393    0.102619
     0.784649    0.110675
     0.765985    0.118307
     0.747387    0.125514
     0.728835    0.132298
     0.710314    0.138659
     0.691807    0.144603
     0.673296    0.150130
     0.654767    0.155245
     0.636204    0.159951
     0.617594    0.164251
     0.598924    0.168147
     0.580183    0.171644
     0.561360    0.174743
     0.542448    0.177447
     0.523440    0.179760
     0.504332    0.181682
     0.485123    0.183219
     0.465815    0.184371
     0.446414    0.185143
     0.426932    0.185537
     0.407385    0.185558
     0.387797    0.185211
     0.368200    0.184501
     0.348636    0.183435
     0.329156    0.182022
     0.309825    0.180274
     0.290719    0.178204
     0.271922    0.175829
     0.253530    0.173169
     0.235644    0.170249
     0.218362    0.167094
     0.201775    0.163734
     0.185962    0.160198
     0.170982    0.156516
     0.156869    0.152713
     0.143639    0.148814
     0.131284    0.144838
     0.119781    0.140801
     0.109095    0.136713
     0.099182    0.132581
     0.089995    0.128412
     0.081487    0.124205
     0.073612    0.119963
     0.066327    0.115686
     0.059593    0.111373
     0.053373    0.107024
     0.047637    0.102641
     0.042356    0.098225
     0.037504    0.093780
     0.033059    0.089312
     0.028999    0.084826
     0.025306    0.080331
     0.021959    0.075837
     0.018940    0.071355
     0.016230    0.066896
     0.013811    0.062471
     0.011661    0.058093
     0.009764    0.053772
     0.008098    0.049518
     0.006646    0.045342
     0.005389    0.041250
     0.004308    0.037249
     0.003388    0.033346
     0.002611    0.029543
     0.001964    0.025843
     0.001433    0.022248
     0.001004    0.018759
     0.000664    0.015376
     0.000403    0.012099
     0.000212    0.008927
     0.000085    0.005855
     0.000016    0.002881
     0.000002    0.001441
     0.000000    0.000000
     0.000028   -0.002321
     0.000179   -0.004629
     0.000456   -0.006943
     0.000862   -0.009254
     0.001417   -0.011549
     0.002149   -0.013808
     0.003085   -0.016012
     0.004237   -0.018134
     0.005622   -0.020146
     0.007237   -0.022023
     0.009077   -0.023738
     0.011127   -0.025278
     0.013367   -0.026640
     0.015777   -0.027826
     0.018342   -0.028849
     0.021052   -0.029720
     0.023902   -0.030452
     0.026890   -0.031059
     0.030019   -0.031552
     0.033295   -0.031940
     0.036727   -0.032231
     0.040329   -0.032433
     0.044115   -0.032548
     0.048103   -0.032583
     0.052315   -0.032539
     0.056777   -0.032417
     0.061519   -0.032220
     0.066575   -0.031945
     0.071987   -0.031592
     0.077802   -0.031160
     0.084077   -0.030645
     0.090877   -0.030046
     0.098277   -0.029358
     0.106358   -0.028580
     0.115210   -0.027709
     0.124917   -0.026748
     0.135550   -0.025703
     0.147162   -0.024585
     0.159780   -0.023412
     0.173397   -0.022206
     0.187976   -0.020994
     0.203446   -0.019804
     0.219720   -0.018662
     0.236703   -0.017589
     0.254305   -0.016602
     0.272450   -0.015711
     0.291073   -0.014920
     0.310128   -0.014226
     0.329575   -0.013624
     0.349384   -0.013104
     0.369525   -0.012654
     0.389962   -0.012257
     0.410647   -0.011897
     0.431507   -0.011556
     0.452439   -0.011216
     0.473341   -0.010857
     0.494152   -0.010464
     0.514844   -0.010022
     0.535414   -0.009517
     0.555873   -0.008938
     0.576240   -0.008277
     0.596544   -0.007527
     0.616814   -0.006684
     0.637080   -0.005747
     0.657370   -0.004718
     0.677703   -0.003602
     0.698083   -0.002409
     0.718488   -0.001156
     0.738856    0.000132
     0.759059    0.001420
     0.778920    0.002666
     0.798312    0.003831
     0.817156    0.004877
     0.835414    0.005771
     0.853073    0.006485
     0.870144    0.006996
     0.886653    0.007282
     0.902637    0.007325
     0.918140    0.007108
     0.933217    0.006615
     0.947927    0.005828
     0.962341    0.004725
     0.976536    0.003280
     0.990610    0.001452
     1.000000    0.000000
