     1.000000    0.000000
     0.988478    0.004653
     0.970934    0.011777
     0.953148    0.019050
     0.935185    0.026441
     0.917096    0.033927
     0.898917    0.041488
     0.880675    0.049104
     0.862389    0.056757
     0.844076    0.064430
     0.825752    0.072102
     0.807428    0.079755
     0.789110    0.087370
     0.770803    0.094931
     0.752507    0.102419
     0.734223    0.109817
     0.715948    0.117106
     0.697680    0.124269
     0.679417    0.131286
     0.661156    0.138138
     0.642894    0.144806
     0.624628    0.151268
     0.606356    0.157504
     0.588077    0.163493
     0.569788    0.169210
     0.551490    0.174635
     0.533182    0.179743
     0.514865    0.184511
     0.496543    0.188913
     0.478218    0.192925
     0.459895    0.196521
     0.441581    0.199677
     0.423283    0.202366
     0.405011    0.204563
     0.386777    0.206243
     0.368595    0.207383
     0.350482    0.207958
     0.332456    0.207947
     0.314542    0.207331
     0.296763    0.206092
     0.279151    0.204216
     0.261740    0.201694
     0.244570    0.198521
     0.227685    0.194699
     0.211139    0.190240
     0.194990    0.185162
     0.179304    0.179501
     0.164154    0.173302
     0.149619    0.166629
     0.135778    0.159561
     0.122706    0.152193
     0.110470    0.144627
     0.099119    0.136975
     0.088681    0.129341
     0.079157    0.121821
     0.070526    0.114494
     0.062746    0.107418
     0.055758    0.100634
     0.049498    0.094162
     0.043896    0.088009
     0.038884    0.082173
     0.034399    0.076643
     0.030381    0.071403
     0.026779    0.066437
     0.023546    0.061725
     0.020641    0.057249
     0.018028    0.052992
     0.015678    0.048937
     0.013564    0.045067
     0.011663    0.041369
     0.009955    0.037829
     0.008423    0.034435
     0.007052    0.031178
     0.005831    0.028046
     0.004748    0.025032
     0.003794    0.022127
     0.002961    0.019325
     0.002241    0.016619
     0.001627    0.014004
     0.001117    0.011474
     0.000708    0.009028
     0.000400    0.006661
     0.000184    0.004371
     0.000054    0.002152
     0.000018    0.001077
     0.000000    0.000000
     0.000465   -0.001912
     0.001464   -0.003598
     0.002815   -0.005166
     0.004352   -0.006628
     0.006051   -0.008017
     0.007895   -0.009352
     0.009866   -0.010645
     0.011962   -0.011906
     0.014182   -0.013141
     0.016530   -0.014357
     0.019010   -0.015556
     0.021627   -0.016743
     0.024390   -0.017919
     0.027308   -0.019087
     0.030392   -0.020248
     0.033654   -0.021402
     0.037110   -0.022551
     0.040775   -0.023694
     0.044669   -0.024831
     0.048812   -0.025962
     0.053229   -0.027084
     0.057948   -0.028194
     0.062999   -0.029291
     0.068416   -0.030369
     0.074239   -0.031422
     0.080509   -0.032442
     0.087274   -0.033421
     0.094583   -0.034344
     0.102487   -0.035198
     0.111039   -0.035964
     0.120289   -0.036620
     0.130279   -0.037141
     0.141041   -0.037501
     0.152592   -0.037671
     0.164927   -0.037624
     0.178021   -0.037336
     0.191827   -0.036785
     0.206281   -0.035961
     0.221306   -0.034858
     0.236824   -0.033479
     0.252755   -0.031832
     0.269029   -0.029933
     0.285581   -0.027800
     0.302361   -0.025456
     0.319324   -0.022922
     0.336439   -0.020224
     0.353676   -0.017385
     0.371014   -0.014430
     0.388434   -0.011383
     0.405921   -0.008271
     0.423455   -0.005119
     0.441017   -0.001951
     0.458584    0.001204
     0.476142    0.004323
     0.493679    0.007383
     0.511190    0.010361
     0.528671    0.013237
     0.546121    0.015991
     0.563540    0.018605
     0.580928    0.021059
     0.598287    0.023338
     0.615617    0.025424
     0.632921    0.027302
     0.650198    0.028957
     0.667449    0.030374
     0.684677    0.031542
     0.701879    0.032447
     0.719058    0.033078
     0.736212    0.033426
     0.753342    0.033482
     0.770445    0.033239
     0.787522    0.032690
     0.804570    0.031833
     0.821589    0.030663
     0.838575    0.029182
     0.855528    0.027388
     0.872442    0.025287
     0.889315    0.022883
     0.906140    0.020183
     0.922910    0.017199
     0.939614    0.013943
     0.956238    0.010433
     0.972761    0.006689
     0.989156    0.002737
     1.000000    0.000000
