     1.000000    0.000000
     0.990605    0.008183
     0.976125    0.020424
     0.961235    0.032559
     0.945994    0.044515
     0.930448    0.056240
     0.914631    0.067695
     0.898571    0.078848
     0.882289    0.089679
     0.865802    0.100168
     0.849122    0.110302
     0.832262    0.120070
     0.815231    0.129462
     0.798039    0.138470
     0.780693    0.147086
     0.763204    0.155303
     0.745577    0.163115
     0.727823    0.170516
     0.709949    0.177501
     0.691963    0.184063
     0.673876    0.190197
     0.655697    0.195899
     0.637433    0.201162
     0.619097    0.205983
     0.600697    0.210357
     0.582244    0.214280
     0.563749    0.217747
     0.545223    0.220755
     0.526678    0.223300
     0.508125    0.225379
     0.489578    0.226989
     0.471048    0.228126
     0.452549    0.228790
     0.434096    0.228977
     0.415704    0.228688
     0.397387    0.227920
     0.379163    0.226673
     0.361051    0.224949
     0.343069    0.222749
     0.325241    0.220075
     0.307588    0.216931
     0.290139    0.213323
     0.272922    0.209260
     0.255972    0.204752
     0.239325    0.199814
     0.223024    0.194465
     0.207117    0.188729
     0.191655    0.182637
     0.176695    0.176226
     0.162294    0.169542
     0.148513    0.162637
     0.135406    0.155569
     0.123023    0.148402
     0.111403    0.141200
     0.100571    0.134025
     0.090536    0.126936
     0.081291    0.119982
     0.072815    0.113202
     0.065074    0.106626
     0.058027    0.100274
     0.051627    0.094156
     0.045823    0.088277
     0.040566    0.082633
     0.035808    0.077220
     0.031505    0.072028
     0.027616    0.067048
     0.024103    0.062268
     0.020931    0.057676
     0.018072    0.053262
     0.015499    0.049014
     0.013187    0.044922
     0.011116    0.040976
     0.009268    0.037169
     0.007626    0.033490
     0.006176    0.029934
     0.004905    0.026494
     0.003802    0.023165
     0.002858    0.019940
     0.002061    0.016815
     0.001404    0.013786
     0.000882    0.010852
     0.000489    0.008010
     0.000218    0.005257
     0.000059    0.002589
     0.000018    0.001296
     0.000000    0.000000
     0.000090   -0.002261
     0.000382   -0.004489
     0.000896   -0.006755
     0.001642   -0.009020
     0.002629   -0.011255
     0.003858   -0.013441
     0.005322   -0.015564
     0.007009   -0.017618
     0.008907   -0.019597
     0.011006   -0.021504
     0.013299   -0.023342
     0.015779   -0.025117
     0.018445   -0.026835
     0.021298   -0.028505
     0.024341   -0.030132
     0.027583   -0.031724
     0.031032   -0.033286
     0.034701   -0.034826
     0.038606   -0.036349
     0.042766   -0.037861
     0.047201   -0.039367
     0.051939   -0.040872
     0.057010   -0.042382
     0.062446   -0.043901
     0.068287   -0.045433
     0.074577   -0.046984
     0.081363   -0.048555
     0.088699   -0.050151
     0.096643   -0.051772
     0.105253   -0.053420
     0.114591   -0.055090
     0.124710   -0.056780
     0.135657   -0.058479
     0.147459   -0.060173
     0.160124   -0.061846
     0.173630   -0.063474
     0.187929   -0.065032
     0.202945   -0.066491
     0.218587   -0.067824
     0.234755   -0.069005
     0.251349   -0.070011
     0.268279   -0.070823
     0.285463   -0.071424
     0.302838   -0.071803
     0.320351   -0.071950
     0.337964   -0.071856
     0.355649   -0.071518
     0.373385   -0.070930
     0.391160   -0.070090
     0.408969   -0.068996
     0.426809   -0.067647
     0.444682   -0.066043
     0.462593   -0.064184
     0.480550   -0.062071
     0.498562   -0.059707
     0.516642   -0.057096
     0.534803   -0.054241
     0.553058   -0.051149
     0.571421   -0.047829
     0.589907   -0.044290
     0.608525   -0.040547
     0.627279   -0.036621
     0.646161   -0.032537
     0.665144   -0.028331
     0.684175   -0.024051
     0.703151   -0.019761
     0.721933   -0.015539
     0.740412   -0.011454
     0.758523   -0.007569
     0.776225   -0.003934
     0.793502   -0.000593
     0.810351    0.002417
     0.826783    0.005065
     0.842814    0.007324
     0.858470    0.009171
     0.873780    0.010582
     0.888780    0.011538
     0.903511    0.012015
     0.918021    0.011988
     0.932366    0.011427
     0.946615    0.010293
     0.960858    0.008531
     0.975221    0.006064
     0.989886    0.002764
     1.000000    0.000000
