     1.000000    0.000000
     0.988024    0.003299
     0.969699    0.008144
     0.950989    0.012887
     0.931966    0.017565
     0.912699    0.022213
     0.893264    0.026863
     0.873740    0.031541
     0.854193    0.036274
     0.834662    0.041085
     0.815169    0.045996
     0.795724    0.051024
     0.776328    0.056183
     0.756978    0.061484
     0.737666    0.066930
     0.718386    0.072523
     0.699126    0.078262
     0.679876    0.084141
     0.660629    0.090148
     0.641375    0.096272
     0.622109    0.102494
     0.602832    0.108793
     0.583548    0.115141
     0.564275    0.121504
     0.545039    0.127842
     0.525865    0.134116
     0.506769    0.140285
     0.487759    0.146312
     0.468843    0.152156
     0.450025    0.157781
     0.431310    0.163147
     0.412701    0.168214
     0.394205    0.172943
     0.375827    0.177293
     0.357577    0.181221
     0.339466    0.184688
     0.321507    0.187651
     0.303718    0.190070
     0.286119    0.191903
     0.268735    0.193114
     0.251595    0.193664
     0.234733    0.193523
     0.218188    0.192663
     0.202004    0.191063
     0.186232    0.188711
     0.170929    0.185607
     0.156153    0.181763
     0.141970    0.177207
     0.128445    0.171984
     0.115639    0.166158
     0.103612    0.159810
     0.092409    0.153036
     0.082065    0.145943
     0.072594    0.138642
     0.063994    0.131244
     0.056243    0.123850
     0.049302    0.116547
     0.043120    0.109408
     0.037639    0.102486
     0.032793    0.095818
     0.028520    0.089426
     0.024756    0.083322
     0.021444    0.077506
     0.018532    0.071974
     0.015971    0.066717
     0.013720    0.061721
     0.011741    0.056974
     0.010003    0.052461
     0.008477    0.048168
     0.007138    0.044079
     0.005967    0.040182
     0.004944    0.036464
     0.004054    0.032912
     0.003282    0.029517
     0.002617    0.026266
     0.002047    0.023151
     0.001563    0.020163
     0.001157    0.017294
     0.000823    0.014537
     0.000555    0.011885
     0.000346    0.009334
     0.000192    0.006875
     0.000086    0.004504
     0.000023    0.002214
     0.000007    0.001107
     0.000000    0.000000
     0.000270   -0.001944
     0.000948   -0.003759
     0.002007   -0.005507
     0.003324   -0.007143
     0.004848   -0.008678
     0.006545   -0.010135
     0.008397   -0.011524
     0.010389   -0.012859
     0.012516   -0.014148
     0.014776   -0.015400
     0.017170   -0.016620
     0.019701   -0.017815
     0.022376   -0.018987
     0.025200   -0.020143
     0.028183   -0.021283
     0.031336   -0.022410
     0.034670   -0.023528
     0.038201   -0.024637
     0.041944   -0.025739
     0.045919   -0.026835
     0.050147   -0.027926
     0.054653   -0.029011
     0.059463   -0.030091
     0.064611   -0.031165
     0.070129   -0.032232
     0.076057   -0.033288
     0.082439   -0.034330
     0.089321   -0.035353
     0.096752   -0.036351
     0.104784   -0.037316
     0.113470   -0.038236
     0.122857   -0.039099
     0.132988   -0.039890
     0.143891   -0.040592
     0.155581   -0.041187
     0.168050   -0.041657
     0.181269   -0.041986
     0.195191   -0.042159
     0.209750   -0.042167
     0.224870   -0.042004
     0.240472   -0.041669
     0.256481   -0.041165
     0.272826   -0.040500
     0.289447   -0.039682
     0.306293   -0.038722
     0.323321   -0.037632
     0.340500   -0.036426
     0.357802   -0.035115
     0.375208   -0.033712
     0.392700   -0.032231
     0.410266   -0.030684
     0.427893   -0.029083
     0.445573   -0.027441
     0.463294   -0.025769
     0.481045   -0.024080
     0.498813   -0.022386
     0.516583   -0.020698
     0.534345   -0.019027
     0.552092   -0.017384
     0.569820   -0.015777
     0.587527   -0.014216
     0.605214   -0.012708
     0.622880   -0.011260
     0.640525   -0.009880
     0.658153   -0.008573
     0.675765   -0.007345
     0.693363   -0.006200
     0.710949   -0.005142
     0.728525   -0.004175
     0.746094   -0.003300
     0.763657   -0.002521
     0.781215   -0.001836
     0.798770   -0.001248
     0.816321   -0.000753
     0.833865   -0.000351
     0.851400   -0.000038
     0.868918    0.000190
     0.886409    0.000340
     0.903854    0.000417
     0.921231    0.000432
     0.938502    0.000393
     0.955622    0.000313
     0.972526    0.000205
     0.989135    0.000083
     1.000000    0.000000
