     1.000000    0.000000
     0.991192    0.006442
     0.977504    0.016178
     0.963308    0.025932
     0.948684    0.035623
     0.933696    0.045191
     0.918402    0.054586
     0.902847    0.063768
     0.887068    0.072709
     0.871096    0.081386
     0.854957    0.089782
     0.838670    0.097882
     0.822254    0.105677
     0.805725    0.113157
     0.789097    0.120316
     0.772384    0.127146
     0.755597    0.133643
     0.738750    0.139802
     0.721852    0.145618
     0.704916    0.151088
     0.687950    0.156209
     0.670967    0.160977
     0.653974    0.165390
     0.636982    0.169446
     0.619999    0.173143
     0.603034    0.176480
     0.586093    0.179455
     0.569186    0.182067
     0.552318    0.184315
     0.535496    0.186200
     0.518726    0.187722
     0.502015    0.188879
     0.485368    0.189673
     0.468790    0.190103
     0.452287    0.190172
     0.435864    0.189878
     0.419526    0.189224
     0.403279    0.188211
     0.387130    0.186840
     0.371084    0.185112
     0.355149    0.183032
     0.339334    0.180600
     0.323648    0.177821
     0.308103    0.174700
     0.292712    0.171241
     0.277491    0.167453
     0.262459    0.163345
     0.247639    0.158928
     0.233057    0.154217
     0.218746    0.149232
     0.204740    0.143997
     0.191081    0.138538
     0.177814    0.132892
     0.164987    0.127097
     0.152647    0.121198
     0.140842    0.115243
     0.129612    0.109283
     0.118990    0.103365
     0.108996    0.097535
     0.099640    0.091833
     0.090919    0.086291
     0.082815    0.080932
     0.075305    0.075773
     0.068357    0.070822
     0.061934    0.066080
     0.055998    0.061544
     0.050511    0.057208
     0.045435    0.053062
     0.040735    0.049096
     0.036378    0.045298
     0.032335    0.041656
     0.028579    0.038157
     0.025086    0.034789
     0.021836    0.031541
     0.018810    0.028400
     0.015993    0.025356
     0.013373    0.022398
     0.010941    0.019513
     0.008691    0.016688
     0.006619    0.013912
     0.004737    0.011168
     0.003060    0.008437
     0.001607    0.005690
     0.000509    0.002894
     0.000178    0.001468
     0.000000    0.000000
     0.000052   -0.002816
     0.000237   -0.005619
     0.000560   -0.008449
     0.001026   -0.011290
     0.001647   -0.014133
     0.002435   -0.016967
     0.003400   -0.019783
     0.004550   -0.022571
     0.005890   -0.025323
     0.007424   -0.028029
     0.009155   -0.030679
     0.011083   -0.033269
     0.013210   -0.035791
     0.015535   -0.038243
     0.018057   -0.040622
     0.020777   -0.042928
     0.023696   -0.045163
     0.026818   -0.047328
     0.030146   -0.049426
     0.033688   -0.051462
     0.037454   -0.053438
     0.041455   -0.055360
     0.045707   -0.057232
     0.050228   -0.059058
     0.055040   -0.060843
     0.060169   -0.062591
     0.065648   -0.064307
     0.071511   -0.065995
     0.077803   -0.067659
     0.084574   -0.069303
     0.091883   -0.070932
     0.099797   -0.072549
     0.108395   -0.074159
     0.117767   -0.075765
     0.128013   -0.077372
     0.139241   -0.078981
     0.151568   -0.080595
     0.165103   -0.082217
     0.179945   -0.083847
     0.196163   -0.085483
     0.213777   -0.087123
     0.232748   -0.088762
     0.252970   -0.090392
     0.274275   -0.092005
     0.296457   -0.093590
     0.319288   -0.095136
     0.342548   -0.096628
     0.366033   -0.098052
     0.389571   -0.099390
     0.413018   -0.100627
     0.436261   -0.101745
     0.459210   -0.102725
     0.481801   -0.103552
     0.503984   -0.104208
     0.525726   -0.104680
     0.547005   -0.104952
     0.567807   -0.105013
     0.588129   -0.104851
     0.607972   -0.104458
     0.627342   -0.103824
     0.646248   -0.102944
     0.664703   -0.101811
     0.682721   -0.100421
     0.700320   -0.098769
     0.717515   -0.096851
     0.734325   -0.094666
     0.750768   -0.092209
     0.766862   -0.089479
     0.782626   -0.086473
     0.798078   -0.083189
     0.813234   -0.079624
     0.828114   -0.075775
     0.842733   -0.071638
     0.857108   -0.067212
     0.871257   -0.062491
     0.885195   -0.057470
     0.898940   -0.052144
     0.912507   -0.046506
     0.925916   -0.040547
     0.939185   -0.034257
     0.952336   -0.027623
     0.965392   -0.020627
     0.978383   -0.013246
     0.991346   -0.005452
     1.000000    0.000000
