     1.000000    0.000000
     0.989015    0.000780
     0.972955    0.002611
     0.957141    0.005168
     0.941415    0.008371
     0.925666    0.012174
     0.909811    0.016535
     0.893792    0.021419
     0.877563    0.026790
     0.861091    0.032611
     0.844355    0.038843
     0.827344    0.045438
     0.810065    0.052343
     0.792540    0.059491
     0.774819    0.066806
     0.756988    0.074191
     0.739161    0.081544
     0.721416    0.088776
     0.703794    0.095822
     0.686314    0.102634
     0.668980    0.109172
     0.651788    0.115405
     0.634730    0.121309
     0.617796    0.126862
     0.600974    0.132048
     0.584255    0.136851
     0.567628    0.141257
     0.551084    0.145255
     0.534616    0.148833
     0.518215    0.151983
     0.501877    0.154697
     0.485596    0.156966
     0.469368    0.158785
     0.453191    0.160149
     0.437062    0.161053
     0.420979    0.161495
     0.404944    0.161471
     0.388957    0.160981
     0.373019    0.160025
     0.357134    0.158604
     0.341308    0.156721
     0.325546    0.154380
     0.309859    0.151587
     0.294259    0.148350
     0.278763    0.144681
     0.263391    0.140596
     0.248172    0.136112
     0.233142    0.131257
     0.218345    0.126062
     0.203836    0.120570
     0.189681    0.114831
     0.175954    0.108908
     0.162737    0.102871
     0.150110    0.096798
     0.138147    0.090769
     0.126907    0.084859
     0.116425    0.079133
     0.106714    0.073642
     0.097762    0.068421
     0.089537    0.063487
     0.081994    0.058847
     0.075078    0.054495
     0.068735    0.050419
     0.062906    0.046603
     0.057540    0.043027
     0.052587    0.039673
     0.048004    0.036523
     0.043750    0.033558
     0.039791    0.030762
     0.036096    0.028121
     0.032637    0.025619
     0.029393    0.023245
     0.026340    0.020987
     0.023463    0.018836
     0.020744    0.016782
     0.018169    0.014817
     0.015727    0.012935
     0.013407    0.011127
     0.011200    0.009388
     0.009096    0.007712
     0.007087    0.006095
     0.005171    0.004528
     0.003348    0.003001
     0.001597    0.001522
     0.000770    0.000790
     0.000000    0.000000
     0.000176   -0.002150
     0.000599   -0.004248
     0.001286   -0.006378
     0.002198   -0.008503
     0.003297   -0.010616
     0.004569   -0.012721
     0.006006   -0.014823
     0.007602   -0.016924
     0.009352   -0.019030
     0.011256   -0.021144
     0.013316   -0.023271
     0.015536   -0.025414
     0.017922   -0.027577
     0.020482   -0.029765
     0.023225   -0.031981
     0.026164   -0.034228
     0.029310   -0.036509
     0.032681   -0.038828
     0.036294   -0.041188
     0.040169   -0.043592
     0.044328   -0.046041
     0.048798   -0.048537
     0.053607   -0.051082
     0.058786   -0.053675
     0.064369   -0.056314
     0.070393   -0.058997
     0.076897   -0.061717
     0.083922   -0.064466
     0.091507   -0.067233
     0.099691   -0.070001
     0.108509   -0.072751
     0.117989   -0.075457
     0.128150   -0.078090
     0.139001   -0.080619
     0.150535   -0.083006
     0.162733   -0.085218
     0.175566   -0.087218
     0.188991   -0.088975
     0.202960   -0.090462
     0.217422   -0.091657
     0.232326   -0.092543
     0.247622   -0.093110
     0.263266   -0.093352
     0.279218   -0.093268
     0.295443   -0.092861
     0.311913   -0.092136
     0.328604   -0.091101
     0.345498   -0.089766
     0.362578   -0.088143
     0.379834   -0.086243
     0.397255   -0.084080
     0.414836   -0.081669
     0.432570   -0.079024
     0.450456   -0.076161
     0.468491   -0.073098
     0.486671   -0.069852
     0.504994   -0.066441
     0.523455   -0.062887
     0.542048   -0.059210
     0.560759   -0.055435
     0.579567   -0.051588
     0.598441   -0.047699
     0.617329   -0.043804
     0.636174   -0.039938
     0.654938   -0.036131
     0.673599   -0.032412
     0.692145   -0.028804
     0.710568   -0.025329
     0.728867   -0.022007
     0.747043   -0.018854
     0.765098   -0.015887
     0.783034   -0.013122
     0.800856   -0.010572
     0.818566   -0.008250
     0.836167   -0.006167
     0.853662   -0.004335
     0.871050   -0.002763
     0.888329   -0.001460
     0.905497   -0.000433
     0.922545    0.000312
     0.939461    0.000770
     0.956229    0.000940
     0.972822    0.000823
     0.989208    0.000422
     1.000000    0.000000
