     1.000000    0.000000
     0.991230    0.007664
     0.978034    0.018604
     0.964734    0.028948
     0.951289    0.038737
     0.937670    0.048002
     0.923853    0.056765
     0.909817    0.065040
     0.895546    0.072842
     0.881025    0.080180
     0.866241    0.087065
     0.851179    0.093505
     0.835827    0.099507
     0.820175    0.105081
     0.804209    0.110234
     0.787919    0.114976
     0.771295    0.119316
     0.754327    0.123262
     0.737008    0.126827
     0.719330    0.130021
     0.701288    0.132856
     0.682880    0.135345
     0.664107    0.137502
     0.644970    0.139343
     0.625476    0.140882
     0.605635    0.142136
     0.585462    0.143123
     0.564974    0.143859
     0.544196    0.144363
     0.523154    0.144651
     0.501881    0.144740
     0.480415    0.144645
     0.458798    0.144380
     0.437079    0.143956
     0.415310    0.143382
     0.393553    0.142666
     0.371871    0.141810
     0.350339    0.140815
     0.329037    0.139680
     0.308050    0.138401
     0.287473    0.136972
     0.267404    0.135387
     0.247945    0.133640
     0.229194    0.131728
     0.211244    0.129650
     0.194174    0.127407
     0.178043    0.125005
     0.162891    0.122453
     0.148730    0.119761
     0.135554    0.116941
     0.123335    0.114006
     0.112031    0.110967
     0.101593    0.107835
     0.091964    0.104619
     0.083087    0.101326
     0.074908    0.097963
     0.067374    0.094537
     0.060437    0.091051
     0.054053    0.087510
     0.048183    0.083920
     0.042793    0.080286
     0.037852    0.076613
     0.033333    0.072908
     0.029210    0.069178
     0.025460    0.065433
     0.022063    0.061681
     0.018999    0.057932
     0.016246    0.054197
     0.013787    0.050485
     0.011601    0.046808
     0.009671    0.043175
     0.007976    0.039595
     0.006499    0.036076
     0.005221    0.032624
     0.004124    0.029245
     0.003194    0.025945
     0.002413    0.022725
     0.001767    0.019589
     0.001243    0.016537
     0.000826    0.013571
     0.000505    0.010691
     0.000270    0.007897
     0.000111    0.005186
     0.000024    0.002555
     0.000004    0.001278
     0.000000    0.000000
     0.000074   -0.002186
     0.000312   -0.004347
     0.000728   -0.006546
     0.001331   -0.008755
     0.002128   -0.010957
     0.003127   -0.013133
     0.004326   -0.015273
     0.005723   -0.017368
     0.007311   -0.019411
     0.009087   -0.021398
     0.011043   -0.023328
     0.013176   -0.025200
     0.015483   -0.027018
     0.017962   -0.028784
     0.020616   -0.030503
     0.023447   -0.032178
     0.026460   -0.033814
     0.029662   -0.035414
     0.033064   -0.036983
     0.036678   -0.038525
     0.040517   -0.040043
     0.044599   -0.041541
     0.048943   -0.043023
     0.053572   -0.044491
     0.058513   -0.045948
     0.063796   -0.047396
     0.069454   -0.048838
     0.075525   -0.050275
     0.082053   -0.051709
     0.089083   -0.053139
     0.096667   -0.054564
     0.104858   -0.055984
     0.113709   -0.057395
     0.123274   -0.058792
     0.133599   -0.060167
     0.144722   -0.061511
     0.156665   -0.062813
     0.169430   -0.064059
     0.182998   -0.065235
     0.197326   -0.066326
     0.212351   -0.067317
     0.227995   -0.068196
     0.244176   -0.068951
     0.260808   -0.069574
     0.277811   -0.070059
     0.295113   -0.070401
     0.312654   -0.070599
     0.330381   -0.070651
     0.348254   -0.070557
     0.366241   -0.070315
     0.384315   -0.069928
     0.402458   -0.069394
     0.420655   -0.068716
     0.438896   -0.067894
     0.457175   -0.066929
     0.475486   -0.065821
     0.493828   -0.064573
     0.512201   -0.063185
     0.530605   -0.061658
     0.549045   -0.059994
     0.567523   -0.058196
     0.586046   -0.056264
     0.604618   -0.054204
     0.623247   -0.052016
     0.641941   -0.049706
     0.660706   -0.047277
     0.679550   -0.044737
     0.698479   -0.042091
     0.717496   -0.039348
     0.736602   -0.036519
     0.755788   -0.033618
     0.775035   -0.030662
     0.794309   -0.027672
     0.813546   -0.024677
     0.832662   -0.021710
     0.851580   -0.018804
     0.870240   -0.015989
     0.888595   -0.013293
     0.906599   -0.010741
     0.924213   -0.008358
     0.941395   -0.006165
     0.958102   -0.004180
     0.974292   -0.002417
     0.989915   -0.000889
     1.000000    0.000000
