     1.000000    0.000000
     0.993297    0.004200
     0.983284    0.010248
     0.973291    0.016020
     0.963296    0.021536
     0.953281    0.026812
     0.943232    0.031858
     0.933135    0.036685
     0.922980    0.041299
     0.912757    0.045707
     0.902457    0.049915
     0.892070    0.053925
     0.881590    0.057742
     0.871007    0.061368
     0.860313    0.064806
     0.849502    0.068057
     0.838565    0.071123
     0.827494    0.074004
     0.816281    0.076703
     0.804918    0.079218
     0.793396    0.081551
     0.781706    0.083702
     0.769840    0.085669
     0.757789    0.087453
     0.745542    0.089052
     0.733091    0.090466
     0.720425    0.091694
     0.707535    0.092735
     0.694410    0.093586
     0.681039    0.094248
     0.667412    0.094717
     0.653518    0.094993
     0.639346    0.095075
     0.624885    0.094959
     0.610125    0.094647
     0.595054    0.094135
     0.579663    0.093423
     0.563940    0.092511
     0.547877    0.091398
     0.531464    0.090085
     0.514692    0.088571
     0.497554    0.086859
     0.480044    0.084951
     0.462157    0.082848
     0.443890    0.080556
     0.425242    0.078079
     0.406217    0.075423
     0.386822    0.072596
     0.367072    0.069607
     0.346991    0.066469
     0.326615    0.063196
     0.306000    0.059806
     0.285229    0.056323
     0.264420    0.052779
     0.243738    0.049211
     0.223400    0.045667
     0.203668    0.042202
     0.184827    0.038873
     0.167142    0.035733
     0.150813    0.032822
     0.135939    0.030160
     0.122523    0.027748
     0.110485    0.025572
     0.099702    0.023612
     0.090030    0.021841
     0.081329    0.020235
     0.073467    0.018769
     0.066328    0.017424
     0.059815    0.016181
     0.053842    0.015025
     0.048339    0.013942
     0.043245    0.012922
     0.038512    0.011954
     0.034095    0.011029
     0.029960    0.010139
     0.026076    0.009277
     0.022416    0.008435
     0.018958    0.007606
     0.015684    0.006779
     0.012578    0.005944
     0.009629    0.005085
     0.006822    0.004181
     0.004180    0.003179
     0.001703    0.001974
     0.000625    0.001176
     0.000000    0.000000
     0.000047   -0.003438
     0.000228   -0.006864
     0.000539   -0.010235
     0.000979   -0.013564
     0.001557   -0.016842
     0.002283   -0.020063
     0.003167   -0.023221
     0.004214   -0.026308
     0.005431   -0.029318
     0.006823   -0.032243
     0.008395   -0.035074
     0.010150   -0.037802
     0.012089   -0.040419
     0.014214   -0.042917
     0.016520   -0.045291
     0.019007   -0.047535
     0.021672   -0.049648
     0.024511   -0.051628
     0.027523   -0.053477
     0.030707   -0.055195
     0.034063   -0.056786
     0.037595   -0.058253
     0.041309   -0.059600
     0.045211   -0.060831
     0.049313   -0.061948
     0.053629   -0.062954
     0.058175   -0.063852
     0.062973   -0.064643
     0.068048   -0.065326
     0.073431   -0.065902
     0.079158   -0.066368
     0.085274   -0.066720
     0.091832   -0.066953
     0.098896   -0.067061
     0.106546   -0.067034
     0.114877   -0.066860
     0.124008   -0.066525
     0.134085   -0.066009
     0.145283   -0.065291
     0.157816   -0.064347
     0.171929   -0.063150
     0.187877   -0.061681
     0.205856   -0.059935
     0.225852   -0.057951
     0.247456   -0.055827
     0.270045   -0.053693
     0.293083   -0.051663
     0.316229   -0.049819
     0.339315   -0.048208
     0.362296   -0.046855
     0.385194   -0.045774
     0.408070   -0.044968
     0.431008   -0.044438
     0.454101   -0.044182
     0.477453   -0.044197
     0.501174   -0.044478
     0.525372   -0.045016
     0.550139   -0.045794
     0.575515   -0.046786
     0.601410   -0.047942
     0.627471   -0.049183
     0.652979   -0.050392
     0.677296   -0.051457
     0.700175   -0.052302
     0.721602   -0.052883
     0.741677   -0.053177
     0.760531   -0.053174
     0.778302   -0.052872
     0.795120   -0.052270
     0.811101   -0.051372
     0.826347   -0.050179
     0.840949   -0.048694
     0.854989   -0.046917
     0.868539   -0.044847
     0.881664   -0.042480
     0.894424   -0.039810
     0.906879   -0.036828
     0.919087   -0.033520
     0.931105   -0.029864
     0.943000   -0.025832
     0.954847   -0.021383
     0.966745   -0.016454
     0.978823   -0.010950
     0.991292   -0.004711
     1.000000    0.000000
