     1.000000    0.000000
     0.991806    0.005089
     0.979038    0.012826
     0.965765    0.020626
     0.952075    0.028413
     0.938045    0.036125
     0.923741    0.043707
     0.909220    0.051120
     0.894528    0.058331
     0.879698    0.065317
     0.864759    0.072059
     0.849729    0.078546
     0.834626    0.084768
     0.819459    0.090719
     0.804238    0.096395
     0.788968    0.101793
     0.773654    0.106910
     0.758300    0.111746
     0.742907    0.116300
     0.727477    0.120571
     0.712011    0.124559
     0.696510    0.128264
     0.680974    0.131687
     0.665403    0.134827
     0.649798    0.137684
     0.634158    0.140259
     0.618484    0.142552
     0.602775    0.144563
     0.587031    0.146291
     0.571253    0.147737
     0.555440    0.148902
     0.539594    0.149784
     0.523715    0.150384
     0.507804    0.150701
     0.491862    0.150736
     0.475892    0.150489
     0.459895    0.149959
     0.443874    0.149147
     0.427834    0.148053
     0.411779    0.146677
     0.395713    0.145020
     0.379645    0.143083
     0.363582    0.140869
     0.347535    0.138378
     0.331518    0.135614
     0.315544    0.132581
     0.299635    0.129286
     0.283815    0.125736
     0.268112    0.121941
     0.252563    0.117916
     0.237212    0.113677
     0.222111    0.109248
     0.207318    0.104657
     0.192902    0.099937
     0.178934    0.095127
     0.165487    0.090272
     0.152631    0.085418
     0.140426    0.080611
     0.128917    0.075893
     0.118129    0.071303
     0.108071    0.066868
     0.098731    0.062608
     0.090081    0.058536
     0.082085    0.054656
     0.074697    0.050965
     0.067871    0.047457
     0.061558    0.044124
     0.055712    0.040954
     0.050289    0.037935
     0.045249    0.035055
     0.040555    0.032302
     0.036175    0.029664
     0.032080    0.027130
     0.028245    0.024689
     0.024648    0.022330
     0.021268    0.020042
     0.018090    0.017816
     0.015100    0.015641
     0.012289    0.013504
     0.009650    0.011392
     0.007177    0.009287
     0.004885    0.007165
     0.002809    0.004983
     0.000995    0.002667
     0.000352    0.001398
     0.000000    0.000000
     0.000040   -0.002969
     0.000199   -0.005928
     0.000475   -0.008872
     0.000871   -0.011801
     0.001395   -0.014708
     0.002059   -0.017585
     0.002873   -0.020423
     0.003844   -0.023214
     0.004981   -0.025951
     0.006289   -0.028624
     0.007771   -0.031224
     0.009433   -0.033741
     0.011274   -0.036167
     0.013294   -0.038496
     0.015492   -0.040722
     0.017864   -0.042841
     0.020409   -0.044852
     0.023124   -0.046755
     0.026008   -0.048552
     0.029061   -0.050245
     0.032286   -0.051838
     0.035687   -0.053335
     0.039271   -0.054740
     0.043045   -0.056058
     0.047023   -0.057291
     0.051219   -0.058444
     0.055650   -0.059520
     0.060339   -0.060521
     0.065311   -0.061450
     0.070598   -0.062308
     0.076237   -0.063097
     0.082273   -0.063816
     0.088758   -0.064466
     0.095757   -0.065044
     0.103346   -0.065549
     0.111618   -0.065978
     0.120686   -0.066328
     0.130682   -0.066593
     0.141767   -0.066770
     0.154128   -0.066852
     0.167968   -0.066836
     0.183499   -0.066724
     0.200890   -0.066521
     0.220198   -0.066248
     0.241257   -0.065939
     0.263659   -0.065637
     0.286976   -0.065388
     0.310877   -0.065227
     0.335159   -0.065177
     0.359728   -0.065251
     0.384556   -0.065453
     0.409656   -0.065779
     0.435047   -0.066219
     0.460724   -0.066755
     0.486614   -0.067360
     0.512516   -0.067995
     0.538072   -0.068610
     0.562967   -0.069158
     0.587036   -0.069593
     0.610211   -0.069881
     0.632480   -0.069996
     0.653868   -0.069915
     0.674414   -0.069622
     0.694167   -0.069106
     0.713180   -0.068359
     0.731504   -0.067373
     0.749190   -0.066145
     0.766288   -0.064671
     0.782842   -0.062949
     0.798896   -0.060976
     0.814490   -0.058750
     0.829663   -0.056271
     0.844450   -0.053534
     0.858887   -0.050538
     0.873004   -0.047278
     0.886834   -0.043750
     0.900409   -0.039947
     0.913760   -0.035861
     0.926921   -0.031480
     0.939926   -0.026791
     0.952815   -0.021774
     0.965637   -0.016401
     0.978447   -0.010638
     0.991322   -0.004429
     1.000000    0.000000
