     1.000000    0.000000
     0.990009    0.006655
     0.974481    0.016915
     0.958437    0.027396
     0.942018    0.037974
     0.925334    0.048545
     0.908472    0.059028
     0.891495    0.069356
     0.874445    0.079479
     0.857350    0.089358
     0.840228    0.098963
     0.823089    0.108269
     0.805941    0.117255
     0.788785    0.125902
     0.771624    0.134197
     0.754457    0.142124
     0.737285    0.149672
     0.720105    0.156827
     0.702919    0.163580
     0.685724    0.169920
     0.668520    0.175838
     0.651308    0.181326
     0.634087    0.186375
     0.616857    0.190978
     0.599619    0.195128
     0.582375    0.198821
     0.565126    0.202049
     0.547872    0.204809
     0.530618    0.207096
     0.513364    0.208908
     0.496115    0.210242
     0.478874    0.211095
     0.461645    0.211467
     0.444432    0.211357
     0.427242    0.210765
     0.410080    0.209693
     0.392955    0.208142
     0.375874    0.206115
     0.358848    0.203616
     0.341888    0.200650
     0.325008    0.197222
     0.308225    0.193343
     0.291559    0.189021
     0.275035    0.184270
     0.258683    0.179108
     0.242538    0.173555
     0.226646    0.167639
     0.211060    0.161395
     0.195840    0.154866
     0.181059    0.148105
     0.166795    0.141173
     0.153127    0.134143
     0.140134    0.127090
     0.127882    0.120092
     0.116420    0.113222
     0.105778    0.106544
     0.095958    0.100107
     0.086941    0.093946
     0.078692    0.088079
     0.071160    0.082512
     0.064290    0.077241
     0.058023    0.072255
     0.052302    0.067538
     0.047073    0.063071
     0.042287    0.058836
     0.037897    0.054812
     0.033866    0.050981
     0.030158    0.047326
     0.026742    0.043830
     0.023592    0.040477
     0.020685    0.037254
     0.018002    0.034148
     0.015527    0.031146
     0.013246    0.028238
     0.011148    0.025413
     0.009225    0.022662
     0.007471    0.019976
     0.005883    0.017347
     0.004464    0.014766
     0.003214    0.012227
     0.002140    0.009721
     0.001251    0.007244
     0.000584    0.004797
     0.000170    0.002383
     0.000057    0.001197
     0.000000    0.000000
     0.000154   -0.002252
     0.000547   -0.004457
     0.001200   -0.006702
     0.002089   -0.008946
     0.003183   -0.011176
     0.004470   -0.013392
     0.005940   -0.015597
     0.007587   -0.017794
     0.009404   -0.019984
     0.011391   -0.022173
     0.013548   -0.024363
     0.015879   -0.026559
     0.018388   -0.028765
     0.021083   -0.030984
     0.023973   -0.033221
     0.027070   -0.035479
     0.030387   -0.037761
     0.033939   -0.040070
     0.037745   -0.042410
     0.041824   -0.044783
     0.046202   -0.047192
     0.050902   -0.049637
     0.055955   -0.052119
     0.061393   -0.054639
     0.067251   -0.057195
     0.073566   -0.059782
     0.080379   -0.062396
     0.087730   -0.065027
     0.095661   -0.067664
     0.104212   -0.070290
     0.113417   -0.072885
     0.123304   -0.075424
     0.133891   -0.077877
     0.145184   -0.080210
     0.157175   -0.082390
     0.169840   -0.084378
     0.183144   -0.086140
     0.197043   -0.087643
     0.211484   -0.088859
     0.226411   -0.089765
     0.241771   -0.090345
     0.257511   -0.090585
     0.273585   -0.090480
     0.289954   -0.090025
     0.306582   -0.089223
     0.323442   -0.088077
     0.340512   -0.086593
     0.357774   -0.084777
     0.375214   -0.082641
     0.392825   -0.080193
     0.410601   -0.077446
     0.428537   -0.074413
     0.446633   -0.071106
     0.464890   -0.067542
     0.483309   -0.063737
     0.501890   -0.059709
     0.520635   -0.055479
     0.539538   -0.051071
     0.558588   -0.046514
     0.577764   -0.041842
     0.597023   -0.037096
     0.616298   -0.032326
     0.635497   -0.027593
     0.654546   -0.022949
     0.673397   -0.018444
     0.692018   -0.014118
     0.710393   -0.010008
     0.728513   -0.006148
     0.746372   -0.002566
     0.763972    0.000709
     0.781314    0.003653
     0.798405    0.006245
     0.815252    0.008461
     0.831863    0.010284
     0.848251    0.011696
     0.864427    0.012678
     0.880409    0.013213
     0.896217    0.013284
     0.911874    0.012873
     0.927412    0.011957
     0.942870    0.010513
     0.958301    0.008507
     0.973779    0.005895
     0.989408    0.002611
     1.000000    0.000000
