     1.000000    0.000000
     0.991793    0.009845
     0.979203    0.024436
     0.966297    0.038780
     0.953086    0.052824
     0.939581    0.066526
     0.925786    0.079854
     0.911705    0.092774
     0.897342    0.105258
     0.882697    0.117280
     0.867773    0.128816
     0.852571    0.139843
     0.837093    0.150337
     0.821344    0.160280
     0.805326    0.169652
     0.789045    0.178437
     0.772506    0.186619
     0.755718    0.194186
     0.738687    0.201128
     0.721424    0.207435
     0.703938    0.213104
     0.686241    0.218132
     0.668344    0.222520
     0.650259    0.226272
     0.631999    0.229393
     0.613578    0.231894
     0.595007    0.233784
     0.576300    0.235079
     0.557470    0.235794
     0.538530    0.235945
     0.519491    0.235552
     0.500368    0.234635
     0.481172    0.233214
     0.461916    0.231309
     0.442613    0.228943
     0.423277    0.226136
     0.403923    0.222909
     0.384565    0.219283
     0.365222    0.215279
     0.345913    0.210916
     0.326662    0.206213
     0.307497    0.201190
     0.288453    0.195867
     0.269573    0.190264
     0.250907    0.184402
     0.232522    0.178307
     0.214494    0.172006
     0.196916    0.165533
     0.179890    0.158928
     0.163530    0.152235
     0.147947    0.145504
     0.133244    0.138788
     0.119503    0.132138
     0.106780    0.125599
     0.095094    0.119210
     0.084437    0.112996
     0.074770    0.106975
     0.066040    0.101153
     0.058180    0.095532
     0.051120    0.090107
     0.044788    0.084869
     0.039119    0.079810
     0.034050    0.074921
     0.029524    0.070193
     0.025490    0.065618
     0.021902    0.061190
     0.018718    0.056902
     0.015901    0.052751
     0.013416    0.048731
     0.011233    0.044840
     0.009324    0.041075
     0.007662    0.037434
     0.006224    0.033913
     0.004987    0.030510
     0.003932    0.027224
     0.003039    0.024050
     0.002293    0.020986
     0.001677    0.018027
     0.001179    0.015171
     0.000783    0.012416
     0.000479    0.009757
     0.000256    0.007191
     0.000107    0.004714
     0.000024    0.002318
     0.000005    0.001160
     0.000000    0.000000
     0.000232   -0.001986
     0.000851   -0.003861
     0.001848   -0.005683
     0.003130   -0.007394
     0.004638   -0.008996
     0.006334   -0.010511
     0.008195   -0.011951
     0.010204   -0.013331
     0.012353   -0.014662
     0.014639   -0.015955
     0.017062   -0.017217
     0.019624   -0.018457
     0.022330   -0.019679
     0.025188   -0.020891
     0.028207   -0.022095
     0.031396   -0.023298
     0.034769   -0.024502
     0.038341   -0.025713
     0.042128   -0.026933
     0.046151   -0.028168
     0.050431   -0.029420
     0.054994   -0.030693
     0.059869   -0.031991
     0.065090   -0.033319
     0.070693   -0.034679
     0.076720   -0.036076
     0.083217   -0.037513
     0.090235   -0.038993
     0.097828   -0.040518
     0.106052   -0.042091
     0.114963   -0.043710
     0.124614   -0.045375
     0.135051   -0.047079
     0.146302   -0.048814
     0.158380   -0.050570
     0.171272   -0.052332
     0.184940   -0.054083
     0.199324   -0.055803
     0.214346   -0.057475
     0.229918   -0.059081
     0.245951   -0.060605
     0.262360   -0.062036
     0.279070   -0.063362
     0.296014   -0.064577
     0.313141   -0.065675
     0.330406   -0.066651
     0.347777   -0.067504
     0.365226   -0.068230
     0.382732   -0.068828
     0.400281   -0.069297
     0.417860   -0.069636
     0.435459   -0.069843
     0.453072   -0.069918
     0.470692   -0.069859
     0.488315   -0.069666
     0.505937   -0.069338
     0.523555   -0.068873
     0.541167   -0.068270
     0.558770   -0.067528
     0.576362   -0.066646
     0.593943   -0.065623
     0.611509   -0.064458
     0.629061   -0.063150
     0.646596   -0.061698
     0.664114   -0.060100
     0.681614   -0.058357
     0.699093   -0.056467
     0.716551   -0.054430
     0.733987   -0.052245
     0.751399   -0.049913
     0.768785   -0.047434
     0.786143   -0.044807
     0.803470   -0.042033
     0.820763   -0.039113
     0.838017   -0.036050
     0.855226   -0.032844
     0.872382   -0.029499
     0.889474   -0.026018
     0.906486   -0.022408
     0.923399   -0.018675
     0.940186   -0.014829
     0.956814   -0.010882
     0.973236   -0.006850
     0.989399   -0.002755
     1.000000    0.000000
