     1.000000    0.000000
     0.992972    0.004598
     0.982519    0.011159
     0.972107    0.017376
     0.961679    0.023298
     0.951196    0.028957
     0.940626    0.034378
     0.929939    0.039579
     0.919111    0.044576
     0.908120    0.049381
     0.896943    0.054002
     0.885561    0.058447
     0.873955    0.062722
     0.862106    0.066832
     0.849994    0.070781
     0.837602    0.074570
     0.824911    0.078203
     0.811904    0.081680
     0.798563    0.085002
     0.784872    0.088170
     0.770815    0.091182
     0.756379    0.094037
     0.741553    0.096734
     0.726327    0.099271
     0.710696    0.101645
     0.694659    0.103853
     0.678220    0.105891
     0.661388    0.107758
     0.644179    0.109448
     0.626615    0.110958
     0.608725    0.112284
     0.590544    0.113424
     0.572113    0.114373
     0.553479    0.115128
     0.534693    0.115688
     0.515805    0.116050
     0.496872    0.116212
     0.477944    0.116175
     0.459075    0.115937
     0.440314    0.115500
     0.421705    0.114863
     0.403292    0.114030
     0.385112    0.113001
     0.367199    0.111779
     0.349584    0.110369
     0.332295    0.108774
     0.315358    0.106999
     0.298795    0.105050
     0.282629    0.102935
     0.266879    0.100660
     0.251568    0.098236
     0.236712    0.095672
     0.222333    0.092981
     0.208446    0.090175
     0.195070    0.087269
     0.182218    0.084278
     0.169902    0.081218
     0.158132    0.078106
     0.146912    0.074957
     0.136243    0.071789
     0.126120    0.068614
     0.116534    0.065448
     0.107473    0.062301
     0.098919    0.059185
     0.090852    0.056105
     0.083250    0.053070
     0.076089    0.050082
     0.069343    0.047145
     0.062988    0.044259
     0.057000    0.041425
     0.051353    0.038640
     0.046025    0.035902
     0.040995    0.033207
     0.036243    0.030551
     0.031749    0.027928
     0.027498    0.025331
     0.023475    0.022753
     0.019668    0.020184
     0.016067    0.017611
     0.012666    0.015018
     0.009466    0.012382
     0.006474    0.009667
     0.003740    0.006815
     0.001351    0.003698
     0.000448    0.001937
     0.000000    0.000000
     0.000051   -0.004654
     0.000248   -0.009299
     0.000573   -0.013738
     0.001021   -0.018046
     0.001596   -0.022225
     0.002301   -0.026277
     0.003141   -0.030208
     0.004116   -0.034021
     0.005231   -0.037718
     0.006487   -0.041300
     0.007887   -0.044769
     0.009436   -0.048123
     0.011134   -0.051362
     0.012986   -0.054484
     0.014993   -0.057488
     0.017155   -0.060372
     0.019474   -0.063133
     0.021951   -0.065772
     0.024584   -0.068286
     0.027375   -0.070676
     0.030322   -0.072942
     0.033426   -0.075086
     0.036690   -0.077110
     0.040115   -0.079016
     0.043706   -0.080807
     0.047467   -0.082488
     0.051408   -0.084060
     0.055537   -0.085528
     0.059867   -0.086894
     0.064412   -0.088161
     0.069192   -0.089332
     0.074228   -0.090408
     0.079546   -0.091390
     0.085179   -0.092279
     0.091165   -0.093074
     0.097548   -0.093774
     0.104384   -0.094376
     0.111740   -0.094877
     0.119697   -0.095270
     0.128357   -0.095549
     0.137844   -0.095704
     0.148315   -0.095723
     0.159964   -0.095592
     0.173032   -0.095291
     0.187817   -0.094803
     0.204663   -0.094107
     0.223928   -0.093191
     0.245865   -0.092062
     0.270372   -0.090769
     0.296775   -0.089407
     0.324301   -0.088080
     0.352440   -0.086861
     0.380975   -0.085789
     0.409880   -0.084878
     0.439223   -0.084122
     0.469074   -0.083503
     0.499388   -0.082988
     0.529835   -0.082532
     0.559639   -0.082077
     0.588099   -0.081565
     0.614951   -0.080942
     0.640182   -0.080168
     0.663891   -0.079216
     0.686218   -0.078064
     0.707306   -0.076703
     0.727290   -0.075123
     0.746294   -0.073319
     0.764428   -0.071290
     0.781787   -0.069032
     0.798455   -0.066545
     0.814508   -0.063826
     0.830011   -0.060873
     0.845024   -0.057685
     0.859600   -0.054258
     0.873788   -0.050588
     0.887633   -0.046668
     0.901178   -0.042491
     0.914465   -0.038047
     0.927536   -0.033324
     0.940433   -0.028304
     0.953204   -0.022965
     0.965903   -0.017276
     0.978597   -0.011194
     0.991373   -0.004658
     1.000000    0.000000
