     1.000000    0.000000
     0.992029    0.009770
     0.979803    0.024164
     0.967252    0.038235
     0.954369    0.051940
     0.941144    0.065245
     0.927572    0.078112
     0.913645    0.090505
     0.899358    0.102386
     0.884708    0.113716
     0.869693    0.124457
     0.854314    0.134570
     0.838576    0.144021
     0.822487    0.152773
     0.806059    0.160798
     0.789308    0.168068
     0.772253    0.174564
     0.754916    0.180273
     0.737322    0.185190
     0.719497    0.189316
     0.701469    0.192662
     0.683262    0.195246
     0.664903    0.197095
     0.646415    0.198238
     0.627817    0.198713
     0.609129    0.198560
     0.590364    0.197821
     0.571536    0.196543
     0.552654    0.194770
     0.533725    0.192548
     0.514754    0.189924
     0.495746    0.186943
     0.476703    0.183648
     0.457626    0.180082
     0.438516    0.176287
     0.419376    0.172302
     0.400208    0.168165
     0.381016    0.163914
     0.361809    0.159583
     0.342599    0.155207
     0.323404    0.150817
     0.304250    0.146443
     0.285168    0.142113
     0.266192    0.137850
     0.247369    0.133672
     0.228760    0.129596
     0.210448    0.125631
     0.192540    0.121787
     0.175167    0.118065
     0.158477    0.114462
     0.142607    0.110967
     0.127676    0.107563
     0.113768    0.104226
     0.100925    0.100928
     0.089154    0.097640
     0.078425    0.094334
     0.068690    0.090984
     0.059890    0.087568
     0.051961    0.084068
     0.044843    0.080473
     0.038481    0.076780
     0.032825    0.072993
     0.027830    0.069125
     0.023450    0.065198
     0.019641    0.061238
     0.016353    0.057278
     0.013538    0.053346
     0.011142    0.049474
     0.009117    0.045682
     0.007412    0.041990
     0.005983    0.038410
     0.004790    0.034948
     0.003798    0.031609
     0.002976    0.028392
     0.002299    0.025296
     0.001745    0.022317
     0.001296    0.019450
     0.000935    0.016693
     0.000647    0.014038
     0.000422    0.011483
     0.000250    0.009022
     0.000127    0.006648
     0.000047    0.004357
     0.000006    0.002142
    -0.000001    0.001071
     0.000000    0.000000
     0.000554   -0.001843
     0.001889   -0.003238
     0.003607   -0.004315
     0.005504   -0.005176
     0.007535   -0.005918
     0.009674   -0.006580
     0.011914   -0.007186
     0.014255   -0.007756
     0.016702   -0.008302
     0.019257   -0.008833
     0.021928   -0.009356
     0.024723   -0.009877
     0.027650   -0.010401
     0.030720   -0.010932
     0.033946   -0.011477
     0.037340   -0.012038
     0.040918   -0.012621
     0.044699   -0.013230
     0.048701   -0.013871
     0.052947   -0.014549
     0.057464   -0.015270
     0.062279   -0.016042
     0.067427   -0.016872
     0.072944   -0.017768
     0.078872   -0.018742
     0.085258   -0.019803
     0.092153   -0.020965
     0.099613   -0.022241
     0.107696   -0.023645
     0.116461   -0.025194
     0.125963   -0.026902
     0.136253   -0.028782
     0.147362   -0.030845
     0.159305   -0.033097
     0.172071   -0.035535
     0.185619   -0.038150
     0.199885   -0.040926
     0.214784   -0.043836
     0.230218   -0.046851
     0.246086   -0.049936
     0.262295   -0.053057
     0.278767   -0.056180
     0.295434   -0.059275
     0.312245   -0.062314
     0.329160   -0.065269
     0.346148   -0.068118
     0.363188   -0.070838
     0.380264   -0.073410
     0.397365   -0.075814
     0.414482   -0.078034
     0.431610   -0.080053
     0.448743   -0.081854
     0.465879   -0.083425
     0.483014   -0.084751
     0.500146   -0.085820
     0.517273   -0.086620
     0.534392   -0.087141
     0.551501   -0.087373
     0.568598   -0.087309
     0.585680   -0.086942
     0.602746   -0.086267
     0.619792   -0.085281
     0.636816   -0.083983
     0.653818   -0.082372
     0.670795   -0.080450
     0.687746   -0.078222
     0.704671   -0.075693
     0.721569   -0.072871
     0.738442   -0.069764
     0.755290   -0.066386
     0.772116   -0.062750
     0.788922   -0.058871
     0.805711   -0.054767
     0.822487   -0.050458
     0.839253   -0.045968
     0.856011   -0.041322
     0.872763   -0.036549
     0.889505   -0.031681
     0.906234   -0.026756
     0.922936   -0.021816
     0.939591   -0.016908
     0.956181   -0.012082
     0.972692   -0.007387
     0.989109   -0.002881
     1.000000    0.000000
