     1.000000    0.000000
     0.990223    0.004017
     0.974969    0.010095
     0.959062    0.016200
     0.942578    0.022295
     0.925589    0.028349
     0.908158    0.034335
     0.890345    0.040237
     0.872202    0.046038
     0.853776    0.051728
     0.835109    0.057299
     0.816239    0.062742
     0.797204    0.068051
     0.778035    0.073219
     0.758765    0.078241
     0.739424    0.083110
     0.720038    0.087818
     0.700634    0.092358
     0.681235    0.096722
     0.661866    0.100902
     0.642545    0.104889
     0.623292    0.108675
     0.604123    0.112252
     0.585054    0.115609
     0.566100    0.118740
     0.547271    0.121635
     0.528580    0.124287
     0.510037    0.126687
     0.491651    0.128828
     0.473430    0.130704
     0.455383    0.132307
     0.437516    0.133630
     0.419839    0.134670
     0.402358    0.135420
     0.385081    0.135876
     0.368017    0.136034
     0.351175    0.135891
     0.334566    0.135445
     0.318200    0.134695
     0.302093    0.133641
     0.286259    0.132284
     0.270717    0.130629
     0.255488    0.128679
     0.240596    0.126445
     0.226068    0.123935
     0.211934    0.121164
     0.198226    0.118151
     0.184978    0.114917
     0.172225    0.111487
     0.159999    0.107889
     0.148330    0.104157
     0.137242    0.100321
     0.126751    0.096416
     0.116866    0.092475
     0.107587    0.088526
     0.098904    0.084597
     0.090801    0.080710
     0.083255    0.076884
     0.076237    0.073132
     0.069716    0.069463
     0.063661    0.065885
     0.058038    0.062401
     0.052816    0.059011
     0.047963    0.055714
     0.043450    0.052509
     0.039252    0.049392
     0.035344    0.046358
     0.031703    0.043403
     0.028309    0.040522
     0.025146    0.037710
     0.022197    0.034961
     0.019449    0.032270
     0.016889    0.029632
     0.014509    0.027041
     0.012301    0.024491
     0.010259    0.021976
     0.008379    0.019492
     0.006659    0.017031
     0.005103    0.014588
     0.003717    0.012156
     0.002510    0.009729
     0.001492    0.007299
     0.000706    0.004866
     0.000206    0.002434
     0.000068    0.001224
     0.000000    0.000000
     0.000041   -0.002336
     0.000227   -0.004656
     0.000562   -0.006986
     0.001057   -0.009312
     0.001737   -0.011613
     0.002633   -0.013865
     0.003765   -0.016038
     0.005145   -0.018101
     0.006776   -0.020023
     0.008648   -0.021777
     0.010746   -0.023343
     0.013048   -0.024716
     0.015531   -0.025898
     0.018180   -0.026897
     0.020980   -0.027725
     0.023926   -0.028395
     0.027015   -0.028918
     0.030251   -0.029304
     0.033637   -0.029563
     0.037184   -0.029699
     0.040902   -0.029718
     0.044808   -0.029622
     0.048919   -0.029413
     0.053258   -0.029088
     0.057848   -0.028646
     0.062720   -0.028082
     0.067909   -0.027391
     0.073456   -0.026564
     0.079407   -0.025591
     0.085820   -0.024459
     0.092760   -0.023155
     0.100301   -0.021659
     0.108531   -0.019952
     0.117547   -0.018012
     0.127454   -0.015818
     0.138356   -0.013349
     0.150343   -0.010594
     0.163467   -0.007553
     0.177707   -0.004252
     0.192957   -0.000743
     0.209058    0.002909
     0.225826    0.006630
     0.243077    0.010348
     0.260658    0.014004
     0.278447    0.017550
     0.296357    0.020951
     0.314329    0.024182
     0.332325    0.027226
     0.350323    0.030069
     0.368312    0.032705
     0.386286    0.035126
     0.404246    0.037331
     0.422193    0.039315
     0.440132    0.041079
     0.458069    0.042619
     0.476008    0.043938
     0.493957    0.045033
     0.511922    0.045906
     0.529909    0.046556
     0.547925    0.046986
     0.565976    0.047195
     0.584069    0.047186
     0.602210    0.046960
     0.620406    0.046518
     0.638663    0.045863
     0.656988    0.044998
     0.675387    0.043925
     0.693865    0.042648
     0.712428    0.041170
     0.731080    0.039496
     0.749826    0.037630
     0.768665    0.035578
     0.787596    0.033348
     0.806613    0.030947
     0.825703    0.028386
     0.844843    0.025677
     0.863996    0.022836
     0.883103    0.019884
     0.902083    0.016847
     0.920818    0.013760
     0.939158    0.010662
     0.956919    0.007602
     0.973906    0.004630
     0.989928    0.001795
     1.000000    0.000000
