     1.000000    0.000000
     0.990729    0.006337
     0.976565    0.015737
     0.962137    0.024965
     0.947488    0.033968
     0.932652    0.042711
     0.917653    0.051161
     0.902508    0.059296
     0.887232    0.067097
     0.871832    0.074551
     0.856315    0.081646
     0.840684    0.088373
     0.824944    0.094724
     0.809094    0.100693
     0.793137    0.106277
     0.777074    0.111472
     0.760903    0.116274
     0.744627    0.120684
     0.728245    0.124700
     0.711756    0.128322
     0.695162    0.131553
     0.678462    0.134394
     0.661656    0.136848
     0.644745    0.138919
     0.627729    0.140611
     0.610610    0.141930
     0.593386    0.142882
     0.576060    0.143473
     0.558633    0.143711
     0.541106    0.143604
     0.523480    0.143161
     0.505759    0.142392
     0.487944    0.141306
     0.470038    0.139914
     0.452046    0.138227
     0.433972    0.136258
     0.415822    0.134017
     0.397603    0.131518
     0.379327    0.128774
     0.361005    0.125799
     0.342654    0.122609
     0.324298    0.119218
     0.305968    0.115645
     0.287702    0.111910
     0.269556    0.108035
     0.251598    0.104045
     0.233917    0.099972
     0.216617    0.095849
     0.199824    0.091717
     0.183670    0.087618
     0.168284    0.083594
     0.153780    0.079684
     0.140241    0.075921
     0.127707    0.072327
     0.116182    0.068913
     0.105633    0.065681
     0.096002    0.062624
     0.087217    0.059732
     0.079199    0.056990
     0.071872    0.054382
     0.065162    0.051891
     0.059003    0.049502
     0.053336    0.047201
     0.048109    0.044974
     0.043276    0.042807
     0.038799    0.040690
     0.034644    0.038611
     0.030784    0.036560
     0.027194    0.034528
     0.023856    0.032505
     0.020754    0.030484
     0.017876    0.028455
     0.015213    0.026411
     0.012761    0.024345
     0.010515    0.022251
     0.008478    0.020123
     0.006652    0.017959
     0.005041    0.015758
     0.003652    0.013523
     0.002489    0.011261
     0.001556    0.008979
     0.000851    0.006696
     0.000365    0.004433
     0.000087    0.002201
     0.000021    0.001104
     0.000000    0.000000
     0.000114   -0.002073
     0.000467   -0.004099
     0.001084   -0.006144
     0.001964   -0.008156
     0.003104   -0.010098
     0.004490   -0.011954
     0.006101   -0.013714
     0.007920   -0.015375
     0.009929   -0.016938
     0.012117   -0.018407
     0.014476   -0.019790
     0.017001   -0.021093
     0.019691   -0.022321
     0.022549   -0.023480
     0.025579   -0.024576
     0.028790   -0.025613
     0.032190   -0.026594
     0.035792   -0.027521
     0.039612   -0.028398
     0.043668   -0.029226
     0.047980   -0.030004
     0.052573   -0.030735
     0.057475   -0.031416
     0.062719   -0.032046
     0.068343   -0.032625
     0.074389   -0.033148
     0.080904   -0.033611
     0.087943   -0.034010
     0.095564   -0.034339
     0.103830   -0.034591
     0.112810   -0.034758
     0.122571   -0.034833
     0.133175   -0.034806
     0.144676   -0.034673
     0.157109   -0.034427
     0.170483   -0.034068
     0.184779   -0.033600
     0.199943   -0.033033
     0.215892   -0.032382
     0.232514   -0.031667
     0.249683   -0.030912
     0.267255   -0.030144
     0.285103   -0.029387
     0.303130   -0.028664
     0.321263   -0.027993
     0.339456   -0.027392
     0.357677   -0.026871
     0.375908   -0.026442
     0.394138   -0.026113
     0.412367   -0.025888
     0.430595   -0.025773
     0.448827   -0.025770
     0.467071   -0.025879
     0.485333   -0.026100
     0.503622   -0.026430
     0.521948   -0.026865
     0.540316   -0.027399
     0.558734   -0.028025
     0.577203   -0.028731
     0.595720   -0.029504
     0.614272   -0.030330
     0.632835   -0.031186
     0.651362   -0.032051
     0.669790   -0.032897
     0.688069   -0.033696
     0.706161   -0.034419
     0.724036   -0.035038
     0.741673   -0.035522
     0.759059   -0.035844
     0.776181   -0.035975
     0.793035   -0.035890
     0.809616   -0.035562
     0.825925   -0.034965
     0.841964   -0.034077
     0.857739   -0.032873
     0.873257   -0.031332
     0.888530   -0.029430
     0.903571   -0.027147
     0.918399   -0.024457
     0.933035   -0.021337
     0.947510   -0.017757
     0.961862   -0.013683
     0.976141   -0.009070
     0.990419   -0.003855
     1.000000    0.000000
