     1.000000    0.000000
     0.992626    0.004215
     0.981232    0.010551
     0.969453    0.016883
     0.957321    0.023180
     0.944865    0.029418
     0.932107    0.035574
     0.919071    0.041631
     0.905776    0.047574
     0.892239    0.053389
     0.878476    0.059066
     0.864501    0.064596
     0.850328    0.069971
     0.835968    0.075183
     0.821434    0.080226
     0.806739    0.085095
     0.791895    0.089784
     0.776914    0.094288
     0.761810    0.098602
     0.746596    0.102722
     0.731285    0.106644
     0.715892    0.110363
     0.700430    0.113876
     0.684914    0.117180
     0.669357    0.120271
     0.653772    0.123146
     0.638174    0.125804
     0.622574    0.128243
     0.606986    0.130460
     0.591420    0.132454
     0.575887    0.134224
     0.560397    0.135770
     0.544960    0.137091
     0.529585    0.138187
     0.514279    0.139058
     0.499048    0.139705
     0.483901    0.140128
     0.468842    0.140329
     0.453877    0.140307
     0.439010    0.140064
     0.424247    0.139602
     0.409591    0.138922
     0.395046    0.138025
     0.380616    0.136913
     0.366305    0.135588
     0.352117    0.134052
     0.338056    0.132307
     0.324127    0.130355
     0.310335    0.128201
     0.296686    0.125846
     0.283187    0.123294
     0.269846    0.120551
     0.256673    0.117620
     0.243677    0.114508
     0.230871    0.111223
     0.218270    0.107772
     0.205889    0.104166
     0.193747    0.100416
     0.181864    0.096535
     0.170261    0.092539
     0.158961    0.088445
     0.147989    0.084271
     0.137366    0.080039
     0.127116    0.075770
     0.117257    0.071486
     0.107808    0.067208
     0.098780    0.062958
     0.090180    0.058755
     0.082012    0.054615
     0.074273    0.050554
     0.066955    0.046582
     0.060046    0.042708
     0.053532    0.038937
     0.047396    0.035272
     0.041617    0.031713
     0.036177    0.028258
     0.031055    0.024903
     0.026232    0.021642
     0.021688    0.018468
     0.017406    0.015370
     0.013372    0.012338
     0.009577    0.009351
     0.006007    0.006387
     0.002713    0.003371
     0.001164    0.001824
     0.000000    0.000000
     0.000096   -0.006166
     0.000426   -0.012318
     0.000951   -0.018093
     0.001671   -0.023632
     0.002585   -0.028947
     0.003693   -0.034049
     0.004992   -0.038948
     0.006481   -0.043651
     0.008163   -0.048161
     0.010037   -0.052484
     0.012106   -0.056619
     0.014371   -0.060567
     0.016832   -0.064325
     0.019491   -0.067892
     0.022348   -0.071264
     0.025400   -0.074438
     0.028648   -0.077410
     0.032088   -0.080177
     0.035718   -0.082737
     0.039536   -0.085089
     0.043540   -0.087231
     0.047729   -0.089164
     0.052104   -0.090889
     0.056667   -0.092407
     0.061423   -0.093719
     0.066380   -0.094825
     0.071546   -0.095725
     0.076934   -0.096417
     0.082560   -0.096899
     0.088444   -0.097167
     0.094611   -0.097213
     0.101087   -0.097029
     0.107908   -0.096602
     0.115113   -0.095917
     0.122751   -0.094953
     0.130880   -0.093686
     0.139568   -0.092083
     0.148898   -0.090107
     0.158969   -0.087707
     0.169903   -0.084826
     0.181847   -0.081388
     0.194980   -0.077304
     0.209521   -0.072463
     0.225738   -0.066732
     0.243943   -0.059957
     0.264490   -0.051973
     0.287705   -0.042642
     0.313702   -0.031952
     0.341906   -0.020241
     0.370702   -0.008344
     0.398667    0.002992
     0.425248    0.013433
     0.450378    0.022900
     0.474175    0.031417
     0.496797    0.039041
     0.518397    0.045835
     0.539111    0.051858
     0.559055    0.057160
     0.578328    0.061787
     0.597014    0.065778
     0.615188    0.069166
     0.632914    0.071979
     0.650250    0.074242
     0.667246    0.075973
     0.683948    0.077190
     0.700401    0.077905
     0.716641    0.078129
     0.732707    0.077870
     0.748632    0.077131
     0.764449    0.075916
     0.780190    0.074224
     0.795884    0.072052
     0.811561    0.069396
     0.827249    0.066249
     0.842976    0.062602
     0.858767    0.058445
     0.874648    0.053765
     0.890639    0.048551
     0.906758    0.042791
     0.923014    0.036475
     0.939407    0.029602
     0.955913    0.022180
     0.972487    0.014234
     0.989042    0.005823
     1.000000    0.000000
