     1.000000    0.000000
     0.990259    0.004538
     0.973780    0.012169
     0.954906    0.020837
     0.933684    0.030488
     0.910453    0.040929
     0.885789    0.051859
     0.860335    0.062956
     0.834646    0.073943
     0.809121    0.084623
     0.784011    0.094870
     0.759460    0.104613
     0.735539    0.113813
     0.712278    0.122456
     0.689678    0.130539
     0.667727    0.138068
     0.646405    0.145055
     0.625685    0.151514
     0.605540    0.157459
     0.585944    0.162906
     0.566870    0.167873
     0.548291    0.172376
     0.530183    0.176429
     0.512522    0.180050
     0.495288    0.183251
     0.478458    0.186047
     0.462015    0.188453
     0.445941    0.190479
     0.430220    0.192140
     0.414838    0.193445
     0.399781    0.194406
     0.385037    0.195033
     0.370595    0.195336
     0.356446    0.195324
     0.342582    0.195007
     0.328995    0.194392
     0.315679    0.193489
     0.302630    0.192305
     0.289843    0.190849
     0.277317    0.189129
     0.265048    0.187153
     0.253038    0.184930
     0.241286    0.182468
     0.229793    0.179776
     0.218563    0.176864
     0.207598    0.173741
     0.196902    0.170418
     0.186480    0.166907
     0.176338    0.163219
     0.166479    0.159366
     0.156910    0.155361
     0.147637    0.151218
     0.138663    0.146952
     0.129995    0.142575
     0.121635    0.138104
     0.113587    0.133552
     0.105852    0.128933
     0.098432    0.124263
     0.091325    0.119553
     0.084530    0.114816
     0.078044    0.110064
     0.071862    0.105308
     0.065978    0.100556
     0.060387    0.095817
     0.055082    0.091097
     0.050054    0.086402
     0.045295    0.081735
     0.040797    0.077099
     0.036551    0.072496
     0.032551    0.067926
     0.028787    0.063389
     0.025253    0.058883
     0.021942    0.054404
     0.018850    0.049949
     0.015971    0.045513
     0.013304    0.041089
     0.010848    0.036671
     0.008604    0.032249
     0.006577    0.027813
     0.004777    0.023352
     0.003216    0.018849
     0.001915    0.014287
     0.000906    0.009644
     0.000252    0.004900
     0.000073    0.002456
     0.000000    0.000000
     0.000078   -0.005452
     0.000337   -0.010894
     0.000762   -0.016167
     0.001351   -0.021324
     0.002106   -0.026363
     0.003027   -0.031285
     0.004113   -0.036088
     0.005364   -0.040775
     0.006779   -0.045346
     0.008358   -0.049799
     0.010102   -0.054136
     0.012010   -0.058355
     0.014083   -0.062457
     0.016321   -0.066440
     0.018723   -0.070303
     0.021292   -0.074045
     0.024025   -0.077666
     0.026924   -0.081163
     0.029990   -0.084537
     0.033222   -0.087785
     0.036622   -0.090907
     0.040190   -0.093903
     0.043928   -0.096770
     0.047839   -0.099510
     0.051924   -0.102121
     0.056188   -0.104602
     0.060635   -0.106954
     0.065271   -0.109176
     0.070101   -0.111267
     0.075135   -0.113225
     0.080382   -0.115049
     0.085853   -0.116737
     0.091561   -0.118286
     0.097521   -0.119693
     0.103751   -0.120954
     0.110270   -0.122063
     0.117101   -0.123014
     0.124271   -0.123799
     0.131809   -0.124408
     0.139750   -0.124829
     0.148131   -0.125049
     0.156999   -0.125052
     0.166403   -0.124817
     0.176402   -0.124323
     0.187062   -0.123542
     0.198460   -0.122442
     0.210685   -0.120986
     0.223835   -0.119132
     0.238027   -0.116829
     0.253393   -0.114019
     0.270086   -0.110637
     0.288281   -0.106608
     0.308180   -0.101848
     0.330014   -0.096268
     0.354038   -0.089776
     0.380507   -0.082292
     0.409586   -0.073787
     0.441080   -0.064381
     0.473870   -0.054528
     0.506069   -0.044941
     0.536637   -0.036051
     0.565365   -0.027990
     0.592373   -0.020757
     0.617867   -0.014307
     0.642047   -0.008585
     0.665092   -0.003540
     0.687150    0.000874
     0.708349    0.004700
     0.728794    0.007970
     0.748577    0.010715
     0.767776    0.012961
     0.786458    0.014730
     0.804686    0.016040
     0.822513    0.016906
     0.839988    0.017342
     0.857159    0.017357
     0.874069    0.016959
     0.890760    0.016151
     0.907275    0.014937
     0.923657    0.013313
     0.939955    0.011276
     0.956221    0.008813
     0.972521    0.005908
     0.988934    0.002533
     1.000000    0.000000
