     1.000000    0.000000
     0.991076    0.006007
     0.976511    0.015738
     0.960700    0.026184
     0.943950    0.037083
     0.926603    0.048155
     0.908981    0.059144
     0.891324    0.069862
     0.873789    0.080186
     0.856467    0.090047
     0.839399    0.099411
     0.822598    0.108268
     0.806060    0.116620
     0.789772    0.124477
     0.773715    0.131852
     0.757868    0.138760
     0.742210    0.145215
     0.726719    0.151233
     0.711375    0.156825
     0.696158    0.162006
     0.681048    0.166787
     0.666028    0.171178
     0.651080    0.175188
     0.636187    0.178825
     0.621334    0.182097
     0.606504    0.185010
     0.591684    0.187568
     0.576859    0.189776
     0.562015    0.191638
     0.547139    0.193154
     0.532218    0.194328
     0.517241    0.195159
     0.502195    0.195648
     0.487071    0.195795
     0.471857    0.195597
     0.456544    0.195053
     0.441125    0.194162
     0.425593    0.192920
     0.409942    0.191325
     0.394170    0.189375
     0.378278    0.187067
     0.362267    0.184400
     0.346147    0.181374
     0.329929    0.177989
     0.313633    0.174250
     0.297287    0.170164
     0.280928    0.165742
     0.264604    0.161000
     0.248378    0.155964
     0.232323    0.150663
     0.216527    0.145138
     0.201087    0.139438
     0.186109    0.133618
     0.171693    0.127740
     0.157933    0.121866
     0.144903    0.116053
     0.132655    0.110353
     0.121215    0.104807
     0.110583    0.099442
     0.100736    0.094277
     0.091639    0.089317
     0.083244    0.084561
     0.075499    0.080001
     0.068350    0.075626
     0.061745    0.071422
     0.055635    0.067372
     0.049975    0.063462
     0.044725    0.059675
     0.039849    0.055995
     0.035315    0.052408
     0.031097    0.048898
     0.027172    0.045451
     0.023521    0.042052
     0.020129    0.038689
     0.016985    0.035346
     0.014082    0.032009
     0.011415    0.028665
     0.008987    0.025299
     0.006804    0.021896
     0.004878    0.018441
     0.003227    0.014922
     0.001878    0.011323
     0.000863    0.007638
     0.000227    0.003870
     0.000061    0.001942
     0.000000    0.000000
     0.000044   -0.003634
     0.000209   -0.007258
     0.000490   -0.010814
     0.000884   -0.014321
     0.001396   -0.017773
     0.002032   -0.021168
     0.002798   -0.024501
     0.003697   -0.027771
     0.004732   -0.030972
     0.005907   -0.034103
     0.007225   -0.037159
     0.008688   -0.040136
     0.010299   -0.043030
     0.012058   -0.045836
     0.013968   -0.048550
     0.016028   -0.051169
     0.018237   -0.053691
     0.020595   -0.056111
     0.023101   -0.058430
     0.025755   -0.060645
     0.028555   -0.062757
     0.031502   -0.064765
     0.034596   -0.066670
     0.037838   -0.068475
     0.041231   -0.070180
     0.044779   -0.071788
     0.048487   -0.073299
     0.052360   -0.074716
     0.056409   -0.076040
     0.060641   -0.077272
     0.065069   -0.078414
     0.069706   -0.079464
     0.074569   -0.080423
     0.079677   -0.081290
     0.085051   -0.082064
     0.090716   -0.082740
     0.096702   -0.083316
     0.103041   -0.083787
     0.109774   -0.084147
     0.116943   -0.084387
     0.124601   -0.084499
     0.132807   -0.084469
     0.141630   -0.084286
     0.151148   -0.083930
     0.161451   -0.083383
     0.172640   -0.082620
     0.184829   -0.081616
     0.198139   -0.080340
     0.212700   -0.078759
     0.228644   -0.076841
     0.246091   -0.074554
     0.265147   -0.071870
     0.285880   -0.068773
     0.308315   -0.065260
     0.332414   -0.061346
     0.358056   -0.057071
     0.385012   -0.052502
     0.412888   -0.047743
     0.441101   -0.042936
     0.469159   -0.038204
     0.496810   -0.033621
     0.523941   -0.029234
     0.550515   -0.025068
     0.576532   -0.021139
     0.602001   -0.017459
     0.626941   -0.014037
     0.651365   -0.010878
     0.675286   -0.007987
     0.698715   -0.005370
     0.721660   -0.003030
     0.744125   -0.000969
     0.766114    0.000809
     0.787628    0.002305
     0.808665    0.003516
     0.829221    0.004445
     0.849291    0.005093
     0.868863    0.005462
     0.887924    0.005558
     0.906455    0.005388
     0.924431    0.004960
     0.941823    0.004286
     0.958596    0.003382
     0.974711    0.002267
     0.990125    0.000962
     1.000000    0.000000
