     1.000000    0.000000
     0.991282    0.006936
     0.978071    0.017010
     0.964672    0.026716
     0.951066    0.036070
     0.937230    0.045088
     0.923148    0.053783
     0.908798    0.062166
     0.894164    0.070247
     0.879225    0.078035
     0.863963    0.085537
     0.848360    0.092760
     0.832398    0.099709
     0.816060    0.106388
     0.799330    0.112801
     0.782196    0.118949
     0.764646    0.124834
     0.746672    0.130456
     0.728272    0.135813
     0.709447    0.140902
     0.690206    0.145721
     0.670563    0.150264
     0.650541    0.154525
     0.630171    0.158499
     0.609492    0.162177
     0.588551    0.165551
     0.567404    0.168614
     0.546110    0.171357
     0.524735    0.173773
     0.503348    0.175854
     0.482020    0.177594
     0.460822    0.178987
     0.439821    0.180032
     0.419084    0.180725
     0.398672    0.181068
     0.378643    0.181062
     0.359048    0.180711
     0.339933    0.180021
     0.321338    0.179002
     0.303300    0.177663
     0.285847    0.176017
     0.269002    0.174078
     0.252785    0.171861
     0.237208    0.169386
     0.222280    0.166668
     0.208004    0.163727
     0.194377    0.160583
     0.181395    0.157255
     0.169048    0.153762
     0.157322    0.150122
     0.146203    0.146352
     0.135671    0.142470
     0.125706    0.138489
     0.116287    0.134425
     0.107392    0.130290
     0.098998    0.126095
     0.091083    0.121849
     0.083624    0.117561
     0.076600    0.113240
     0.069990    0.108890
     0.063774    0.104518
     0.057934    0.100128
     0.052451    0.095724
     0.047310    0.091310
     0.042495    0.086887
     0.037993    0.082459
     0.033790    0.078028
     0.029876    0.073595
     0.026239    0.069162
     0.022869    0.064732
     0.019759    0.060304
     0.016900    0.055882
     0.014285    0.051466
     0.011908    0.047060
     0.009763    0.042665
     0.007845    0.038283
     0.006148    0.033918
     0.004668    0.029572
     0.003400    0.025249
     0.002340    0.020952
     0.001484    0.016684
     0.000827    0.012451
     0.000364    0.008258
     0.000091    0.004109
     0.000024    0.002056
     0.000000    0.000000
     0.000040   -0.003540
     0.000207   -0.007070
     0.000492   -0.010500
     0.000892   -0.013860
     0.001414   -0.017148
     0.002068   -0.020357
     0.002863   -0.023487
     0.003805   -0.026530
     0.004901   -0.029484
     0.006157   -0.032341
     0.007579   -0.035092
     0.009172   -0.037730
     0.010939   -0.040244
     0.012880   -0.042627
     0.014994   -0.044870
     0.017276   -0.046967
     0.019722   -0.048911
     0.022327   -0.050704
     0.025083   -0.052343
     0.027987   -0.053831
     0.031034   -0.055172
     0.034223   -0.056371
     0.037553   -0.057431
     0.041026   -0.058358
     0.044647   -0.059158
     0.048423   -0.059833
     0.052362   -0.060388
     0.056476   -0.060824
     0.060780   -0.061144
     0.065290   -0.061348
     0.070027   -0.061434
     0.075015   -0.061400
     0.080282   -0.061243
     0.085863   -0.060956
     0.091796   -0.060534
     0.098131   -0.059965
     0.104921   -0.059239
     0.112237   -0.058339
     0.120158   -0.057247
     0.128781   -0.055941
     0.138226   -0.054391
     0.148633   -0.052565
     0.160169   -0.050425
     0.173024   -0.047927
     0.187405   -0.045028
     0.203504   -0.041693
     0.221436   -0.037914
     0.241126   -0.033735
     0.262204   -0.029278
     0.284164   -0.024699
     0.306560   -0.020139
     0.329081   -0.015700
     0.351542   -0.011446
     0.373852   -0.007414
     0.395977   -0.003624
     0.417914   -0.000084
     0.439677    0.003200
     0.461285    0.006230
     0.482762    0.009005
     0.504130    0.011526
     0.525408    0.013796
     0.546617    0.015815
     0.567772    0.017585
     0.588887    0.019107
     0.609975    0.020383
     0.631045    0.021412
     0.652103    0.022197
     0.673155    0.022737
     0.694202    0.023033
     0.715242    0.023087
     0.736271    0.022899
     0.757278    0.022471
     0.778248    0.021804
     0.799158    0.020903
     0.819975    0.019770
     0.840656    0.018412
     0.861140    0.016838
     0.881349    0.015061
     0.901185    0.013099
     0.920524    0.010975
     0.939224    0.008722
     0.957135    0.006376
     0.974110    0.003982
     0.990022    0.001582
     1.000000    0.000000
