     1.000000    0.000000
     0.992306    0.007669
     0.980661    0.018804
     0.968880    0.029517
     0.956955    0.039818
     0.944876    0.049714
     0.932636    0.059213
     0.920229    0.068320
     0.907649    0.077039
     0.894891    0.085375
     0.881947    0.093333
     0.868814    0.100916
     0.855485    0.108127
     0.841954    0.114971
     0.828218    0.121448
     0.814270    0.127563
     0.800108    0.133317
     0.785725    0.138713
     0.771121    0.143753
     0.756290    0.148438
     0.741233    0.152770
     0.725948    0.156750
     0.710435    0.160379
     0.694696    0.163658
     0.678734    0.166588
     0.662554    0.169169
     0.646162    0.171404
     0.629564    0.173291
     0.612771    0.174832
     0.595794    0.176029
     0.578644    0.176883
     0.561336    0.177394
     0.543885    0.177564
     0.526308    0.177396
     0.508622    0.176891
     0.490845    0.176052
     0.472997    0.174880
     0.455098    0.173379
     0.437167    0.171551
     0.419225    0.169400
     0.401294    0.166929
     0.383394    0.164142
     0.365550    0.161043
     0.347783    0.157636
     0.330121    0.153928
     0.312589    0.149926
     0.295219    0.145639
     0.278046    0.141077
     0.261109    0.136256
     0.244455    0.131194
     0.228138    0.125914
     0.212220    0.120448
     0.196769    0.114832
     0.181862    0.109111
     0.167573    0.103338
     0.153977    0.097567
     0.141136    0.091855
     0.129097    0.086257
     0.117884    0.080820
     0.107500    0.075581
     0.097926    0.070567
     0.089126    0.065792
     0.081051    0.061261
     0.073646    0.056972
     0.066853    0.052915
     0.060613    0.049080
     0.054872    0.045452
     0.049580    0.042015
     0.044690    0.038755
     0.040162    0.035656
     0.035958    0.032705
     0.032048    0.029888
     0.028402    0.027192
     0.024996    0.024607
     0.021808    0.022120
     0.018822    0.019722
     0.016020    0.017404
     0.013390    0.015154
     0.010923    0.012963
     0.008609    0.010821
     0.006442    0.008715
     0.004440    0.006628
     0.002613    0.004531
     0.000979    0.002387
     0.000377    0.001247
     0.000000    0.000000
     0.002002   -0.001094
     0.004026   -0.002148
     0.006173   -0.003239
     0.008413   -0.004351
     0.010751   -0.005490
     0.013195   -0.006659
     0.015751   -0.007859
     0.018428   -0.009095
     0.021237   -0.010370
     0.024187   -0.011686
     0.027291   -0.013048
     0.030564   -0.014458
     0.034019   -0.015922
     0.037674   -0.017443
     0.041549   -0.019026
     0.045666   -0.020676
     0.050048   -0.022398
     0.054723   -0.024198
     0.059722   -0.026082
     0.065079   -0.028056
     0.070830   -0.030126
     0.077018   -0.032298
     0.083685   -0.034576
     0.090878   -0.036965
     0.098642   -0.039468
     0.107024   -0.042083
     0.116065   -0.044807
     0.125798   -0.047631
     0.136244   -0.050543
     0.147413   -0.053525
     0.159294   -0.056553
     0.171860   -0.059601
     0.185069   -0.062639
     0.198868   -0.065639
     0.213194   -0.068571
     0.227984   -0.071410
     0.243177   -0.074136
     0.258715   -0.076729
     0.274548   -0.079177
     0.290631   -0.081468
     0.306929   -0.083595
     0.323409   -0.085552
     0.340045   -0.087337
     0.356815   -0.088946
     0.373701   -0.090378
     0.390685   -0.091633
     0.407753   -0.092711
     0.424892   -0.093612
     0.442089   -0.094336
     0.459331   -0.094883
     0.476608   -0.095255
     0.493906   -0.095452
     0.511214   -0.095474
     0.528519   -0.095321
     0.545810   -0.094993
     0.563073   -0.094490
     0.580296   -0.093812
     0.597465   -0.092958
     0.614568   -0.091928
     0.631591   -0.090721
     0.648521   -0.089336
     0.665345   -0.087771
     0.682051   -0.086026
     0.698626   -0.084098
     0.715059   -0.081987
     0.731339   -0.079689
     0.747455   -0.077205
     0.763400   -0.074531
     0.779163   -0.071665
     0.794740   -0.068606
     0.810122   -0.065351
     0.825306   -0.061898
     0.840288   -0.058245
     0.855064   -0.054390
     0.869633   -0.050330
     0.883994   -0.046063
     0.898148   -0.041586
     0.912095   -0.036897
     0.925837   -0.031993
     0.939377   -0.026871
     0.952717   -0.021529
     0.965862   -0.015963
     0.978816   -0.010171
     0.991583   -0.004148
     1.000000    0.000000
