     1.000000    0.000000
     0.991228    0.009546
     0.977765    0.023679
     0.963955    0.037551
     0.949819    0.051119
     0.935371    0.064349
     0.920623    0.077215
     0.905585    0.089697
     0.890263    0.101778
     0.874666    0.113443
     0.858798    0.124681
     0.842665    0.135480
     0.826274    0.145833
     0.809632    0.155731
     0.792745    0.165166
     0.775622    0.174134
     0.758271    0.182628
     0.740700    0.190644
     0.722921    0.198176
     0.704943    0.205223
     0.686777    0.211779
     0.668437    0.217843
     0.649935    0.223411
     0.631284    0.228481
     0.612499    0.233051
     0.593594    0.237118
     0.574584    0.240681
     0.555485    0.243737
     0.536315    0.246285
     0.517088    0.248324
     0.497824    0.249850
     0.478539    0.250863
     0.459253    0.251360
     0.439983    0.251340
     0.420751    0.250802
     0.401576    0.249743
     0.382480    0.248163
     0.363486    0.246061
     0.344617    0.243437
     0.325899    0.240291
     0.307360    0.236626
     0.289032    0.232444
     0.270947    0.227751
     0.253144    0.222556
     0.235665    0.216870
     0.218559    0.210712
     0.201879    0.204105
     0.185685    0.197081
     0.170045    0.189681
     0.155027    0.181957
     0.140703    0.173973
     0.127143    0.165800
     0.114409    0.157520
     0.102547    0.149217
     0.091588    0.140973
     0.081540    0.132865
     0.072392    0.124957
     0.064109    0.117300
     0.056646    0.109927
     0.049946    0.102862
     0.043945    0.096114
     0.038580    0.089681
     0.033788    0.083558
     0.029513    0.077732
     0.025698    0.072189
     0.022298    0.066912
     0.019267    0.061887
     0.016568    0.057095
     0.014167    0.052522
     0.012033    0.048153
     0.010142    0.043974
     0.008470    0.039972
     0.006997    0.036136
     0.005706    0.032455
     0.004580    0.028920
     0.003606    0.025522
     0.002771    0.022252
     0.002065    0.019104
     0.001476    0.016070
     0.000998    0.013147
     0.000623    0.010328
     0.000344    0.007610
     0.000153    0.004986
     0.000041    0.002452
     0.000012    0.001227
     0.000000    0.000000
     0.000183   -0.002062
     0.000653   -0.004057
     0.001423   -0.006057
     0.002444   -0.008018
     0.003673   -0.009929
     0.005090   -0.011795
     0.006678   -0.013624
     0.008425   -0.015420
     0.010323   -0.017190
     0.012369   -0.018940
     0.014560   -0.020677
     0.016901   -0.022404
     0.019393   -0.024128
     0.022043   -0.025853
     0.024859   -0.027583
     0.027849   -0.029322
     0.031024   -0.031075
     0.034399   -0.032845
     0.037987   -0.034636
     0.041808   -0.036452
     0.045879   -0.038297
     0.050224   -0.040173
     0.054870   -0.042085
     0.059844   -0.044035
     0.065179   -0.046027
     0.070912   -0.048063
     0.077080   -0.050143
     0.083728   -0.052270
     0.090901   -0.054441
     0.098647   -0.056654
     0.107012   -0.058903
     0.116043   -0.061180
     0.125780   -0.063473
     0.136253   -0.065765
     0.147479   -0.068037
     0.159459   -0.070263
     0.172176   -0.072419
     0.185593   -0.074475
     0.199658   -0.076405
     0.214308   -0.078184
     0.229472   -0.079791
     0.245081   -0.081207
     0.261065   -0.082420
     0.277364   -0.083421
     0.293925   -0.084206
     0.310702   -0.084771
     0.327657   -0.085118
     0.344761   -0.085248
     0.361988   -0.085164
     0.379319   -0.084872
     0.396738   -0.084375
     0.414234   -0.083679
     0.431797   -0.082789
     0.449421   -0.081713
     0.467099   -0.080455
     0.484828   -0.079023
     0.502604   -0.077422
     0.520426   -0.075659
     0.538291   -0.073742
     0.556200   -0.071676
     0.574152   -0.069469
     0.592146   -0.067129
     0.610184   -0.064662
     0.628265   -0.062076
     0.646391   -0.059380
     0.664563   -0.056581
     0.682779   -0.053688
     0.701041   -0.050711
     0.719347   -0.047658
     0.737695   -0.044539
     0.756082   -0.041366
     0.774500   -0.038149
     0.792939   -0.034902
     0.811384   -0.031637
     0.829809   -0.028371
     0.848183   -0.025121
     0.866477   -0.021902
     0.884661   -0.018731
     0.902705   -0.015623
     0.920570   -0.012595
     0.938214   -0.009663
     0.955580   -0.006844
     0.972603   -0.004153
     0.989204   -0.001609
     1.000000    0.000000
