     1.000000    0.000000
     0.990353    0.004953
     0.974835    0.012731
     0.958078    0.020881
     0.940161    0.029331
     0.921190    0.038002
     0.901289    0.046817
     0.880592    0.055701
     0.859232    0.064585
     0.837342    0.073410
     0.815049    0.082119
     0.792475    0.090663
     0.769734    0.098997
     0.746934    0.107078
     0.724173    0.114870
     0.701536    0.122340
     0.679100    0.129460
     0.656929    0.136207
     0.635075    0.142562
     0.613580    0.148511
     0.592473    0.154045
     0.571780    0.159158
     0.551515    0.163845
     0.531686    0.168108
     0.512300    0.171949
     0.493355    0.175371
     0.474850    0.178380
     0.456779    0.180983
     0.439136    0.183187
     0.421912    0.185001
     0.405100    0.186433
     0.388691    0.187493
     0.372675    0.188189
     0.357045    0.188532
     0.341792    0.188530
     0.326909    0.188194
     0.312388    0.187532
     0.298224    0.186555
     0.284411    0.185273
     0.270944    0.183695
     0.257821    0.181831
     0.245038    0.179692
     0.232595    0.177289
     0.220490    0.174632
     0.208724    0.171733
     0.197298    0.168606
     0.186213    0.165261
     0.175472    0.161713
     0.165078    0.157976
     0.155033    0.154065
     0.145341    0.149995
     0.136004    0.145782
     0.127024    0.141443
     0.118403    0.136993
     0.110142    0.132450
     0.102240    0.127831
     0.094695    0.123150
     0.087505    0.118425
     0.080666    0.113668
     0.074172    0.108895
     0.068016    0.104118
     0.062191    0.099348
     0.056688    0.094594
     0.051497    0.089866
     0.046609    0.085171
     0.042013    0.080515
     0.037698    0.075901
     0.033655    0.071334
     0.029873    0.066815
     0.026342    0.062346
     0.023054    0.057927
     0.019999    0.053557
     0.017170    0.049235
     0.014561    0.044959
     0.012166    0.040727
     0.009981    0.036535
     0.008003    0.032381
     0.006230    0.028259
     0.004665    0.024168
     0.003310    0.020101
     0.002169    0.016054
     0.001250    0.012023
     0.000573    0.008008
     0.000156    0.004005
     0.000046    0.002006
     0.000000    0.000000
     0.000041   -0.003599
     0.000201   -0.007189
     0.000474   -0.010701
     0.000857   -0.014159
     0.001354   -0.017558
     0.001972   -0.020894
     0.002717   -0.024165
     0.003593   -0.027367
     0.004603   -0.030499
     0.005752   -0.033556
     0.007042   -0.036535
     0.008477   -0.039430
     0.010060   -0.042238
     0.011791   -0.044953
     0.013672   -0.047572
     0.015703   -0.050091
     0.017883   -0.052506
     0.020211   -0.054814
     0.022686   -0.057015
     0.025305   -0.059106
     0.028069   -0.061088
     0.030976   -0.062962
     0.034027   -0.064730
     0.037222   -0.066392
     0.040563   -0.067952
     0.044054   -0.069411
     0.047701   -0.070772
     0.051509   -0.072037
     0.055487   -0.073209
     0.059644   -0.074288
     0.063994   -0.075275
     0.068549   -0.076172
     0.073328   -0.076978
     0.078349   -0.077693
     0.083635   -0.078315
     0.089214   -0.078841
     0.095114   -0.079268
     0.101373   -0.079592
     0.108031   -0.079805
     0.115138   -0.079901
     0.122747   -0.079869
     0.130927   -0.079698
     0.139751   -0.079374
     0.149309   -0.078878
     0.159702   -0.078192
     0.171047   -0.077291
     0.183472   -0.076147
     0.197122   -0.074730
     0.212143   -0.073009
     0.228683   -0.070950
     0.246871   -0.068528
     0.266801   -0.065722
     0.288511   -0.062530
     0.311956   -0.058967
     0.336995   -0.055073
     0.363362   -0.050918
     0.390634   -0.046600
     0.418273   -0.042240
     0.445876   -0.037930
     0.473228   -0.033731
     0.500224   -0.029678
     0.526819   -0.025795
     0.552996   -0.022096
     0.578749   -0.018594
     0.604074   -0.015298
     0.628967   -0.012218
     0.653419   -0.009361
     0.677420   -0.006736
     0.700960   -0.004349
     0.724025   -0.002209
     0.746602   -0.000319
     0.768678    0.001314
     0.790240    0.002686
     0.811277    0.003796
     0.831778    0.004642
     0.851732    0.005224
     0.871131    0.005543
     0.889961    0.005604
     0.908214    0.005410
     0.925875    0.004970
     0.942930    0.004292
     0.959363    0.003389
     0.975154    0.002276
     0.990283    0.000968
     1.000000    0.000000
