     1.000000    0.000000
     0.991065    0.009331
     0.977308    0.023171
     0.963168    0.036761
     0.948689    0.050032
     0.933899    0.062944
     0.918819    0.075467
     0.903463    0.087581
     0.887839    0.099274
     0.871954    0.110537
     0.855809    0.121366
     0.839407    0.131760
     0.822748    0.141715
     0.805833    0.151233
     0.788662    0.160313
     0.771236    0.168955
     0.753558    0.177158
     0.735632    0.184922
     0.717462    0.192245
     0.699055    0.199128
     0.680421    0.205566
     0.661569    0.211559
     0.642514    0.217104
     0.623272    0.222197
     0.603860    0.226836
     0.584300    0.231016
     0.564616    0.234735
     0.544832    0.237989
     0.524977    0.240774
     0.505081    0.243087
     0.485176    0.244927
     0.465295    0.246289
     0.445473    0.247174
     0.425746    0.247581
     0.406150    0.247509
     0.386723    0.246961
     0.367502    0.245939
     0.348525    0.244446
     0.329831    0.242489
     0.311456    0.240075
     0.293437    0.237214
     0.275812    0.233915
     0.258616    0.230194
     0.241882    0.226064
     0.225645    0.221546
     0.209935    0.216658
     0.194782    0.211425
     0.180211    0.205871
     0.166248    0.200024
     0.152911    0.193914
     0.140217    0.187571
     0.128178    0.181030
     0.116802    0.174323
     0.106093    0.167484
     0.096048    0.160547
     0.086662    0.153547
     0.077924    0.146514
     0.069821    0.139480
     0.062332    0.132472
     0.055438    0.125519
     0.049114    0.118644
     0.043334    0.111867
     0.038069    0.105209
     0.033292    0.098683
     0.028972    0.092305
     0.025081    0.086085
     0.021588    0.080031
     0.018465    0.074150
     0.015685    0.068446
     0.013220    0.062921
     0.011044    0.057576
     0.009134    0.052412
     0.007467    0.047425
     0.006022    0.042614
     0.004777    0.037976
     0.003716    0.033506
     0.002821    0.029199
     0.002075    0.025051
     0.001466    0.021055
     0.000979    0.017208
     0.000603    0.013504
     0.000327    0.009938
     0.000140    0.006504
     0.000034    0.003193
     0.000009    0.001597
     0.000000    0.000000
     0.000054   -0.002508
     0.000242   -0.005000
     0.000573   -0.007524
     0.001051   -0.010062
     0.001689   -0.012603
     0.002499   -0.015134
     0.003490   -0.017644
     0.004668   -0.020122
     0.006036   -0.022557
     0.007597   -0.024940
     0.009349   -0.027261
     0.011291   -0.029514
     0.013421   -0.031693
     0.015736   -0.033797
     0.018235   -0.035825
     0.020915   -0.037775
     0.023777   -0.039651
     0.026823   -0.041453
     0.030057   -0.043186
     0.033483   -0.044852
     0.037111   -0.046453
     0.040950   -0.047994
     0.045012   -0.049478
     0.049312   -0.050906
     0.053869   -0.052282
     0.058704   -0.053608
     0.063842   -0.054885
     0.069311   -0.056115
     0.075145   -0.057299
     0.081382   -0.058438
     0.088066   -0.059530
     0.095249   -0.060577
     0.102986   -0.061575
     0.111344   -0.062525
     0.120395   -0.063421
     0.130216   -0.064263
     0.140892   -0.065044
     0.152509   -0.065761
     0.165150   -0.066410
     0.178887   -0.066985
     0.193775   -0.067484
     0.209838   -0.067905
     0.227068   -0.068251
     0.245415   -0.068527
     0.264791   -0.068740
     0.285078   -0.068904
     0.306138   -0.069029
     0.327825   -0.069130
     0.349993   -0.069218
     0.372504   -0.069301
     0.395233   -0.069385
     0.418076   -0.069472
     0.440945   -0.069560
     0.463753   -0.069643
     0.486423   -0.069713
     0.508889   -0.069757
     0.531098   -0.069763
     0.553002   -0.069713
     0.574562   -0.069593
     0.595749   -0.069385
     0.616538   -0.069071
     0.636912   -0.068635
     0.656858   -0.068061
     0.676370   -0.067334
     0.695445   -0.066439
     0.714085   -0.065363
     0.732295   -0.064095
     0.750083   -0.062624
     0.767460   -0.060939
     0.784438   -0.059033
     0.801032   -0.056896
     0.817257   -0.054522
     0.833131   -0.051903
     0.848672   -0.049031
     0.863899   -0.045901
     0.878833   -0.042504
     0.893494   -0.038832
     0.907907   -0.034876
     0.922097   -0.030625
     0.936092   -0.026064
     0.949925   -0.021178
     0.963634   -0.015942
     0.977267   -0.010327
     0.990883   -0.004291
     1.000000    0.000000
