     1.000000    0.000000
     0.991222    0.007174
     0.977899    0.017595
     0.964380    0.027618
     0.950661    0.037237
     0.936740    0.046451
     0.922616    0.055258
     0.908287    0.063658
     0.893752    0.071647
     0.879010    0.079227
     0.864061    0.086397
     0.848904    0.093158
     0.833540    0.099510
     0.817968    0.105457
     0.802191    0.111000
     0.786208    0.116143
     0.770022    0.120889
     0.753634    0.125243
     0.737047    0.129209
     0.720265    0.132794
     0.703290    0.136003
     0.686127    0.138843
     0.668781    0.141321
     0.651257    0.143444
     0.633563    0.145220
     0.615704    0.146658
     0.597689    0.147766
     0.579526    0.148552
     0.561225    0.149025
     0.542794    0.149195
     0.524246    0.149071
     0.505590    0.148660
     0.486841    0.147972
     0.468010    0.147016
     0.449113    0.145799
     0.430166    0.144329
     0.411185    0.142615
     0.392190    0.140663
     0.373204    0.138481
     0.354251    0.136075
     0.335363    0.133452
     0.316574    0.130619
     0.297927    0.127585
     0.279474    0.124360
     0.261276    0.120955
     0.243407    0.117384
     0.225950    0.113668
     0.209002    0.109829
     0.192662    0.105896
     0.177033    0.101902
     0.162206    0.097882
     0.148256    0.093872
     0.135232    0.089905
     0.123154    0.086010
     0.112014    0.082208
     0.101779    0.078515
     0.092400    0.074937
     0.083815    0.071478
     0.075958    0.068135
     0.068764    0.064903
     0.062170    0.061774
     0.056116    0.058741
     0.050551    0.055795
     0.045427    0.052927
     0.040703    0.050128
     0.036342    0.047390
     0.032313    0.044704
     0.028588    0.042063
     0.025145    0.039460
     0.021965    0.036888
     0.019031    0.034341
     0.016330    0.031814
     0.013852    0.029302
     0.011588    0.026800
     0.009533    0.024307
     0.007683    0.021818
     0.006034    0.019333
     0.004588    0.016853
     0.003342    0.014379
     0.002296    0.011916
     0.001450    0.009466
     0.000803    0.007041
     0.000352    0.004652
     0.000089    0.002306
     0.000024    0.001156
     0.000000    0.000000
     0.000071   -0.002111
     0.000352   -0.004188
     0.000861   -0.006291
     0.001623   -0.008372
     0.002669   -0.010383
     0.004008   -0.012283
     0.005623   -0.014041
     0.007487   -0.015645
     0.009572   -0.017091
     0.011854   -0.018390
     0.014313   -0.019557
     0.016939   -0.020606
     0.019727   -0.021555
     0.022678   -0.022415
     0.025797   -0.023200
     0.029091   -0.023919
     0.032572   -0.024580
     0.036256   -0.025193
     0.040160   -0.025763
     0.044306   -0.026296
     0.048719   -0.026800
     0.053430   -0.027277
     0.058474   -0.027735
     0.063892   -0.028179
     0.069730   -0.028615
     0.076043   -0.029049
     0.082890   -0.029489
     0.090339   -0.029944
     0.098464   -0.030423
     0.107340   -0.030940
     0.117037   -0.031508
     0.127618   -0.032143
     0.139126   -0.032862
     0.151583   -0.033684
     0.164980   -0.034624
     0.179273   -0.035696
     0.194391   -0.036912
     0.210244   -0.038274
     0.226729   -0.039784
     0.243749   -0.041435
     0.261214   -0.043218
     0.279044   -0.045118
     0.297171   -0.047119
     0.315536   -0.049202
     0.334081   -0.051344
     0.352745   -0.053521
     0.371456   -0.055704
     0.390143   -0.057865
     0.408756   -0.059978
     0.427264   -0.062019
     0.445646   -0.063965
     0.463889   -0.065798
     0.481986   -0.067499
     0.499936   -0.069050
     0.517740   -0.070437
     0.535398   -0.071645
     0.552916   -0.072661
     0.570297   -0.073473
     0.587546   -0.074068
     0.604668   -0.074437
     0.621671   -0.074570
     0.638558   -0.074459
     0.655337   -0.074095
     0.672014   -0.073471
     0.688595   -0.072580
     0.705085   -0.071418
     0.721492   -0.069979
     0.737821   -0.068259
     0.754079   -0.066255
     0.770272   -0.063965
     0.786405   -0.061385
     0.802485   -0.058517
     0.818515   -0.055360
     0.834499   -0.051915
     0.850440   -0.048186
     0.866339   -0.044177
     0.882191   -0.039896
     0.897992   -0.035352
     0.913727   -0.030558
     0.929378   -0.025535
     0.944912   -0.020305
     0.960287   -0.014902
     0.975443   -0.009368
     0.990302   -0.003757
     1.000000    0.000000
