     1.000000    0.000000
     0.989645    0.005145
     0.973938    0.012451
     0.958009    0.019286
     0.941871    0.025676
     0.925533    0.031643
     0.909009    0.037213
     0.892310    0.042411
     0.875450    0.047265
     0.858443    0.051799
     0.841301    0.056041
     0.824036    0.060017
     0.806660    0.063751
     0.789184    0.067267
     0.771620    0.070588
     0.753977    0.073733
     0.736264    0.076722
     0.718490    0.079570
     0.700664    0.082291
     0.682793    0.084899
     0.664884    0.087402
     0.646945    0.089808
     0.628980    0.092123
     0.610997    0.094350
     0.592999    0.096491
     0.574993    0.098544
     0.556983    0.100508
     0.538972    0.102378
     0.520965    0.104147
     0.502966    0.105810
     0.484979    0.107356
     0.467008    0.108775
     0.449056    0.110056
     0.431130    0.111185
     0.413234    0.112148
     0.395375    0.112930
     0.377560    0.113515
     0.359799    0.113886
     0.342105    0.114025
     0.324492    0.113914
     0.306980    0.113536
     0.289594    0.112872
     0.272367    0.111906
     0.255338    0.110623
     0.238557    0.109014
     0.222087    0.107072
     0.206001    0.104800
     0.190384    0.102207
     0.175327    0.099315
     0.160924    0.096157
     0.147265    0.092776
     0.134422    0.089223
     0.122446    0.085553
     0.111363    0.081822
     0.101168    0.078077
     0.091833    0.074360
     0.083312    0.070704
     0.075547    0.067131
     0.068474    0.063655
     0.062029    0.060286
     0.056151    0.057026
     0.050780    0.053876
     0.045865    0.050832
     0.041358    0.047891
     0.037217    0.045046
     0.033407    0.042291
     0.029894    0.039622
     0.026651    0.037031
     0.023655    0.034512
     0.020883    0.032060
     0.018320    0.029669
     0.015948    0.027333
     0.013757    0.025048
     0.011734    0.022808
     0.009873    0.020608
     0.008166    0.018444
     0.006608    0.016312
     0.005200    0.014207
     0.003941    0.012125
     0.002834    0.010062
     0.001882    0.008014
     0.001097    0.005979
     0.000514    0.003964
     0.000152    0.001970
     0.000052    0.000990
     0.000000    0.000000
     0.000647   -0.001749
     0.001939   -0.003116
     0.003516   -0.004302
     0.005240   -0.005365
     0.007099   -0.006351
     0.009072   -0.007282
     0.011149   -0.008173
     0.013333   -0.009036
     0.015626   -0.009877
     0.018033   -0.010702
     0.020560   -0.011515
     0.023212   -0.012320
     0.026001   -0.013119
     0.028935   -0.013916
     0.032027   -0.014712
     0.035290   -0.015508
     0.038740   -0.016307
     0.042393   -0.017111
     0.046271   -0.017920
     0.050394   -0.018735
     0.054790   -0.019558
     0.059488   -0.020388
     0.064520   -0.021228
     0.069925   -0.022075
     0.075745   -0.022931
     0.082026   -0.023792
     0.088820   -0.024658
     0.096181   -0.025524
     0.104167   -0.026386
     0.112836   -0.027237
     0.122240   -0.028067
     0.132424   -0.028866
     0.143416   -0.029621
     0.155224   -0.030315
     0.167831   -0.030935
     0.181195   -0.031466
     0.195248   -0.031893
     0.209909   -0.032209
     0.225088   -0.032407
     0.240696   -0.032484
     0.256649   -0.032442
     0.272877   -0.032284
     0.289318   -0.032016
     0.305925   -0.031644
     0.322659   -0.031177
     0.339492   -0.030623
     0.356401   -0.029989
     0.373369   -0.029285
     0.390385   -0.028518
     0.407438   -0.027696
     0.424522   -0.026827
     0.441631   -0.025918
     0.458762   -0.024976
     0.475910   -0.024009
     0.493073   -0.023022
     0.510247   -0.022023
     0.527430   -0.021018
     0.544617   -0.020011
     0.561805   -0.019009
     0.578992   -0.018017
     0.596176   -0.017039
     0.613357   -0.016080
     0.630535   -0.015142
     0.647709   -0.014230
     0.664882   -0.013346
     0.682052   -0.012491
     0.699221   -0.011668
     0.716390   -0.010877
     0.733560   -0.010119
     0.750730   -0.009393
     0.767901   -0.008699
     0.785074   -0.008033
     0.802246   -0.007395
     0.819417   -0.006780
     0.836583   -0.006183
     0.853740   -0.005601
     0.870880   -0.005026
     0.887992   -0.004453
     0.905063   -0.003872
     0.922075   -0.003275
     0.939011   -0.002654
     0.955846   -0.001998
     0.972551   -0.001296
     0.989087   -0.000539
     1.000000    0.000000
