     1.000000    0.000000
     0.989909    0.005379
     0.973271    0.014296
     0.954950    0.024144
     0.935432    0.034590
     0.915318    0.045232
     0.895099    0.055730
     0.875085    0.065862
     0.855427    0.075507
     0.836172    0.084614
     0.817315    0.093170
     0.798822    0.101181
     0.780648    0.108664
     0.762746    0.115638
     0.745069    0.122122
     0.727574    0.128135
     0.710217    0.133695
     0.692962    0.138815
     0.675770    0.143510
     0.658608    0.147792
     0.641443    0.151670
     0.624243    0.155152
     0.606978    0.158247
     0.589619    0.160959
     0.572136    0.163292
     0.554503    0.165251
     0.536691    0.166837
     0.518675    0.168051
     0.500430    0.168896
     0.481931    0.169369
     0.463158    0.169473
     0.444094    0.169205
     0.424728    0.168567
     0.405057    0.167560
     0.385090    0.166187
     0.364852    0.164454
     0.344391    0.162372
     0.323782    0.159956
     0.303138    0.157232
     0.282609    0.154232
     0.262383    0.150999
     0.242678    0.147587
     0.223717    0.144054
     0.205702    0.140457
     0.188789    0.136851
     0.173070    0.133276
     0.158573    0.129763
     0.145271    0.126326
     0.133095    0.122972
     0.121958    0.119698
     0.111763    0.116495
     0.102413    0.113355
     0.093818    0.110264
     0.085895    0.107211
     0.078572    0.104182
     0.071788    0.101165
     0.065486    0.098149
     0.059622    0.095124
     0.054157    0.092080
     0.049058    0.089006
     0.044298    0.085896
     0.039854    0.082742
     0.035709    0.079538
     0.031845    0.076279
     0.028252    0.072961
     0.024920    0.069582
     0.021838    0.066142
     0.019001    0.062642
     0.016401    0.059085
     0.014031    0.055475
     0.011883    0.051817
     0.009952    0.048119
     0.008227    0.044387
     0.006701    0.040629
     0.005362    0.036855
     0.004202    0.033073
     0.003209    0.029291
     0.002374    0.025519
     0.001684    0.021762
     0.001130    0.018030
     0.000697    0.014331
     0.000375    0.010673
     0.000154    0.007063
     0.000031    0.003504
     0.000004    0.001753
     0.000000    0.000000
     0.000039   -0.003155
     0.000201   -0.006299
     0.000483   -0.009410
     0.000886   -0.012493
     0.001418   -0.015542
     0.002092   -0.018547
     0.002919   -0.021502
     0.003908   -0.024400
     0.005067   -0.027230
     0.006402   -0.029985
     0.007917   -0.032653
     0.009617   -0.035226
     0.011502   -0.037694
     0.013571   -0.040049
     0.015823   -0.042287
     0.018252   -0.044403
     0.020855   -0.046396
     0.023628   -0.048268
     0.026570   -0.050020
     0.029679   -0.051655
     0.032955   -0.053180
     0.036403   -0.054597
     0.040028   -0.055912
     0.043837   -0.057130
     0.047841   -0.058256
     0.052054   -0.059291
     0.056492   -0.060241
     0.061174   -0.061107
     0.066123   -0.061890
     0.071368   -0.062592
     0.076940   -0.063212
     0.082879   -0.063749
     0.089227   -0.064200
     0.096038   -0.064562
     0.103373   -0.064830
     0.111303   -0.064996
     0.119912   -0.065051
     0.129294   -0.064984
     0.139558   -0.064782
     0.150823   -0.064427
     0.163215   -0.063900
     0.176856   -0.063180
     0.191857   -0.062247
     0.208291   -0.061080
     0.226178   -0.059664
     0.245469   -0.057990
     0.266041   -0.056057
     0.287720   -0.053875
     0.310301   -0.051455
     0.333582   -0.048814
     0.357391   -0.045966
     0.381594   -0.042923
     0.406100   -0.039694
     0.430857   -0.036284
     0.455846   -0.032696
     0.481070   -0.028934
     0.506546   -0.025002
     0.532285   -0.020910
     0.558269   -0.016679
     0.584400   -0.012352
     0.610434   -0.008006
     0.635934   -0.003759
     0.660521    0.000277
     0.683997    0.004024
     0.706289    0.007435
     0.727404    0.010481
     0.747390    0.013149
     0.766320    0.015437
     0.784277    0.017348
     0.801349    0.018889
     0.817620    0.020070
     0.833173    0.020899
     0.848087    0.021385
     0.862435    0.021535
     0.876287    0.021353
     0.889711    0.020842
     0.902773    0.020000
     0.915540    0.018821
     0.928080    0.017294
     0.940470    0.015397
     0.952799    0.013100
     0.965183    0.010352
     0.977775    0.007075
     0.990824    0.003128
     1.000000    0.000000
