     1.000000    0.000000
     0.991067    0.005757
     0.976869    0.014721
     0.961823    0.023971
     0.946089    0.033367
     0.929820    0.042781
     0.913158    0.052105
     0.896220    0.061251
     0.879095    0.070155
     0.861849    0.078774
     0.844528    0.087077
     0.827164    0.095044
     0.809775    0.102665
     0.792376    0.109933
     0.774973    0.116843
     0.757569    0.123396
     0.740167    0.129591
     0.722765    0.135431
     0.705362    0.140916
     0.687956    0.146048
     0.670544    0.150830
     0.653124    0.155263
     0.635695    0.159350
     0.618253    0.163091
     0.600799    0.166488
     0.583330    0.169542
     0.565849    0.172255
     0.548355    0.174627
     0.530852    0.176659
     0.513342    0.178351
     0.495831    0.179705
     0.478326    0.180720
     0.460834    0.181398
     0.443367    0.181739
     0.425938    0.181745
     0.408561    0.181418
     0.391256    0.180761
     0.374043    0.179776
     0.356948    0.178470
     0.339997    0.176847
     0.323224    0.174915
     0.306662    0.172684
     0.290351    0.170166
     0.274331    0.167375
     0.258647    0.164327
     0.243343    0.161042
     0.228463    0.157542
     0.214052    0.153851
     0.200147    0.149994
     0.186784    0.145997
     0.173990    0.141888
     0.161787    0.137693
     0.150185    0.133436
     0.139188    0.129139
     0.128791    0.124823
     0.118984    0.120504
     0.109748    0.116196
     0.101063    0.111909
     0.092903    0.107651
     0.085241    0.103427
     0.078050    0.099240
     0.071303    0.095090
     0.064972    0.090978
     0.059032    0.086900
     0.053460    0.082854
     0.048233    0.078836
     0.043331    0.074842
     0.038737    0.070865
     0.034433    0.066902
     0.030406    0.062945
     0.026645    0.058988
     0.023139    0.055026
     0.019881    0.051052
     0.016864    0.047059
     0.014086    0.043040
     0.011543    0.038989
     0.009238    0.034899
     0.007170    0.030764
     0.005346    0.026577
     0.003772    0.022332
     0.002455    0.018022
     0.001405    0.013640
     0.000637    0.009182
     0.000164    0.004643
     0.000042    0.002326
     0.000000    0.000000
     0.000033   -0.004033
     0.000189   -0.008059
     0.000452   -0.011897
     0.000815   -0.015617
     0.001283   -0.019222
     0.001863   -0.022715
     0.002561   -0.026099
     0.003384   -0.029377
     0.004338   -0.032549
     0.005427   -0.035616
     0.006658   -0.038576
     0.008037   -0.041424
     0.009571   -0.044158
     0.011261   -0.046771
     0.013112   -0.049259
     0.015125   -0.051616
     0.017297   -0.053839
     0.019627   -0.055923
     0.022111   -0.057868
     0.024747   -0.059676
     0.027531   -0.061349
     0.030460   -0.062892
     0.033536   -0.064310
     0.036759   -0.065609
     0.040132   -0.066797
     0.043664   -0.067878
     0.047362   -0.068861
     0.051239   -0.069751
     0.055308   -0.070553
     0.059589   -0.071271
     0.064105   -0.071911
     0.068881   -0.072476
     0.073950   -0.072968
     0.079352   -0.073390
     0.085134   -0.073744
     0.091354   -0.074031
     0.098082   -0.074251
     0.105406   -0.074406
     0.113431   -0.074496
     0.122291   -0.074520
     0.132148   -0.074480
     0.143196   -0.074378
     0.155655   -0.074221
     0.169740   -0.074020
     0.185593   -0.073796
     0.203234   -0.073579
     0.222592   -0.073404
     0.243519   -0.073306
     0.265837   -0.073307
     0.289374   -0.073418
     0.313950   -0.073633
     0.339322   -0.073924
     0.365077   -0.074247
     0.390615   -0.074545
     0.415510   -0.074763
     0.439586   -0.074858
     0.462814   -0.074800
     0.485240   -0.074564
     0.506946   -0.074136
     0.528023   -0.073502
     0.548564   -0.072655
     0.568660   -0.071585
     0.588395   -0.070285
     0.607853   -0.068748
     0.627113   -0.066967
     0.646253   -0.064933
     0.665354   -0.062637
     0.684496   -0.060069
     0.703764   -0.057217
     0.723248   -0.054068
     0.743040   -0.050611
     0.763235   -0.046833
     0.783915   -0.042731
     0.805127   -0.038315
     0.826823   -0.033630
     0.848771   -0.028780
     0.870438   -0.023957
     0.891145   -0.019393
     0.910562   -0.015230
     0.928663   -0.011521
     0.945563   -0.008272
     0.961431   -0.005467
     0.976435   -0.003084
     0.990746   -0.001109
     1.000000    0.000000
