     1.000000    0.000000
     0.991499    0.009042
     0.978485    0.022496
     0.965176    0.035783
     0.951597    0.048853
     0.937762    0.061668
     0.923683    0.074196
     0.909368    0.086410
     0.894823    0.098286
     0.880053    0.109802
     0.865063    0.120937
     0.849855    0.131670
     0.834432    0.141983
     0.818800    0.151858
     0.802961    0.161277
     0.786920    0.170222
     0.770682    0.178676
     0.754254    0.186624
     0.737642    0.194050
     0.720854    0.200939
     0.703898    0.207278
     0.686784    0.213055
     0.669522    0.218260
     0.652123    0.222883
     0.634598    0.226915
     0.616960    0.230352
     0.599221    0.233189
     0.581395    0.235424
     0.563495    0.237056
     0.545535    0.238087
     0.527529    0.238519
     0.509490    0.238358
     0.491433    0.237610
     0.473370    0.236282
     0.455316    0.234385
     0.437284    0.231929
     0.419287    0.228927
     0.401338    0.225390
     0.383451    0.221335
     0.365639    0.216775
     0.347917    0.211727
     0.330300    0.206209
     0.312808    0.200241
     0.295460    0.193844
     0.278282    0.187043
     0.261305    0.179868
     0.244568    0.172352
     0.228119    0.164539
     0.212018    0.156479
     0.196340    0.148237
     0.181169    0.139888
     0.166600    0.131520
     0.152733    0.123230
     0.139655    0.115115
     0.127439    0.107268
     0.116128    0.099765
     0.105734    0.092661
     0.096235    0.085987
     0.087587    0.079752
     0.079727    0.073947
     0.072586    0.068554
     0.066089    0.063542
     0.060168    0.058882
     0.054758    0.054540
     0.049800    0.050487
     0.045243    0.046694
     0.041041    0.043135
     0.037154    0.039784
     0.033549    0.036622
     0.030195    0.033628
     0.027068    0.030786
     0.024146    0.028082
     0.021408    0.025500
     0.018841    0.023029
     0.016429    0.020659
     0.014160    0.018378
     0.012027    0.016176
     0.010021    0.014046
     0.008135    0.011977
     0.006364    0.009960
     0.004719    0.007983
     0.003208    0.006031
     0.001820    0.004089
     0.000652    0.002112
     0.000255    0.001085
     0.000000    0.000000
     0.000250   -0.001960
     0.000919   -0.003791
     0.001986   -0.005547
     0.003339   -0.007170
     0.004916   -0.008671
     0.006674   -0.010077
     0.008589   -0.011405
     0.010646   -0.012670
     0.012838   -0.013885
     0.015162   -0.015062
     0.017619   -0.016209
     0.020212   -0.017332
     0.022947   -0.018439
     0.025832   -0.019535
     0.028875   -0.020624
     0.032089   -0.021711
     0.035486   -0.022800
     0.039081   -0.023895
     0.042893   -0.024999
     0.046941   -0.026116
     0.051248   -0.027250
     0.055841   -0.028404
     0.060750   -0.029582
     0.066008   -0.030788
     0.071653   -0.032025
     0.077729   -0.033296
     0.084282   -0.034604
     0.091363   -0.035952
     0.099027   -0.037341
     0.107330   -0.038772
     0.116329   -0.040244
     0.126073   -0.041751
     0.136604   -0.043289
     0.147946   -0.044845
     0.160105   -0.046407
     0.173059   -0.047956
     0.186763   -0.049474
     0.201151   -0.050938
     0.216139   -0.052328
     0.231640   -0.053625
     0.247563   -0.054812
     0.263828   -0.055876
     0.280362   -0.056805
     0.297104   -0.057591
     0.314006   -0.058229
     0.331030   -0.058713
     0.348145   -0.059041
     0.365328   -0.059211
     0.382562   -0.059221
     0.399835   -0.059071
     0.417137   -0.058761
     0.434461   -0.058292
     0.451804   -0.057664
     0.469161   -0.056879
     0.486531   -0.055939
     0.503913   -0.054847
     0.521307   -0.053605
     0.538713   -0.052216
     0.556134   -0.050686
     0.573569   -0.049017
     0.591022   -0.047217
     0.608494   -0.045292
     0.625988   -0.043248
     0.643506   -0.041093
     0.661049   -0.038837
     0.678621   -0.036491
     0.696219   -0.034065
     0.713843   -0.031574
     0.731487   -0.029033
     0.749142   -0.026460
     0.766794   -0.023874
     0.784418   -0.021297
     0.801992   -0.018755
     0.819501   -0.016270
     0.836933   -0.013867
     0.854277   -0.011571
     0.871527   -0.009406
     0.888675   -0.007400
     0.905716   -0.005577
     0.922645   -0.003965
     0.939455   -0.002589
     0.956143   -0.001477
     0.972701   -0.000654
     0.989123   -0.000150
     1.000000    0.000000
