     1.000000    0.000000
     0.991819    0.008738
     0.979318    0.021603
     0.966555    0.034155
     0.953538    0.046351
     0.940272    0.058162
     0.926762    0.069558
     0.913011    0.080514
     0.899021    0.091005
     0.884795    0.101010
     0.870334    0.110508
     0.855641    0.119481
     0.840720    0.127911
     0.825572    0.135782
     0.810203    0.143082
     0.794617    0.149799
     0.778820    0.155923
     0.762817    0.161449
     0.746615    0.166371
     0.730222    0.170689
     0.713644    0.174403
     0.696890    0.177518
     0.679967    0.180042
     0.662883    0.181983
     0.645645    0.183353
     0.628262    0.184168
     0.610739    0.184444
     0.593084    0.184199
     0.575302    0.183454
     0.557400    0.182231
     0.539383    0.180553
     0.521256    0.178444
     0.503023    0.175930
     0.484690    0.173036
     0.466259    0.169789
     0.447737    0.166215
     0.429128    0.162341
     0.410438    0.158195
     0.391673    0.153805
     0.372843    0.149197
     0.353960    0.144400
     0.335041    0.139444
     0.316111    0.134356
     0.297202    0.129170
     0.278360    0.123917
     0.259648    0.118633
     0.241149    0.113357
     0.222970    0.108132
     0.205240    0.103002
     0.188106    0.098013
     0.171721    0.093209
     0.156227    0.088626
     0.141736    0.084290
     0.128319    0.080215
     0.115993    0.076400
     0.104736    0.072832
     0.094489    0.069491
     0.085177    0.066353
     0.076712    0.063389
     0.069009    0.060575
     0.061986    0.057886
     0.055570    0.055298
     0.049695    0.052792
     0.044306    0.050349
     0.039354    0.047952
     0.034797    0.045586
     0.030601    0.043238
     0.026739    0.040896
     0.023189    0.038550
     0.019932    0.036191
     0.016955    0.033812
     0.014249    0.031408
     0.011805    0.028976
     0.009619    0.026516
     0.007686    0.024033
     0.006001    0.021532
     0.004555    0.019023
     0.003341    0.016518
     0.002345    0.014027
     0.001553    0.011564
     0.000947    0.009140
     0.000505    0.006768
     0.000209    0.004455
     0.000044    0.002200
     0.000008    0.001102
     0.000000    0.000000
     0.000169   -0.002006
     0.000697   -0.003921
     0.001606   -0.005793
     0.002863   -0.007527
     0.004419   -0.009090
     0.006214   -0.010487
     0.008209   -0.011735
     0.010375   -0.012851
     0.012695   -0.013853
     0.015161   -0.014757
     0.017769   -0.015576
     0.020520   -0.016320
     0.023418   -0.016996
     0.026471   -0.017613
     0.029687   -0.018173
     0.033077   -0.018683
     0.036657   -0.019144
     0.040441   -0.019559
     0.044450   -0.019929
     0.048705   -0.020256
     0.053231   -0.020539
     0.058059   -0.020778
     0.063221   -0.020973
     0.068756   -0.021121
     0.074709   -0.021222
     0.081128   -0.021273
     0.088069   -0.021271
     0.095593   -0.021214
     0.103767   -0.021098
     0.112659   -0.020920
     0.122339   -0.020680
     0.132867   -0.020377
     0.144292   -0.020014
     0.156637   -0.019597
     0.169893   -0.019137
     0.184008   -0.018648
     0.198897   -0.018150
     0.214451   -0.017665
     0.230551   -0.017215
     0.247085   -0.016821
     0.263949   -0.016502
     0.281060   -0.016274
     0.298350   -0.016149
     0.315769   -0.016139
     0.333280   -0.016250
     0.350858   -0.016488
     0.368486   -0.016857
     0.386153   -0.017358
     0.403853   -0.017992
     0.421583   -0.018757
     0.439342   -0.019650
     0.457132   -0.020667
     0.474956   -0.021802
     0.492815   -0.023049
     0.510711   -0.024397
     0.528646   -0.025837
     0.546617   -0.027354
     0.564619   -0.028932
     0.582641   -0.030555
     0.600663   -0.032199
     0.618650   -0.033840
     0.636567   -0.035450
     0.654386   -0.037001
     0.672085   -0.038466
     0.689650   -0.039813
     0.707067   -0.041014
     0.724326   -0.042039
     0.741419   -0.042857
     0.758339   -0.043440
     0.775080   -0.043756
     0.791637   -0.043776
     0.808008   -0.043472
     0.824189   -0.042815
     0.840178   -0.041778
     0.855974   -0.040334
     0.871578   -0.038456
     0.886992   -0.036119
     0.902219   -0.033299
     0.917264   -0.029970
     0.932139   -0.026106
     0.946858   -0.021679
     0.961443   -0.016657
     0.975928   -0.011000
     0.990361   -0.004655
     1.000000    0.000000
