     1.000000    0.000000
     0.990453    0.007317
     0.975878    0.018136
     0.961019    0.028739
     0.945903    0.039096
     0.930552    0.049183
     0.914982    0.058984
     0.899207    0.068484
     0.883238    0.077672
     0.867085    0.086537
     0.850757    0.095074
     0.834262    0.103274
     0.817607    0.111132
     0.800800    0.118642
     0.783847    0.125799
     0.766755    0.132599
     0.749533    0.139038
     0.732187    0.145110
     0.714724    0.150812
     0.697153    0.156141
     0.679480    0.161092
     0.661713    0.165663
     0.643861    0.169849
     0.625931    0.173648
     0.607932    0.177057
     0.589873    0.180072
     0.571761    0.182692
     0.553605    0.184913
     0.535415    0.186733
     0.517200    0.188149
     0.498969    0.189160
     0.480731    0.189765
     0.462498    0.189960
     0.444279    0.189745
     0.426086    0.189118
     0.407929    0.188080
     0.389823    0.186629
     0.371781    0.184766
     0.353818    0.182490
     0.335951    0.179806
     0.318201    0.176713
     0.300590    0.173219
     0.283148    0.169328
     0.265906    0.165050
     0.248906    0.160400
     0.232195    0.155397
     0.215832    0.150065
     0.199884    0.144440
     0.184429    0.138566
     0.169551    0.132497
     0.155335    0.126296
     0.141865    0.120034
     0.129208    0.113784
     0.117413    0.107615
     0.106504    0.101588
     0.096477    0.095754
     0.087305    0.090145
     0.078943    0.084783
     0.071335    0.079677
     0.064416    0.074824
     0.058122    0.070218
     0.052392    0.065845
     0.047167    0.061691
     0.042394    0.057739
     0.038027    0.053974
     0.034024    0.050381
     0.030349    0.046943
     0.026970    0.043647
     0.023859    0.040480
     0.020992    0.037429
     0.018351    0.034484
     0.015917    0.031635
     0.013677    0.028872
     0.011619    0.026187
     0.009732    0.023571
     0.008011    0.021018
     0.006448    0.018521
     0.005044    0.016073
     0.003797    0.013669
     0.002710    0.011303
     0.001784    0.008972
     0.001031    0.006673
     0.000478    0.004410
     0.000139    0.002186
     0.000047    0.001097
     0.000000    0.000000
     0.000311   -0.001997
     0.000991   -0.003882
     0.001998   -0.005741
     0.003205   -0.007552
     0.004576   -0.009330
     0.006097   -0.011087
     0.007759   -0.012832
     0.009552   -0.014574
     0.011476   -0.016316
     0.013533   -0.018066
     0.015725   -0.019828
     0.018060   -0.021606
     0.020543   -0.023405
     0.023183   -0.025227
     0.025991   -0.027077
     0.028980   -0.028958
     0.032163   -0.030872
     0.035556   -0.032825
     0.039178   -0.034818
     0.043050   -0.036854
     0.047195   -0.038937
     0.051642   -0.041069
     0.056419   -0.043253
     0.061562   -0.045488
     0.067106   -0.047777
     0.073095   -0.050118
     0.079571   -0.052508
     0.086584   -0.054943
     0.094181   -0.057416
     0.102413   -0.059914
     0.111326   -0.062423
     0.120959   -0.064921
     0.131343   -0.067386
     0.142494   -0.069786
     0.154409   -0.072091
     0.167070   -0.074266
     0.180438   -0.076280
     0.194460   -0.078103
     0.209073   -0.079711
     0.224207   -0.081086
     0.239795   -0.082217
     0.255772   -0.083100
     0.272080   -0.083735
     0.288668   -0.084128
     0.305494   -0.084288
     0.322522   -0.084226
     0.339723   -0.083955
     0.357073   -0.083490
     0.374554   -0.082846
     0.392150   -0.082037
     0.409848   -0.081079
     0.427637   -0.079987
     0.445508   -0.078775
     0.463453   -0.077457
     0.481464   -0.076046
     0.499533   -0.074556
     0.517653   -0.072996
     0.535818   -0.071379
     0.554018   -0.069713
     0.572247   -0.068006
     0.590496   -0.066265
     0.608756   -0.064495
     0.627015   -0.062699
     0.645266   -0.060879
     0.663495   -0.059033
     0.681691   -0.057160
     0.699843   -0.055255
     0.717936   -0.053310
     0.735959   -0.051316
     0.753898   -0.049262
     0.771739   -0.047135
     0.789470   -0.044918
     0.807077   -0.042595
     0.824547   -0.040145
     0.841870   -0.037548
     0.859032   -0.034782
     0.876025   -0.031823
     0.892839   -0.028647
     0.909466   -0.025228
     0.925901   -0.021541
     0.942138   -0.017560
     0.958176   -0.013258
     0.974018   -0.008607
     0.989664   -0.003578
     1.000000    0.000000
