     1.000000    0.000000
     0.992373    0.004966
     0.980943    0.012090
     0.969472    0.018871
     0.957918    0.025345
     0.946251    0.031536
     0.934445    0.037464
     0.922477    0.043143
     0.910327    0.048585
     0.897978    0.053798
     0.885414    0.058792
     0.872620    0.063569
     0.859581    0.068137
     0.846285    0.072497
     0.832721    0.076654
     0.818879    0.080609
     0.804748    0.084363
     0.790322    0.087918
     0.775595    0.091274
     0.760563    0.094432
     0.745225    0.097391
     0.729583    0.100150
     0.713640    0.102710
     0.697405    0.105069
     0.680887    0.107226
     0.664101    0.109181
     0.647065    0.110931
     0.629798    0.112476
     0.612324    0.113816
     0.594668    0.114948
     0.576859    0.115872
     0.558926    0.116587
     0.540899    0.117092
     0.522809    0.117387
     0.504686    0.117472
     0.486560    0.117345
     0.468460    0.117007
     0.450414    0.116457
     0.432448    0.115696
     0.414586    0.114724
     0.396853    0.113541
     0.379270    0.112149
     0.361860    0.110547
     0.344642    0.108739
     0.327638    0.106726
     0.310869    0.104512
     0.294359    0.102101
     0.278131    0.099498
     0.262212    0.096712
     0.246634    0.093753
     0.231429    0.090632
     0.216636    0.087365
     0.202293    0.083972
     0.188444    0.080474
     0.175132    0.076897
     0.162395    0.073268
     0.150271    0.069616
     0.138785    0.065971
     0.127955    0.062361
     0.117786    0.058809
     0.108273    0.055338
     0.099399    0.051964
     0.091137    0.048698
     0.083454    0.045548
     0.076316    0.042517
     0.069682    0.039606
     0.063512    0.036814
     0.057770    0.034135
     0.052418    0.031567
     0.047422    0.029102
     0.042751    0.026734
     0.038376    0.024458
     0.034271    0.022267
     0.030412    0.020154
     0.026779    0.018115
     0.023353    0.016142
     0.020117    0.014229
     0.017056    0.012371
     0.014158    0.010562
     0.011414    0.008794
     0.008812    0.007060
     0.006342    0.005356
     0.004022    0.003653
     0.001831    0.001940
     0.000815    0.001059
     0.000000    0.000000
     0.000037   -0.002706
     0.000181   -0.005401
     0.000435   -0.008091
     0.000799   -0.010773
     0.001279   -0.013440
     0.001886   -0.016085
     0.002630   -0.018700
     0.003517   -0.021278
     0.004555   -0.023811
     0.005747   -0.026290
     0.007098   -0.028708
     0.008611   -0.031054
     0.010287   -0.033322
     0.012124   -0.035505
     0.014123   -0.037597
     0.016280   -0.039594
     0.018592   -0.041494
     0.021058   -0.043295
     0.023675   -0.044998
     0.026443   -0.046605
     0.029361   -0.048117
     0.032433   -0.049537
     0.035660   -0.050869
     0.039049   -0.052114
     0.042607   -0.053276
     0.046343   -0.054357
     0.050268   -0.055360
     0.054397   -0.056287
     0.058745   -0.057137
     0.063333   -0.057913
     0.068183   -0.058615
     0.073322   -0.059240
     0.078782   -0.059789
     0.084600   -0.060258
     0.090819   -0.060645
     0.097489   -0.060945
     0.104671   -0.061152
     0.112434   -0.061260
     0.120861   -0.061258
     0.130046   -0.061138
     0.140099   -0.060886
     0.151145   -0.060489
     0.163320   -0.059933
     0.176768   -0.059203
     0.191626   -0.058289
     0.208003   -0.057183
     0.225951   -0.055892
     0.245422   -0.054436
     0.266224   -0.052853
     0.287995   -0.051201
     0.310352   -0.049541
     0.333016   -0.047919
     0.355818   -0.046367
     0.378674   -0.044907
     0.401556   -0.043550
     0.424472   -0.042300
     0.447447   -0.041157
     0.470518   -0.040120
     0.493726   -0.039184
     0.517108   -0.038339
     0.540696   -0.037576
     0.564505   -0.036882
     0.588516   -0.036241
     0.612651   -0.035634
     0.636740   -0.035040
     0.660533   -0.034436
     0.683850   -0.033799
     0.706587   -0.033105
     0.728691   -0.032329
     0.750143   -0.031451
     0.770942   -0.030453
     0.791100   -0.029319
     0.810638   -0.028036
     0.829579   -0.026592
     0.847946   -0.024979
     0.865764   -0.023190
     0.883058   -0.021219
     0.899849   -0.019063
     0.916157   -0.016720
     0.931997   -0.014189
     0.947382   -0.011471
     0.962321   -0.008572
     0.976818   -0.005496
     0.990872   -0.002251
     1.000000    0.000000
