     1.000000    0.000000
     0.991023    0.006968
     0.976963    0.017628
     0.962285    0.028432
     0.947107    0.039259
     0.931532    0.050011
     0.915645    0.060607
     0.899519    0.070985
     0.883207    0.081097
     0.866753    0.090908
     0.850190    0.100393
     0.833543    0.109532
     0.816835    0.118310
     0.800079    0.126718
     0.783292    0.134745
     0.766483    0.142386
     0.749662    0.149636
     0.732838    0.156490
     0.716018    0.162945
     0.699209    0.168999
     0.682416    0.174649
     0.665644    0.179896
     0.648898    0.184737
     0.632181    0.189171
     0.615498    0.193200
     0.598852    0.196823
     0.582244    0.200039
     0.565679    0.202850
     0.549157    0.205256
     0.532682    0.207258
     0.516255    0.208856
     0.499878    0.210051
     0.483553    0.210844
     0.467282    0.211236
     0.451068    0.211227
     0.434913    0.210819
     0.418819    0.210013
     0.402791    0.208809
     0.386832    0.207210
     0.370948    0.205217
     0.355143    0.202831
     0.339427    0.200057
     0.323807    0.196895
     0.308295    0.193352
     0.292903    0.189433
     0.277648    0.185144
     0.262548    0.180496
     0.247628    0.175501
     0.232915    0.170174
     0.218442    0.164536
     0.204249    0.158614
     0.190380    0.152439
     0.176885    0.146049
     0.163818    0.139491
     0.151235    0.132816
     0.139190    0.126082
     0.127734    0.119347
     0.116906    0.112670
     0.106734    0.106107
     0.097232    0.099705
     0.088399    0.093500
     0.080218    0.087522
     0.072664    0.081787
     0.065702    0.076303
     0.059293    0.071071
     0.053393    0.066084
     0.047961    0.061332
     0.042957    0.056804
     0.038343    0.052484
     0.034083    0.048359
     0.030146    0.044412
     0.026505    0.040629
     0.023133    0.036995
     0.020010    0.033496
     0.017118    0.030119
     0.014441    0.026851
     0.011968    0.023678
     0.009688    0.020588
     0.007598    0.017568
     0.005697    0.014604
     0.003998    0.011681
     0.002512    0.008780
     0.001265    0.005879
     0.000386    0.002961
     0.000133    0.001494
     0.000000    0.000000
     0.000054   -0.002798
     0.000246   -0.005581
     0.000581   -0.008386
     0.001065   -0.011199
     0.001710   -0.014008
     0.002530   -0.016800
     0.003534   -0.019566
     0.004731   -0.022294
     0.006125   -0.024973
     0.007721   -0.027591
     0.009520   -0.030137
     0.011523   -0.032603
     0.013728   -0.034982
     0.016133   -0.037269
     0.018736   -0.039460
     0.021535   -0.041555
     0.024530   -0.043554
     0.027723   -0.045459
     0.031117   -0.047272
     0.034717   -0.048995
     0.038531   -0.050633
     0.042570   -0.052188
     0.046849   -0.053663
     0.051383   -0.055061
     0.056194   -0.056385
     0.061306   -0.057636
     0.066749   -0.058815
     0.072558   -0.059924
     0.078774   -0.060962
     0.085447   -0.061929
     0.092632   -0.062824
     0.100400   -0.063644
     0.108828   -0.064386
     0.118010   -0.065047
     0.128053   -0.065620
     0.139082   -0.066102
     0.151233   -0.066486
     0.164653   -0.066769
     0.179486   -0.066948
     0.195854   -0.067026
     0.213827   -0.067014
     0.233371   -0.066935
     0.254300   -0.066821
     0.276245   -0.066715
     0.298824   -0.066660
     0.321752   -0.066692
     0.344860   -0.066838
     0.368062   -0.067118
     0.391337   -0.067542
     0.414699   -0.068116
     0.438182   -0.068839
     0.461822   -0.069707
     0.485647   -0.070706
     0.509650   -0.071816
     0.533763   -0.073005
     0.557807   -0.074226
     0.581472   -0.075418
     0.604483   -0.076519
     0.626681   -0.077476
     0.648000   -0.078246
     0.668423   -0.078797
     0.687971   -0.079103
     0.706683   -0.079147
     0.724610   -0.078917
     0.741804   -0.078402
     0.758321   -0.077596
     0.774214   -0.076496
     0.789536   -0.075097
     0.804335   -0.073397
     0.818658   -0.071393
     0.832547   -0.069081
     0.846044   -0.066459
     0.859187   -0.063520
     0.872012   -0.060259
     0.884555   -0.056669
     0.896852   -0.052737
     0.908936   -0.048452
     0.920846   -0.043794
     0.932622   -0.038742
     0.944309   -0.033262
     0.955965   -0.027312
     0.967660   -0.020827
     0.979496   -0.013715
     0.991626   -0.005824
     1.000000    0.000000
