     1.000000    0.000000
     0.993180    0.006665
     0.982891    0.016405
     0.972550    0.025824
     0.962180    0.034906
     0.951790    0.043640
     0.941384    0.052028
     0.930968    0.060070
     0.920543    0.067768
     0.910108    0.075130
     0.899660    0.082159
     0.889197    0.088864
     0.878714    0.095252
     0.868206    0.101329
     0.857667    0.107102
     0.847090    0.112578
     0.836468    0.117764
     0.825794    0.122664
     0.815059    0.127286
     0.804255    0.131632
     0.793373    0.135709
     0.782403    0.139519
     0.771335    0.143065
     0.760159    0.146352
     0.748863    0.149379
     0.737435    0.152149
     0.725863    0.154663
     0.714133    0.156921
     0.702232    0.158921
     0.690143    0.160664
     0.677851    0.162146
     0.665339    0.163365
     0.652587    0.164317
     0.639576    0.164999
     0.626285    0.165405
     0.612690    0.165529
     0.598768    0.165365
     0.584490    0.164903
     0.569828    0.164136
     0.554753    0.163055
     0.539229    0.161647
     0.523222    0.159903
     0.506693    0.157810
     0.489602    0.155354
     0.471905    0.152523
     0.453558    0.149303
     0.434514    0.145682
     0.414730    0.141648
     0.394166    0.137192
     0.372790    0.132311
     0.350593    0.127008
     0.327601    0.121301
     0.303899    0.115227
     0.279672    0.108855
     0.255234    0.102294
     0.231059    0.095698
     0.207739    0.089254
     0.185873    0.083146
     0.165906    0.077510
     0.148043    0.072410
     0.132251    0.067839
     0.118353    0.063749
     0.106105    0.060074
     0.095261    0.056745
     0.085600    0.053700
     0.076932    0.050885
     0.069101    0.048256
     0.061979    0.045774
     0.055463    0.043407
     0.049467    0.041128
     0.043924    0.038912
     0.038778    0.036738
     0.033983    0.034584
     0.029503    0.032429
     0.025309    0.030252
     0.021380    0.028030
     0.017702    0.025737
     0.014268    0.023344
     0.011084    0.020813
     0.008170    0.018102
     0.005563    0.015160
     0.003331    0.011931
     0.001574    0.008356
     0.000416    0.004397
     0.000101    0.002217
     0.000000    0.000000
     0.000049   -0.004723
     0.000246   -0.009437
     0.000572   -0.013914
     0.001022   -0.018244
     0.001600   -0.022430
     0.002313   -0.026477
     0.003167   -0.030391
     0.004164   -0.034177
     0.005309   -0.037837
     0.006607   -0.041373
     0.008063   -0.044783
     0.009683   -0.048069
     0.011470   -0.051227
     0.013428   -0.054254
     0.015559   -0.057147
     0.017864   -0.059904
     0.020345   -0.062523
     0.022998   -0.065002
     0.025825   -0.067341
     0.028825   -0.069542
     0.031997   -0.071608
     0.035342   -0.073543
     0.038864   -0.075351
     0.042568   -0.077039
     0.046462   -0.078612
     0.050557   -0.080077
     0.054866   -0.081438
     0.059407   -0.082702
     0.064202   -0.083873
     0.069278   -0.084957
     0.074670   -0.085958
     0.080417   -0.086879
     0.086569   -0.087723
     0.093186   -0.088494
     0.100345   -0.089194
     0.108140   -0.089824
     0.116691   -0.090387
     0.126147   -0.090884
     0.136702   -0.091318
     0.148597   -0.091693
     0.162135   -0.092016
     0.177669   -0.092301
     0.195547   -0.092571
     0.215932   -0.092865
     0.238623   -0.093231
     0.263213   -0.093722
     0.289278   -0.094379
     0.316509   -0.095227
     0.344731   -0.096268
     0.373818   -0.097484
     0.403537   -0.098827
     0.433321   -0.100209
     0.462300   -0.101515
     0.489940   -0.102652
     0.516092   -0.103560
     0.540797   -0.104206
     0.564174   -0.104571
     0.586361   -0.104647
     0.607493   -0.104432
     0.627692   -0.103926
     0.647069   -0.103130
     0.665717   -0.102046
     0.683721   -0.100678
     0.701153   -0.099026
     0.718077   -0.097092
     0.734548   -0.094878
     0.750618   -0.092383
     0.766328   -0.089609
     0.781721   -0.086553
     0.796830   -0.083214
     0.811687   -0.079591
     0.826323   -0.075679
     0.840762   -0.071476
     0.855027   -0.066979
     0.869142   -0.062182
     0.883122   -0.057083
     0.896986   -0.051676
     0.910745   -0.045958
     0.924409   -0.039927
     0.937985   -0.033581
     0.951474   -0.026923
     0.964868   -0.019958
     0.978157   -0.012698
     0.991316   -0.005164
     1.000000    0.000000
