     1.000000    0.000000
     0.989471    0.005276
     0.973429    0.012916
     0.957082    0.020231
     0.940442    0.027228
     0.923515    0.033914
     0.906309    0.040299
     0.888831    0.046393
     0.871087    0.052209
     0.853087    0.057762
     0.834839    0.063065
     0.816353    0.068132
     0.797639    0.072980
     0.778708    0.077622
     0.759575    0.082073
     0.740253    0.086347
     0.720756    0.090457
     0.701100    0.094415
     0.681302    0.098233
     0.661378    0.101918
     0.641346    0.105481
     0.621223    0.108926
     0.601028    0.112258
     0.580779    0.115481
     0.560494    0.118594
     0.540192    0.121596
     0.519892    0.124484
     0.499611    0.127253
     0.479370    0.129896
     0.459188    0.132403
     0.439086    0.134762
     0.419085    0.136962
     0.399209    0.138987
     0.379481    0.140821
     0.359931    0.142446
     0.340587    0.143844
     0.321485    0.144994
     0.302660    0.145876
     0.284155    0.146470
     0.266015    0.146757
     0.248289    0.146718
     0.231030    0.146337
     0.214290    0.145602
     0.198125    0.144505
     0.182585    0.143043
     0.167715    0.141218
     0.153556    0.139038
     0.140138    0.136515
     0.127482    0.133667
     0.115597    0.130517
     0.104484    0.127088
     0.094136    0.123407
     0.084537    0.119502
     0.075665    0.115401
     0.067497    0.111134
     0.060004    0.106729
     0.053154    0.102215
     0.046918    0.097622
     0.041260    0.092976
     0.036147    0.088304
     0.031546    0.083633
     0.027420    0.078986
     0.023736    0.074384
     0.020458    0.069847
     0.017552    0.065391
     0.014986    0.061029
     0.012728    0.056773
     0.010748    0.052632
     0.009018    0.048610
     0.007513    0.044711
     0.006208    0.040938
     0.005082    0.037290
     0.004114    0.033768
     0.003287    0.030368
     0.002586    0.027088
     0.001996    0.023923
     0.001504    0.020871
     0.001100    0.017927
     0.000772    0.015088
     0.000512    0.012349
     0.000312    0.009706
     0.000166    0.007155
     0.000068    0.004690
     0.000014    0.002307
     0.000002    0.001154
     0.000000    0.000000
     0.000071   -0.002008
     0.000369   -0.003975
     0.000914   -0.005957
     0.001736   -0.007895
     0.002872   -0.009723
     0.004319   -0.011390
     0.006042   -0.012863
     0.008000   -0.014136
     0.010151   -0.015218
     0.012470   -0.016129
     0.014934   -0.016893
     0.017536   -0.017526
     0.020272   -0.018049
     0.023145   -0.018472
     0.026158   -0.018808
     0.029319   -0.019064
     0.032640   -0.019247
     0.036134   -0.019363
     0.039815   -0.019415
     0.043702   -0.019406
     0.047816   -0.019337
     0.052182   -0.019209
     0.056828   -0.019024
     0.061786   -0.018779
     0.067095   -0.018474
     0.072796   -0.018109
     0.078938   -0.017679
     0.085576   -0.017184
     0.092769   -0.016622
     0.100584   -0.015990
     0.109092   -0.015286
     0.118361   -0.014512
     0.128451   -0.013670
     0.139409   -0.012765
     0.151259   -0.011806
     0.164000   -0.010806
     0.177600   -0.009780
     0.191998   -0.008745
     0.207109   -0.007719
     0.222839   -0.006716
     0.239087   -0.005751
     0.255763   -0.004832
     0.272785   -0.003964
     0.290086   -0.003150
     0.307613   -0.002389
     0.325324   -0.001678
     0.343186   -0.001013
     0.361173   -0.000387
     0.379266    0.000205
     0.397447    0.000771
     0.415701    0.001317
     0.434012    0.001852
     0.452365    0.002381
     0.470741    0.002910
     0.489124    0.003446
     0.507504    0.003994
     0.525878    0.004557
     0.544243    0.005140
     0.562601    0.005743
     0.580953    0.006369
     0.599299    0.007017
     0.617640    0.007685
     0.635971    0.008369
     0.654284    0.009063
     0.672560    0.009761
     0.690774    0.010450
     0.708900    0.011120
     0.726916    0.011756
     0.744801    0.012344
     0.762537    0.012865
     0.780108    0.013304
     0.797500    0.013639
     0.814700    0.013851
     0.831696    0.013920
     0.848482    0.013824
     0.865051    0.013542
     0.881400    0.013052
     0.897526    0.012334
     0.913435    0.011364
     0.929129    0.010122
     0.944621    0.008584
     0.959924    0.006726
     0.975060    0.004523
     0.990054    0.001943
     1.000000    0.000000
