     1.000000    0.000000
     0.989805    0.005000
     0.972789    0.013326
     0.953792    0.022579
     0.933133    0.032557
     0.911301    0.042974
     0.888808    0.053531
     0.866066    0.063989
     0.843350    0.074186
     0.820816    0.084024
     0.798542    0.093451
     0.776555    0.102444
     0.754858    0.110994
     0.733439    0.119100
     0.712279    0.126766
     0.691361    0.133999
     0.670663    0.140806
     0.650170    0.147192
     0.629867    0.153163
     0.609740    0.158726
     0.589780    0.163885
     0.569981    0.168643
     0.550338    0.173006
     0.530850    0.176975
     0.511520    0.180555
     0.492352    0.183747
     0.473355    0.186553
     0.454539    0.188977
     0.435920    0.191022
     0.417515    0.192690
     0.399345    0.193985
     0.381433    0.194912
     0.363806    0.195477
     0.346493    0.195686
     0.329524    0.195549
     0.312929    0.195075
     0.296739    0.194276
     0.280986    0.193165
     0.265697    0.191758
     0.250897    0.190072
     0.236608    0.188122
     0.222846    0.185929
     0.209624    0.183511
     0.196947    0.180886
     0.184818    0.178072
     0.173233    0.175087
     0.162183    0.171947
     0.151659    0.168668
     0.141644    0.165261
     0.132123    0.161739
     0.123077    0.158113
     0.114488    0.154392
     0.106334    0.150581
     0.098598    0.146689
     0.091259    0.142719
     0.084301    0.138675
     0.077705    0.134562
     0.071456    0.130380
     0.065538    0.126133
     0.059938    0.121821
     0.054644    0.117445
     0.049644    0.113007
     0.044928    0.108507
     0.040487    0.103947
     0.036314    0.099327
     0.032399    0.094649
     0.028738    0.089915
     0.025324    0.085126
     0.022152    0.080285
     0.019217    0.075395
     0.016514    0.070460
     0.014038    0.065484
     0.011785    0.060471
     0.009749    0.055426
     0.007927    0.050357
     0.006311    0.045269
     0.004897    0.040169
     0.003679    0.035066
     0.002649    0.029968
     0.001802    0.024883
     0.001129    0.019820
     0.000620    0.014790
     0.000267    0.009805
     0.000062    0.004873
     0.000014    0.002438
     0.000000    0.000000
     0.000038   -0.004133
     0.000208   -0.008257
     0.000492   -0.012174
     0.000884   -0.015963
     0.001390   -0.019625
     0.002016   -0.023166
     0.002771   -0.026588
     0.003659   -0.029894
     0.004688   -0.033084
     0.005863   -0.036158
     0.007192   -0.039112
     0.008681   -0.041940
     0.010335   -0.044638
     0.012158   -0.047197
     0.014152   -0.049610
     0.016316   -0.051871
     0.018646   -0.053973
     0.021138   -0.055913
     0.023787   -0.057692
     0.026587   -0.059310
     0.029533   -0.060771
     0.032622   -0.062080
     0.035853   -0.063244
     0.039227   -0.064270
     0.042748   -0.065164
     0.046423   -0.065934
     0.050260   -0.066584
     0.054272   -0.067120
     0.058474   -0.067547
     0.062886   -0.067865
     0.067529   -0.068078
     0.072431   -0.068186
     0.077625   -0.068189
     0.083151   -0.068085
     0.089055   -0.067869
     0.095396   -0.067538
     0.102243   -0.067085
     0.109682   -0.066500
     0.117817   -0.065774
     0.126775   -0.064894
     0.136708   -0.063844
     0.147790   -0.062613
     0.160204   -0.061191
     0.174090   -0.059582
     0.189471   -0.057814
     0.206247   -0.055941
     0.224228   -0.054031
     0.243177   -0.052157
     0.262873   -0.050383
     0.283143   -0.048755
     0.303880   -0.047307
     0.325033   -0.046056
     0.346598   -0.045011
     0.368604   -0.044174
     0.391104   -0.043543
     0.414165   -0.043110
     0.437859   -0.042863
     0.462250   -0.042786
     0.487367   -0.042856
     0.513159   -0.043037
     0.539412   -0.043285
     0.565660   -0.043541
     0.591373   -0.043743
     0.616273   -0.043841
     0.640271   -0.043796
     0.663380   -0.043581
     0.685657   -0.043176
     0.707178   -0.042566
     0.728022   -0.041741
     0.748263   -0.040694
     0.767970   -0.039418
     0.787202   -0.037910
     0.806015   -0.036165
     0.824452   -0.034183
     0.842551   -0.031961
     0.860341   -0.029501
     0.877837   -0.026805
     0.895047   -0.023879
     0.911962   -0.020735
     0.928557   -0.017387
     0.944788   -0.013859
     0.960593   -0.010184
     0.975890   -0.006402
     0.990584   -0.002564
     1.000000    0.000000
