     1.000000    0.000000
     0.991907    0.006109
     0.979021    0.015653
     0.965323    0.025555
     0.950954    0.035672
     0.936054    0.045871
     0.920762    0.056027
     0.905201    0.066039
     0.889471    0.075827
     0.873651    0.085333
     0.857801    0.094516
     0.841964    0.103347
     0.826172    0.111810
     0.810448    0.119893
     0.794808    0.127591
     0.779264    0.134902
     0.763822    0.141827
     0.748487    0.148369
     0.733262    0.154530
     0.718148    0.160317
     0.703144    0.165734
     0.688249    0.170786
     0.673461    0.175479
     0.658776    0.179820
     0.644192    0.183813
     0.629705    0.187464
     0.615310    0.190779
     0.601003    0.193762
     0.586781    0.196418
     0.572637    0.198752
     0.558568    0.200767
     0.544568    0.202468
     0.530634    0.203858
     0.516760    0.204940
     0.502941    0.205716
     0.489174    0.206189
     0.475453    0.206360
     0.461775    0.206231
     0.448135    0.205804
     0.434531    0.205078
     0.420958    0.204054
     0.407413    0.202733
     0.393894    0.201114
     0.380398    0.199198
     0.366924    0.196983
     0.353472    0.194469
     0.340040    0.191656
     0.326629    0.188543
     0.313242    0.185130
     0.299881    0.181417
     0.286551    0.177405
     0.273258    0.173096
     0.260012    0.168492
     0.246824    0.163597
     0.233709    0.158419
     0.220684    0.152967
     0.207774    0.147252
     0.195005    0.141293
     0.182411    0.135110
     0.170031    0.128732
     0.157909    0.122191
     0.146093    0.115528
     0.134636    0.108788
     0.123589    0.102023
     0.113000    0.095285
     0.102913    0.088627
     0.093362    0.082098
     0.084366    0.075741
     0.075935    0.069591
     0.068065    0.063674
     0.060740    0.058004
     0.053938    0.052589
     0.047628    0.047429
     0.041779    0.042517
     0.036355    0.037842
     0.031324    0.033391
     0.026653    0.029149
     0.022313    0.025098
     0.018275    0.021221
     0.014517    0.017499
     0.011022    0.013911
     0.007770    0.010431
     0.004769    0.007032
     0.002047    0.003640
     0.000829    0.001922
     0.000000    0.000000
     0.000069   -0.004636
     0.000295   -0.009263
     0.000672   -0.013809
     0.001199   -0.018298
     0.001878   -0.022721
     0.002713   -0.027076
     0.003703   -0.031359
     0.004850   -0.035568
     0.006154   -0.039700
     0.007616   -0.043752
     0.009238   -0.047721
     0.011018   -0.051604
     0.012959   -0.055400
     0.015060   -0.059105
     0.017322   -0.062717
     0.019746   -0.066232
     0.022330   -0.069650
     0.025077   -0.072968
     0.027987   -0.076183
     0.031060   -0.079295
     0.034296   -0.082300
     0.037698   -0.085198
     0.041267   -0.087988
     0.045006   -0.090668
     0.048916   -0.093236
     0.053002   -0.095693
     0.057267   -0.098037
     0.061718   -0.100266
     0.066360   -0.102380
     0.071202   -0.104377
     0.076251   -0.106255
     0.081519   -0.108011
     0.087017   -0.109643
     0.092759   -0.111148
     0.098761   -0.112521
     0.105041   -0.113757
     0.111619   -0.114851
     0.118519   -0.115796
     0.125767   -0.116582
     0.133394   -0.117199
     0.141433   -0.117637
     0.149924   -0.117880
     0.158911   -0.117912
     0.168445   -0.117715
     0.178583   -0.117265
     0.189391   -0.116536
     0.200943   -0.115498
     0.213325   -0.114116
     0.226635   -0.112348
     0.240983   -0.110149
     0.256497   -0.107466
     0.273324   -0.104239
     0.291631   -0.100403
     0.311609   -0.095884
     0.333473   -0.090608
     0.357451   -0.084504
     0.383747   -0.077521
     0.412420   -0.069677
     0.443084   -0.061151
     0.474436   -0.052426
     0.504980   -0.044045
     0.534089   -0.036275
     0.561680   -0.029192
     0.587878   -0.022793
     0.612856   -0.017046
     0.636788   -0.011911
     0.659822   -0.007352
     0.682090   -0.003335
     0.703701    0.000167
     0.724752    0.003180
     0.745323    0.005723
     0.765485    0.007814
     0.785302    0.009467
     0.804827    0.010695
     0.824107    0.011506
     0.843181    0.011910
     0.862080    0.011913
     0.880825    0.011524
     0.899422    0.010749
     0.917862    0.009600
     0.936109    0.008093
     0.954102    0.006250
     0.971744    0.004107
     0.988904    0.001710
     1.000000    0.000000
