     1.000000    0.000000
     0.991162    0.005477
     0.977074    0.013993
     0.961993    0.022829
     0.945965    0.031927
     0.929048    0.041226
     0.911313    0.050663
     0.892840    0.060178
     0.873717    0.069714
     0.854039    0.079213
     0.833909    0.088620
     0.813432    0.097881
     0.792719    0.106944
     0.771882    0.115758
     0.751026    0.124277
     0.730252    0.132460
     0.709649    0.140272
     0.689293    0.147684
     0.669247    0.154675
     0.649561    0.161230
     0.630269    0.167340
     0.611397    0.173003
     0.592957    0.178219
     0.574958    0.182993
     0.557396    0.187333
     0.540267    0.191249
     0.523561    0.194750
     0.507265    0.197849
     0.491364    0.200557
     0.475844    0.202886
     0.460687    0.204849
     0.445877    0.206456
     0.431397    0.207719
     0.417232    0.208647
     0.403366    0.209250
     0.389784    0.209538
     0.376471    0.209518
     0.363414    0.209199
     0.350601    0.208586
     0.338020    0.207687
     0.325661    0.206507
     0.313512    0.205052
     0.301565    0.203326
     0.289813    0.201334
     0.278249    0.199080
     0.266865    0.196567
     0.255657    0.193801
     0.244622    0.190783
     0.233756    0.187519
     0.223057    0.184011
     0.212525    0.180265
     0.202162    0.176284
     0.191968    0.172075
     0.181948    0.167643
     0.172106    0.162997
     0.162449    0.158144
     0.152984    0.153096
     0.143722    0.147863
     0.134673    0.142459
     0.125848    0.136902
     0.117262    0.131208
     0.108928    0.125397
     0.100858    0.119492
     0.093068    0.113515
     0.085569    0.107492
     0.078373    0.101446
     0.071489    0.095403
     0.064923    0.089386
     0.058681    0.083417
     0.052762    0.077515
     0.047166    0.071699
     0.041887    0.065980
     0.036920    0.060370
     0.032256    0.054875
     0.027887    0.049498
     0.023801    0.044240
     0.019988    0.039096
     0.016441    0.034060
     0.013153    0.029123
     0.010120    0.024269
     0.007344    0.019477
     0.004844    0.014722
     0.002662    0.009953
     0.000887    0.005099
     0.000296    0.002581
     0.000000    0.000000
     0.000082   -0.005897
     0.000365   -0.011782
     0.000822   -0.017368
     0.001451   -0.022763
     0.002252   -0.027974
     0.003227   -0.033007
     0.004374   -0.037871
     0.005693   -0.042570
     0.007185   -0.047110
     0.008849   -0.051492
     0.010689   -0.055720
     0.012704   -0.059795
     0.014895   -0.063716
     0.017264   -0.067485
     0.019812   -0.071099
     0.022538   -0.074557
     0.025442   -0.077859
     0.028525   -0.081004
     0.031786   -0.083989
     0.035224   -0.086815
     0.038839   -0.089481
     0.042633   -0.091988
     0.046605   -0.094335
     0.050759   -0.096524
     0.055098   -0.098556
     0.059627   -0.100431
     0.064353   -0.102151
     0.069283   -0.103715
     0.074429   -0.105123
     0.079803   -0.106375
     0.085422   -0.107469
     0.091303   -0.108402
     0.097468   -0.109169
     0.103942   -0.109766
     0.110756   -0.110184
     0.117943   -0.110414
     0.125543   -0.110444
     0.133603   -0.110259
     0.142178   -0.109840
     0.151331   -0.109166
     0.161135   -0.108208
     0.171676   -0.106934
     0.183054   -0.105304
     0.195388   -0.103271
     0.208811   -0.100778
     0.223482   -0.097761
     0.239580   -0.094144
     0.257309   -0.089839
     0.276895   -0.084754
     0.298582   -0.078789
     0.322616   -0.071852
     0.349201   -0.063880
     0.378374   -0.054888
     0.409718   -0.045079
     0.441888   -0.034995
     0.473269   -0.025279
     0.503107   -0.016266
     0.531250   -0.008065
     0.557784   -0.000680
     0.582861    0.005921
     0.606639    0.011783
     0.629262    0.016950
     0.650855    0.021465
     0.671527    0.025367
     0.691371    0.028690
     0.710471    0.031465
     0.728899    0.033721
     0.746718    0.035482
     0.763989    0.036769
     0.780763    0.037603
     0.797090    0.037997
     0.813014    0.037967
     0.828579    0.037522
     0.843824    0.036671
     0.858791    0.035418
     0.873519    0.033765
     0.888051    0.031710
     0.902430    0.029246
     0.916708    0.026361
     0.930943    0.023034
     0.945210    0.019232
     0.959606    0.014906
     0.974273    0.009975
     0.989432    0.004307
     1.000000    0.000000
