     1.000000    0.000000
     0.990037    0.004638
     0.974239    0.011880
     0.957584    0.019355
     0.940282    0.026928
     0.922528    0.034479
     0.904479    0.041910
     0.886255    0.049148
     0.867934    0.056143
     0.849566    0.062861
     0.831179    0.069282
     0.812785    0.075393
     0.794386    0.081188
     0.775977    0.086664
     0.757550    0.091821
     0.739094    0.096660
     0.720597    0.101182
     0.702046    0.105391
     0.683426    0.109289
     0.664726    0.112879
     0.645932    0.116164
     0.627032    0.119147
     0.608016    0.121832
     0.588874    0.124222
     0.569596    0.126320
     0.550176    0.128128
     0.530609    0.129652
     0.510891    0.130894
     0.491025    0.131857
     0.471013    0.132546
     0.450866    0.132965
     0.430598    0.133118
     0.410230    0.133010
     0.389795    0.132648
     0.369332    0.132037
     0.348898    0.131184
     0.328560    0.130098
     0.308404    0.128790
     0.288533    0.127272
     0.269064    0.125560
     0.250125    0.123670
     0.231847    0.121624
     0.214356    0.119445
     0.197757    0.117155
     0.182129    0.114780
     0.167516    0.112339
     0.153929    0.109853
     0.141347    0.107335
     0.129727    0.104796
     0.119010    0.102244
     0.109129    0.099682
     0.100013    0.097112
     0.091593    0.094533
     0.083805    0.091942
     0.076591    0.089338
     0.069896    0.086715
     0.063675    0.084069
     0.057887    0.081398
     0.052495    0.078695
     0.047470    0.075957
     0.042785    0.073180
     0.038420    0.070361
     0.034355    0.067498
     0.030576    0.064588
     0.027068    0.061631
     0.023823    0.058628
     0.020829    0.055579
     0.018080    0.052489
     0.015567    0.049360
     0.013283    0.046200
     0.011220    0.043014
     0.009370    0.039810
     0.007724    0.036597
     0.006273    0.033382
     0.005006    0.030174
     0.003912    0.026982
     0.002980    0.023814
     0.002198    0.020675
     0.001556    0.017573
     0.001041    0.014513
     0.000641    0.011501
     0.000344    0.008542
     0.000142    0.005639
     0.000029    0.002792
     0.000005    0.001397
     0.000000    0.000000
     0.000031   -0.002486
     0.000182   -0.004961
     0.000456   -0.007438
     0.000856   -0.009911
     0.001398   -0.012369
     0.002106   -0.014796
     0.003001   -0.017177
     0.004097   -0.019494
     0.005406   -0.021724
     0.006935   -0.023849
     0.008682   -0.025848
     0.010642   -0.027705
     0.012803   -0.029414
     0.015152   -0.030971
     0.017679   -0.032382
     0.020373   -0.033653
     0.023229   -0.034795
     0.026246   -0.035817
     0.029425   -0.036731
     0.032772   -0.037545
     0.036297   -0.038269
     0.040013   -0.038911
     0.043935   -0.039476
     0.048085   -0.039970
     0.052486   -0.040399
     0.057168   -0.040767
     0.062166   -0.041076
     0.067522   -0.041329
     0.073284   -0.041530
     0.079514   -0.041679
     0.086280   -0.041779
     0.093668   -0.041831
     0.101777   -0.041838
     0.110724   -0.041802
     0.120637   -0.041728
     0.131658   -0.041620
     0.143915   -0.041489
     0.157505   -0.041347
     0.172470   -0.041208
     0.188794   -0.041090
     0.206400   -0.041006
     0.225159   -0.040968
     0.244904   -0.040976
     0.265441   -0.041024
     0.286548   -0.041095
     0.307959   -0.041167
     0.329421   -0.041213
     0.350761   -0.041205
     0.371876   -0.041119
     0.392719   -0.040931
     0.413273   -0.040622
     0.433548   -0.040177
     0.453564   -0.039582
     0.473354   -0.038825
     0.492953   -0.037896
     0.512401   -0.036786
     0.531740   -0.035488
     0.551015   -0.033997
     0.570272   -0.032307
     0.589559   -0.030414
     0.608923   -0.028317
     0.628412   -0.026015
     0.648068   -0.023513
     0.667924   -0.020819
     0.687987   -0.017952
     0.708225   -0.014945
     0.728531   -0.011850
     0.748687   -0.008748
     0.768384   -0.005739
     0.787390   -0.002910
     0.805599   -0.000325
     0.822989    0.001976
     0.839585    0.003967
     0.855441    0.005632
     0.870627    0.006963
     0.885216    0.007953
     0.899288    0.008597
     0.912921    0.008888
     0.926197    0.008816
     0.939202    0.008365
     0.952035    0.007511
     0.964811    0.006217
     0.977675    0.004423
     0.990850    0.002021
     1.000000    0.000000
