     1.000000    0.000000
     0.989652    0.006259
     0.972567    0.016757
     0.953468    0.028683
     0.932425    0.041951
     0.909959    0.056152
     0.887017    0.070572
     0.864314    0.084650
     0.842213    0.098077
     0.820829    0.110730
     0.800154    0.122580
     0.780132    0.133648
     0.760692    0.143968
     0.741761    0.153579
     0.723274    0.162520
     0.705173    0.170826
     0.687405    0.178528
     0.669925    0.185656
     0.652694    0.192232
     0.635676    0.198280
     0.618838    0.203819
     0.602152    0.208864
     0.585594    0.213430
     0.569139    0.217530
     0.552766    0.221175
     0.536458    0.224373
     0.520196    0.227132
     0.503967    0.229457
     0.487756    0.231356
     0.471553    0.232830
     0.455350    0.233884
     0.439138    0.234519
     0.422916    0.234739
     0.406682    0.234543
     0.390438    0.233935
     0.374192    0.232916
     0.357955    0.231489
     0.341744    0.229657
     0.325579    0.227427
     0.309490    0.224807
     0.293511    0.221806
     0.277682    0.218438
     0.262052    0.214722
     0.246672    0.210680
     0.231599    0.206336
     0.216891    0.201722
     0.202605    0.196869
     0.188795    0.191814
     0.175509    0.186592
     0.162786    0.181239
     0.150656    0.175790
     0.139136    0.170275
     0.128235    0.164721
     0.117951    0.159151
     0.108272    0.153584
     0.099182    0.148032
     0.090659    0.142506
     0.082679    0.137011
     0.075216    0.131552
     0.068241    0.126130
     0.061731    0.120744
     0.055658    0.115392
     0.050000    0.110072
     0.044734    0.104780
     0.039842    0.099515
     0.035304    0.094272
     0.031104    0.089050
     0.027227    0.083845
     0.023660    0.078658
     0.020391    0.073487
     0.017409    0.068333
     0.014702    0.063197
     0.012261    0.058080
     0.010076    0.052987
     0.008138    0.047921
     0.006436    0.042886
     0.004961    0.037888
     0.003702    0.032933
     0.002648    0.028028
     0.001789    0.023177
     0.001114    0.018389
     0.000608    0.013671
     0.000260    0.009031
     0.000060    0.004473
     0.000013    0.002238
     0.000000    0.000000
     0.000036   -0.003686
     0.000198   -0.007363
     0.000475   -0.010930
     0.000864   -0.014422
     0.001373   -0.017836
     0.002012   -0.021169
     0.002791   -0.024418
     0.003718   -0.027580
     0.004801   -0.030651
     0.006047   -0.033625
     0.007463   -0.036494
     0.009057   -0.039250
     0.010831   -0.041885
     0.012788   -0.044391
     0.014928   -0.046759
     0.017247   -0.048986
     0.019742   -0.051066
     0.022408   -0.053000
     0.025240   -0.054790
     0.028235   -0.056439
     0.031392   -0.057953
     0.034710   -0.059338
     0.038193   -0.060602
     0.041848   -0.061752
     0.045682   -0.062794
     0.049709   -0.063736
     0.053943   -0.064581
     0.058404   -0.065337
     0.063117   -0.066007
     0.068109   -0.066594
     0.073416   -0.067102
     0.079080   -0.067533
     0.085152   -0.067888
     0.091694   -0.068169
     0.098782   -0.068376
     0.106511   -0.068508
     0.114995   -0.068566
     0.124375   -0.068549
     0.134820   -0.068459
     0.146529   -0.068299
     0.159707   -0.068079
     0.174521   -0.067816
     0.191022   -0.067541
     0.209136   -0.067296
     0.228699   -0.067128
     0.249498   -0.067082
     0.271331   -0.067194
     0.294051   -0.067487
     0.317569   -0.067972
     0.341852   -0.068651
     0.366885   -0.069512
     0.392633   -0.070532
     0.418970   -0.071670
     0.445573   -0.072864
     0.471878   -0.074029
     0.497426   -0.075089
     0.522019   -0.075988
     0.545613   -0.076689
     0.568247   -0.077166
     0.589991   -0.077405
     0.610929   -0.077396
     0.631142   -0.077132
     0.650708   -0.076610
     0.669699   -0.075826
     0.688177   -0.074779
     0.706202   -0.073468
     0.723826   -0.071890
     0.741096   -0.070044
     0.758055   -0.067929
     0.774741   -0.065541
     0.791188   -0.062881
     0.807429   -0.059944
     0.823491   -0.056728
     0.839398   -0.053232
     0.855170   -0.049454
     0.870823   -0.045393
     0.886368   -0.041051
     0.901805   -0.036432
     0.917130   -0.031544
     0.932323   -0.026401
     0.947350   -0.021026
     0.962160   -0.015452
     0.976684   -0.009723
     0.990829   -0.003901
     1.000000    0.000000
