     1.000000    0.000000
     0.991626    0.006050
     0.978866    0.014905
     0.965814    0.023531
     0.952433    0.031952
     0.938685    0.040188
     0.924533    0.048259
     0.909940    0.056179
     0.894869    0.063963
     0.879285    0.071623
     0.863155    0.079168
     0.846449    0.086605
     0.829146    0.093937
     0.811230    0.101164
     0.792703    0.108283
     0.773578    0.115282
     0.753890    0.122146
     0.733695    0.128853
     0.713072    0.135375
     0.692120    0.141680
     0.670952    0.147733
     0.649693    0.153499
     0.628468    0.158944
     0.607394    0.164038
     0.586576    0.168756
     0.566103    0.173082
     0.546043    0.177004
     0.526446    0.180516
     0.507346    0.183619
     0.488761    0.186316
     0.470697    0.188615
     0.453152    0.190524
     0.436117    0.192055
     0.419579    0.193220
     0.403518    0.194029
     0.387918    0.194496
     0.372759    0.194631
     0.358019    0.194446
     0.343680    0.193951
     0.329722    0.193156
     0.316128    0.192071
     0.302881    0.190705
     0.289966    0.189065
     0.277367    0.187159
     0.265074    0.184996
     0.253073    0.182582
     0.241356    0.179923
     0.229914    0.177027
     0.218741    0.173901
     0.207830    0.170551
     0.197179    0.166985
     0.186783    0.163210
     0.176643    0.159235
     0.166758    0.155069
     0.157130    0.150722
     0.147762    0.146204
     0.138657    0.141528
     0.129819    0.136706
     0.121255    0.131753
     0.112970    0.126684
     0.104970    0.121516
     0.097260    0.116265
     0.089846    0.110950
     0.082732    0.105588
     0.075922    0.100197
     0.069418    0.094796
     0.063220    0.089399
     0.057327    0.084024
     0.051737    0.078683
     0.046444    0.073388
     0.041444    0.068150
     0.036729    0.062975
     0.032292    0.057870
     0.028126    0.052837
     0.024221    0.047876
     0.020570    0.042987
     0.017167    0.038163
     0.014006    0.033400
     0.011087    0.028685
     0.008410    0.024005
     0.005985    0.019340
     0.003839    0.014663
     0.002013    0.009928
     0.000625    0.005079
     0.000201    0.002559
     0.000000    0.000000
     0.000048   -0.004679
     0.000227   -0.009351
     0.000522   -0.013845
     0.000930   -0.018225
     0.001449   -0.022493
     0.002083   -0.026649
     0.002834   -0.030699
     0.003701   -0.034644
     0.004685   -0.038488
     0.005787   -0.042232
     0.007008   -0.045879
     0.008350   -0.049430
     0.009813   -0.052885
     0.011399   -0.056245
     0.013109   -0.059510
     0.014944   -0.062680
     0.016904   -0.065756
     0.018992   -0.068736
     0.021207   -0.071620
     0.023549   -0.074409
     0.026020   -0.077102
     0.028619   -0.079699
     0.031348   -0.082200
     0.034207   -0.084605
     0.037197   -0.086917
     0.040320   -0.089134
     0.043578   -0.091259
     0.046974   -0.093293
     0.050510   -0.095238
     0.054192   -0.097094
     0.058025   -0.098862
     0.062015   -0.100546
     0.066171   -0.102144
     0.070500   -0.103660
     0.075014   -0.105092
     0.079725   -0.106442
     0.084647   -0.107710
     0.089796   -0.108895
     0.095191   -0.109997
     0.100853   -0.111012
     0.106807   -0.111941
     0.113080   -0.112778
     0.119703   -0.113521
     0.126714   -0.114164
     0.134154   -0.114700
     0.142071   -0.115122
     0.150519   -0.115421
     0.159560   -0.115584
     0.169266   -0.115598
     0.179715   -0.115447
     0.190997   -0.115111
     0.203212   -0.114569
     0.216464   -0.113796
     0.230866   -0.112763
     0.246532   -0.111443
     0.263566   -0.109805
     0.282062   -0.107821
     0.302087   -0.105469
     0.323673   -0.102731
     0.346815   -0.099600
     0.371463   -0.096080
     0.397533   -0.092187
     0.424915   -0.087943
     0.453482   -0.083379
     0.483103   -0.078531
     0.513648   -0.073436
     0.544984   -0.068135
     0.576955   -0.062673
     0.609340   -0.057110
     0.641780   -0.051532
     0.673851   -0.046037
     0.705269   -0.040700
     0.735855   -0.035572
     0.765482   -0.030700
     0.794047   -0.026117
     0.821458   -0.021856
     0.847627   -0.017942
     0.872471   -0.014393
     0.895907   -0.011222
     0.917865   -0.008432
     0.938288   -0.006016
     0.957152   -0.003957
     0.974463   -0.002230
     0.990262   -0.000804
     1.000000    0.000000
