     1.000000    0.000000
     0.991944    0.001901
     0.978943    0.005047
     0.964749    0.008587
     0.949288    0.012547
     0.932510    0.016946
     0.914406    0.021783
     0.895051    0.027025
     0.874643    0.032596
     0.853592    0.038350
     0.832402    0.044111
     0.811422    0.049748
     0.790843    0.055181
     0.770742    0.060368
     0.751133    0.065288
     0.731996    0.069936
     0.713297    0.074313
     0.694998    0.078424
     0.677059    0.082274
     0.659444    0.085870
     0.642118    0.089218
     0.625053    0.092323
     0.608221    0.095191
     0.591598    0.097827
     0.575164    0.100234
     0.558900    0.102416
     0.542790    0.104377
     0.526820    0.106119
     0.510978    0.107646
     0.495253    0.108958
     0.479637    0.110058
     0.464121    0.110949
     0.448702    0.111630
     0.433374    0.112104
     0.418135    0.112373
     0.402984    0.112437
     0.387923    0.112298
     0.372954    0.111958
     0.358082    0.111419
     0.343315    0.110683
     0.328663    0.109752
     0.314139    0.108630
     0.299758    0.107322
     0.285538    0.105832
     0.271503    0.104167
     0.257678    0.102335
     0.244091    0.100345
     0.230774    0.098208
     0.217760    0.095936
     0.205085    0.093545
     0.192782    0.091050
     0.180884    0.088468
     0.169420    0.085817
     0.158416    0.083114
     0.147890    0.080377
     0.137853    0.077621
     0.128311    0.074861
     0.119260    0.072110
     0.110693    0.069378
     0.102595    0.066672
     0.094949    0.063999
     0.087734    0.061363
     0.080926    0.058764
     0.074503    0.056204
     0.068440    0.053682
     0.062713    0.051196
     0.057301    0.048742
     0.052182    0.046317
     0.047335    0.043917
     0.042742    0.041536
     0.038388    0.039168
     0.034255    0.036806
     0.030333    0.034444
     0.026608    0.032072
     0.023073    0.029681
     0.019719    0.027260
     0.016544    0.024793
     0.013547    0.022266
     0.010732    0.019656
     0.008113    0.016936
     0.005714    0.014071
     0.003582    0.011015
     0.001797    0.007703
     0.000515    0.004061
     0.000143    0.002054
     0.000000    0.000000
     0.000065   -0.005363
     0.000308   -0.010715
     0.000696   -0.015718
     0.001224   -0.020511
     0.001894   -0.025105
     0.002707   -0.029514
     0.003663   -0.033748
     0.004764   -0.037817
     0.006010   -0.041728
     0.007404   -0.045483
     0.008949   -0.049086
     0.010647   -0.052539
     0.012502   -0.055841
     0.014515   -0.058991
     0.016687   -0.061986
     0.019020   -0.064823
     0.021513   -0.067499
     0.024164   -0.070012
     0.026974   -0.072358
     0.029937   -0.074537
     0.033053   -0.076546
     0.036318   -0.078388
     0.039731   -0.080062
     0.043292   -0.081571
     0.047000   -0.082918
     0.050858   -0.084105
     0.054871   -0.085134
     0.059044   -0.086008
     0.063386   -0.086729
     0.067907   -0.087297
     0.072622   -0.087713
     0.077545   -0.087975
     0.082697   -0.088080
     0.088101   -0.088023
     0.093784   -0.087800
     0.099780   -0.087400
     0.106127   -0.086813
     0.112871   -0.086025
     0.120068   -0.085018
     0.127784   -0.083769
     0.136100   -0.082251
     0.145113   -0.080429
     0.154944   -0.078261
     0.165739   -0.075694
     0.177678   -0.072664
     0.190980   -0.069094
     0.205904   -0.064896
     0.222734   -0.059978
     0.241733   -0.054264
     0.263002   -0.047753
     0.286195   -0.040611
     0.310367   -0.033222
     0.334624   -0.025950
     0.358449   -0.019025
     0.381632   -0.012553
     0.404139   -0.006571
     0.426011   -0.001081
     0.447318    0.003928
     0.468136    0.008475
     0.488541    0.012575
     0.508602    0.016246
     0.528382    0.019502
     0.547942    0.022356
     0.567337    0.024817
     0.586620    0.026894
     0.605845    0.028595
     0.625064    0.029923
     0.644330    0.030883
     0.663700    0.031476
     0.683234    0.031701
     0.702997    0.031556
     0.723060    0.031038
     0.743504    0.030142
     0.764417    0.028860
     0.785896    0.027186
     0.808039    0.025114
     0.830934    0.022644
     0.854613    0.019793
     0.878980    0.016609
     0.903665    0.013204
     0.927894    0.009772
     0.950573    0.006564
     0.971006    0.003745
     0.989115    0.001362
     1.000000    0.000000
