     1.000000    0.000000
     0.990921    0.009323
     0.977054    0.023081
     0.962890    0.036559
     0.948430    0.049726
     0.933676    0.062559
     0.918631    0.075037
     0.903296    0.087138
     0.887672    0.098844
     0.871764    0.110134
     0.855573    0.120990
     0.839105    0.131396
     0.822365    0.141336
     0.805361    0.150794
     0.788101    0.159758
     0.770595    0.168216
     0.752853    0.176159
     0.734888    0.183578
     0.716713    0.190468
     0.698341    0.196825
     0.679787    0.202648
     0.661066    0.207937
     0.642192    0.212696
     0.623182    0.216929
     0.604050    0.220642
     0.584812    0.223842
     0.565481    0.226539
     0.546073    0.228742
     0.526601    0.230461
     0.507078    0.231707
     0.487517    0.232491
     0.467932    0.232823
     0.448334    0.232712
     0.428737    0.232169
     0.409153    0.231201
     0.389595    0.229816
     0.370079    0.228019
     0.350618    0.225815
     0.331232    0.223206
     0.311941    0.220194
     0.292769    0.216778
     0.273745    0.212958
     0.254907    0.208730
     0.236297    0.204092
     0.217972    0.199044
     0.199999    0.193587
     0.182458    0.187726
     0.165445    0.181477
     0.149067    0.174862
     0.133440    0.167920
     0.118681    0.160702
     0.104896    0.153271
     0.092170    0.145704
     0.080558    0.138081
     0.070079    0.130480
     0.060715    0.122976
     0.052421    0.115629
     0.045125    0.108489
     0.038744    0.101593
     0.033189    0.094963
     0.028368    0.088613
     0.024195    0.082550
     0.020589    0.076773
     0.017478    0.071275
     0.014797    0.066048
     0.012487    0.061081
     0.010500    0.056359
     0.008790    0.051872
     0.007322    0.047603
     0.006062    0.043540
     0.004984    0.039670
     0.004062    0.035981
     0.003277    0.032461
     0.002612    0.029098
     0.002050    0.025881
     0.001580    0.022803
     0.001190    0.019852
     0.000869    0.017021
     0.000610    0.014304
     0.000404    0.011693
     0.000246    0.009181
     0.000131    0.006762
     0.000054    0.004429
     0.000011    0.002177
     0.000002    0.001089
     0.000000    0.000000
     0.001299   -0.001414
     0.002993   -0.002415
     0.004772   -0.003403
     0.006654   -0.004359
     0.008628   -0.005305
     0.010681   -0.006260
     0.012819   -0.007228
     0.015049   -0.008213
     0.017376   -0.009219
     0.019805   -0.010251
     0.022342   -0.011313
     0.024996   -0.012407
     0.027776   -0.013538
     0.030693   -0.014710
     0.033758   -0.015926
     0.036984   -0.017191
     0.040386   -0.018511
     0.043980   -0.019890
     0.047787   -0.021334
     0.051826   -0.022849
     0.056123   -0.024443
     0.060705   -0.026123
     0.065604   -0.027899
     0.070855   -0.029778
     0.076498   -0.031772
     0.082577   -0.033892
     0.089143   -0.036147
     0.096246   -0.038550
     0.103946   -0.041110
     0.112298   -0.043836
     0.121358   -0.046735
     0.131177   -0.049806
     0.141792   -0.053045
     0.153223   -0.056439
     0.165467   -0.059963
     0.178496   -0.063588
     0.192259   -0.067274
     0.206684   -0.070976
     0.221688   -0.074650
     0.237182   -0.078251
     0.253083   -0.081739
     0.269314   -0.085078
     0.285810   -0.088237
     0.302515   -0.091191
     0.319385   -0.093919
     0.336384   -0.096405
     0.353486   -0.098633
     0.370667   -0.100593
     0.387911   -0.102274
     0.405204   -0.103670
     0.422533   -0.104772
     0.439890   -0.105576
     0.457267   -0.106078
     0.474656   -0.106275
     0.492052   -0.106165
     0.509448   -0.105747
     0.526839   -0.105021
     0.544222   -0.103990
     0.561592   -0.102656
     0.578945   -0.101022
     0.596278   -0.099094
     0.613589   -0.096878
     0.630875   -0.094380
     0.648135   -0.091610
     0.665367   -0.088577
     0.682573   -0.085291
     0.699751   -0.081765
     0.716902   -0.078011
     0.734029   -0.074043
     0.751134   -0.069877
     0.768217   -0.065530
     0.785284   -0.061017
     0.802336   -0.056359
     0.819377   -0.051577
     0.836409   -0.046691
     0.853433   -0.041727
     0.870450   -0.036710
     0.887454   -0.031671
     0.904440   -0.026640
     0.921399   -0.021651
     0.938324   -0.016741
     0.955211   -0.011944
     0.972052   -0.007298
     0.988839   -0.002846
     1.000000    0.000000
