     1.000000    0.000000
     0.989767    0.007073
     0.973084    0.018383
     0.954919    0.030391
     0.935500    0.042879
     0.915101    0.055614
     0.893993    0.068379
     0.872411    0.080999
     0.850541    0.093344
     0.828524    0.105320
     0.806462    0.116863
     0.784432    0.127929
     0.762491    0.138488
     0.740682    0.148521
     0.719039    0.158016
     0.697590    0.166963
     0.676356    0.175360
     0.655356    0.183204
     0.634604    0.190499
     0.614114    0.197245
     0.593896    0.203448
     0.573958    0.209114
     0.554308    0.214250
     0.534953    0.218863
     0.515897    0.222963
     0.497145    0.226558
     0.478701    0.229658
     0.460569    0.232273
     0.442752    0.234414
     0.425253    0.236091
     0.408075    0.237316
     0.391222    0.238099
     0.374696    0.238452
     0.358501    0.238387
     0.342640    0.237916
     0.327119    0.237050
     0.311940    0.235803
     0.297108    0.234187
     0.282628    0.232215
     0.268505    0.229901
     0.254744    0.227259
     0.241349    0.224303
     0.228327    0.221048
     0.215682    0.217509
     0.203419    0.213703
     0.191543    0.209644
     0.180057    0.205350
     0.168966    0.200837
     0.158271    0.196123
     0.147975    0.191223
     0.138080    0.186155
     0.128584    0.180937
     0.119489    0.175584
     0.110790    0.170113
     0.102487    0.164539
     0.094575    0.158879
     0.087049    0.153147
     0.079904    0.147356
     0.073132    0.141520
     0.066727    0.135651
     0.060680    0.129761
     0.054984    0.123860
     0.049630    0.117957
     0.044608    0.112063
     0.039909    0.106185
     0.035524    0.100330
     0.031443    0.094505
     0.027658    0.088716
     0.024158    0.082970
     0.020934    0.077271
     0.017978    0.071623
     0.015280    0.066031
     0.012832    0.060500
     0.010626    0.055032
     0.008653    0.049631
     0.006905    0.044301
     0.005373    0.039045
     0.004051    0.033866
     0.002930    0.028767
     0.002003    0.023750
     0.001261    0.018818
     0.000698    0.013976
     0.000306    0.009225
     0.000077    0.004568
     0.000020    0.002285
     0.000000    0.000000
     0.000056   -0.004006
     0.000246   -0.008002
     0.000569   -0.011965
     0.001025   -0.015901
     0.001620   -0.019802
     0.002358   -0.023664
     0.003246   -0.027483
     0.004285   -0.031255
     0.005479   -0.034976
     0.006832   -0.038643
     0.008346   -0.042252
     0.010023   -0.045800
     0.011866   -0.049282
     0.013877   -0.052697
     0.016057   -0.056042
     0.018409   -0.059313
     0.020933   -0.062510
     0.023631   -0.065631
     0.026505   -0.068676
     0.029558   -0.071643
     0.032793   -0.074533
     0.036213   -0.077348
     0.039823   -0.080086
     0.043629   -0.082750
     0.047638   -0.085342
     0.051859   -0.087862
     0.056302   -0.090313
     0.060979   -0.092697
     0.065905   -0.095014
     0.071097   -0.097267
     0.076575   -0.099457
     0.082360   -0.101586
     0.088481   -0.103654
     0.094967   -0.105661
     0.101855   -0.107608
     0.109184   -0.109495
     0.117002   -0.111319
     0.125363   -0.113078
     0.134330   -0.114770
     0.143974   -0.116390
     0.154378   -0.117932
     0.165634   -0.119389
     0.177846   -0.120751
     0.191129   -0.122007
     0.205605   -0.123141
     0.221400   -0.124139
     0.238637   -0.124981
     0.257420   -0.125649
     0.277824   -0.126122
     0.299871   -0.126385
     0.323517   -0.126423
     0.348636   -0.126230
     0.375018   -0.125804
     0.402382   -0.125149
     0.430396   -0.124274
     0.458709   -0.123188
     0.486981   -0.121900
     0.514915   -0.120416
     0.542265   -0.118739
     0.568853   -0.116870
     0.594557   -0.114807
     0.619309   -0.112548
     0.643085   -0.110091
     0.665890   -0.107433
     0.687753   -0.104571
     0.708717   -0.101503
     0.728832   -0.098227
     0.748155   -0.094740
     0.766743   -0.091039
     0.784651   -0.087123
     0.801934   -0.082988
     0.818646   -0.078629
     0.834834   -0.074044
     0.850547   -0.069226
     0.865829   -0.064169
     0.880722   -0.058866
     0.895267   -0.053305
     0.909506   -0.047476
     0.923478   -0.041363
     0.937227   -0.034948
     0.950797   -0.028206
     0.964240   -0.021103
     0.977618   -0.013597
     0.991009   -0.005623
     1.000000    0.000000
