     1.000000    0.000000
     0.990005    0.005408
     0.974302    0.013963
     0.957851    0.022979
     0.940819    0.032336
     0.923406    0.041888
     0.905789    0.051503
     0.888091    0.061075
     0.870399    0.070522
     0.852766    0.079785
     0.835223    0.088816
     0.817784    0.097584
     0.800456    0.106061
     0.783238    0.114228
     0.766126    0.122067
     0.749116    0.129564
     0.732201    0.136708
     0.715375    0.143487
     0.698631    0.149892
     0.681964    0.155914
     0.665369    0.161546
     0.648839    0.166781
     0.632370    0.171613
     0.615959    0.176036
     0.599600    0.180044
     0.583291    0.183634
     0.567028    0.186802
     0.550809    0.189543
     0.534631    0.191855
     0.518492    0.193736
     0.502391    0.195183
     0.486325    0.196194
     0.470295    0.196769
     0.454299    0.196905
     0.438338    0.196604
     0.422412    0.195864
     0.406523    0.194686
     0.390673    0.193072
     0.374864    0.191023
     0.359101    0.188541
     0.343388    0.185630
     0.327734    0.182294
     0.312146    0.178538
     0.296638    0.174371
     0.281223    0.169802
     0.265921    0.164843
     0.250758    0.159512
     0.235763    0.153829
     0.220977    0.147823
     0.206448    0.141529
     0.192233    0.134991
     0.178400    0.128266
     0.165024    0.121417
     0.152183    0.114518
     0.139954    0.107647
     0.128403    0.100883
     0.117579    0.094296
     0.107510    0.087948
     0.098199    0.081883
     0.089628    0.076130
     0.081762    0.070700
     0.074554    0.065594
     0.067951    0.060802
     0.061897    0.056308
     0.056339    0.052093
     0.051226    0.048136
     0.046511    0.044416
     0.042152    0.040912
     0.038112    0.037605
     0.034357    0.034477
     0.030860    0.031511
     0.027594    0.028693
     0.024537    0.026008
     0.021671    0.023443
     0.018978    0.020989
     0.016445    0.018634
     0.014058    0.016368
     0.011809    0.014181
     0.009689    0.012066
     0.007688    0.010012
     0.005806    0.008011
     0.004057    0.006044
     0.002437    0.004096
     0.000955    0.002142
     0.000389    0.001116
     0.000000    0.000000
     0.000090   -0.002177
     0.000359   -0.004325
     0.000825   -0.006512
     0.001493   -0.008708
     0.002364   -0.010893
     0.003437   -0.013053
     0.004707   -0.015181
     0.006169   -0.017270
     0.007815   -0.019320
     0.009641   -0.021327
     0.011643   -0.023293
     0.013817   -0.025221
     0.016163   -0.027114
     0.018683   -0.028974
     0.021381   -0.030807
     0.024260   -0.032615
     0.027330   -0.034404
     0.030599   -0.036177
     0.034079   -0.037938
     0.037785   -0.039691
     0.041732   -0.041440
     0.045942   -0.043188
     0.050435   -0.044940
     0.055237   -0.046698
     0.060378   -0.048466
     0.065891   -0.050246
     0.071812   -0.052042
     0.078182   -0.053853
     0.085045   -0.055682
     0.092448   -0.057529
     0.100443   -0.059393
     0.109081   -0.061270
     0.118411   -0.063155
     0.128477   -0.065040
     0.139314   -0.066916
     0.150944   -0.068767
     0.163369   -0.070579
     0.176574   -0.072334
     0.190519   -0.074011
     0.205149   -0.075592
     0.220395   -0.077060
     0.236180   -0.078399
     0.252425   -0.079598
     0.269056   -0.080646
     0.286004   -0.081538
     0.303210   -0.082268
     0.320623   -0.082834
     0.338203   -0.083234
     0.355914   -0.083469
     0.373730   -0.083539
     0.391629   -0.083445
     0.409593   -0.083186
     0.427610   -0.082765
     0.445669   -0.082183
     0.463761   -0.081441
     0.481881   -0.080539
     0.500023   -0.079480
     0.518184   -0.078264
     0.536363   -0.076893
     0.554558   -0.075367
     0.572767   -0.073689
     0.590992   -0.071859
     0.609233   -0.069880
     0.627491   -0.067752
     0.645768   -0.065478
     0.664067   -0.063060
     0.682388   -0.060501
     0.700736   -0.057802
     0.719112   -0.054967
     0.737518   -0.052000
     0.755956   -0.048905
     0.774427   -0.045687
     0.792928   -0.042352
     0.811455   -0.038906
     0.829999   -0.035360
     0.848543   -0.031724
     0.867061   -0.028013
     0.885512   -0.024245
     0.903839   -0.020443
     0.921959   -0.016637
     0.939764   -0.012863
     0.957117   -0.009163
     0.973863   -0.005582
     0.989840   -0.002167
     1.000000    0.000000
