     1.000000    0.000000
     0.989870    0.003783
     0.973930    0.009427
     0.956966    0.015057
     0.938849    0.020708
     0.919427    0.026420
     0.898530    0.032244
     0.875989    0.038237
     0.851665    0.044463
     0.825510    0.050977
     0.797680    0.057803
     0.768668    0.064893
     0.739150    0.072150
     0.709482    0.079533
     0.679741    0.087045
     0.649910    0.094688
     0.620033    0.102426
     0.590387    0.110143
     0.561553    0.117627
     0.533970    0.124700
     0.507816    0.131263
     0.483113    0.137267
     0.459804    0.142699
     0.437802    0.147563
     0.417006    0.151874
     0.397319    0.155654
     0.378649    0.158927
     0.360912    0.161716
     0.344032    0.164048
     0.327942    0.165946
     0.312580    0.167434
     0.297892    0.168534
     0.283830    0.169265
     0.270351    0.169649
     0.257415    0.169702
     0.244988    0.169442
     0.233040    0.168884
     0.221543    0.168043
     0.210472    0.166934
     0.199806    0.165569
     0.189526    0.163960
     0.179614    0.162119
     0.170054    0.160058
     0.160835    0.157787
     0.151944    0.155317
     0.143370    0.152659
     0.135105    0.149821
     0.127140    0.146816
     0.119469    0.143652
     0.112085    0.140340
     0.104984    0.136891
     0.098159    0.133313
     0.091607    0.129619
     0.085323    0.125818
     0.079304    0.121920
     0.073545    0.117937
     0.068043    0.113878
     0.062794    0.109754
     0.057794    0.105574
     0.053039    0.101349
     0.048524    0.097088
     0.044246    0.092800
     0.040199    0.088495
     0.036378    0.084179
     0.032780    0.079860
     0.029397    0.075547
     0.026226    0.071245
     0.023261    0.066960
     0.020496    0.062698
     0.017926    0.058463
     0.015547    0.054260
     0.013352    0.050091
     0.011338    0.045961
     0.009500    0.041871
     0.007833    0.037824
     0.006334    0.033822
     0.005000    0.029866
     0.003827    0.025958
     0.002813    0.022098
     0.001955    0.018286
     0.001252    0.014524
     0.000706    0.010815
     0.000318    0.007160
     0.000086    0.003556
     0.000025    0.001780
     0.000000    0.000000
     0.000061   -0.003611
     0.000263   -0.007210
     0.000606   -0.010803
     0.001092   -0.014385
     0.001726   -0.017949
     0.002516   -0.021487
     0.003465   -0.024993
     0.004577   -0.028462
     0.005855   -0.031888
     0.007302   -0.035265
     0.008920   -0.038588
     0.010710   -0.041850
     0.012675   -0.045046
     0.014815   -0.048172
     0.017132   -0.051223
     0.019625   -0.054194
     0.022296   -0.057084
     0.025145   -0.059887
     0.028173   -0.062603
     0.031382   -0.065229
     0.034774   -0.067762
     0.038352   -0.070202
     0.042119   -0.072547
     0.046081   -0.074797
     0.050243   -0.076949
     0.054612   -0.079003
     0.059197   -0.080957
     0.064009   -0.082810
     0.069058   -0.084559
     0.074359   -0.086201
     0.079927   -0.087734
     0.085781   -0.089152
     0.091941   -0.090452
     0.098429   -0.091626
     0.105273   -0.092668
     0.112502   -0.093569
     0.120148   -0.094318
     0.128249   -0.094903
     0.136846   -0.095310
     0.145985   -0.095521
     0.155717   -0.095518
     0.166097   -0.095279
     0.177187   -0.094778
     0.189053   -0.093987
     0.201766   -0.092875
     0.215401   -0.091408
     0.230038   -0.089549
     0.245757   -0.087259
     0.262645   -0.084499
     0.280785   -0.081231
     0.300265   -0.077418
     0.321169   -0.073029
     0.343577   -0.068042
     0.367548   -0.062447
     0.393097   -0.056264
     0.420112   -0.049560
     0.448221   -0.042494
     0.476623   -0.035351
     0.504479   -0.028428
     0.531379   -0.021898
     0.557204   -0.015840
     0.581975   -0.010282
     0.605764   -0.005227
     0.628661   -0.000669
     0.650754    0.003405
     0.672123    0.007009
     0.692842    0.010156
     0.712975    0.012860
     0.732579    0.015132
     0.751707    0.016984
     0.770405    0.018427
     0.788714    0.019468
     0.806674    0.020116
     0.824318    0.020377
     0.841678    0.020258
     0.858785    0.019763
     0.875665    0.018896
     0.892344    0.017658
     0.908846    0.016053
     0.925193    0.014081
     0.941405    0.011741
     0.957502    0.009033
     0.973502    0.005956
     0.989420    0.002508
     1.000000    0.000000
