     1.000000    0.000000
     0.989035    0.005472
     0.972079    0.014003
     0.954621    0.022841
     0.936806    0.031866
     0.918776    0.040961
     0.900632    0.050031
     0.882438    0.059002
     0.864233    0.067815
     0.846038    0.076429
     0.827860    0.084809
     0.809699    0.092929
     0.791551    0.100767
     0.773410    0.108304
     0.755268    0.115527
     0.737118    0.122421
     0.718950    0.128977
     0.700758    0.135183
     0.682536    0.141032
     0.664278    0.146517
     0.645978    0.151630
     0.627633    0.156368
     0.609239    0.160725
     0.590794    0.164700
     0.572296    0.168289
     0.553746    0.171491
     0.535142    0.174306
     0.516488    0.176734
     0.497784    0.178777
     0.479036    0.180436
     0.460248    0.181713
     0.441427    0.182612
     0.422582    0.183136
     0.403723    0.183289
     0.384864    0.183075
     0.366022    0.182499
     0.347217    0.181566
     0.328474    0.180281
     0.309825    0.178649
     0.291306    0.176678
     0.272963    0.174372
     0.254849    0.171742
     0.237028    0.168797
     0.219570    0.165549
     0.202555    0.162014
     0.186069    0.158209
     0.170198    0.154157
     0.155025    0.149883
     0.140623    0.145415
     0.127051    0.140782
     0.114351    0.136012
     0.102541    0.131134
     0.091624    0.126172
     0.081583    0.121150
     0.072392    0.116088
     0.064012    0.111003
     0.056402    0.105910
     0.049516    0.100826
     0.043307    0.095763
     0.037730    0.090736
     0.032740    0.085760
     0.028292    0.080849
     0.024344    0.076016
     0.020854    0.071275
     0.017780    0.066637
     0.015085    0.062114
     0.012731    0.057714
     0.010682    0.053443
     0.008907    0.049306
     0.007374    0.045306
     0.006056    0.041443
     0.004928    0.037716
     0.003966    0.034125
     0.003152    0.030665
     0.002466    0.027332
     0.001894    0.024123
     0.001421    0.021033
     0.001034    0.018056
     0.000723    0.015188
     0.000477    0.012425
     0.000288    0.009762
     0.000151    0.007194
     0.000060    0.004714
     0.000011    0.002318
     0.000001    0.001159
     0.000000    0.000000
     0.000138   -0.002034
     0.000540   -0.004011
     0.001228   -0.005996
     0.002188   -0.007935
     0.003397   -0.009797
     0.004835   -0.011575
     0.006476   -0.013268
     0.008303   -0.014879
     0.010303   -0.016411
     0.012466   -0.017872
     0.014786   -0.019269
     0.017262   -0.020607
     0.019895   -0.021893
     0.022687   -0.023131
     0.025646   -0.024326
     0.028778   -0.025481
     0.032094   -0.026600
     0.035605   -0.027686
     0.039327   -0.028741
     0.043277   -0.029767
     0.047474   -0.030764
     0.051940   -0.031735
     0.056702   -0.032678
     0.061790   -0.033595
     0.067237   -0.034483
     0.073082   -0.035343
     0.079367   -0.036171
     0.086140   -0.036965
     0.093451   -0.037721
     0.101357   -0.038434
     0.109917   -0.039097
     0.119187   -0.039704
     0.129224   -0.040246
     0.140075   -0.040716
     0.151773   -0.041105
     0.164334   -0.041405
     0.177750   -0.041610
     0.191987   -0.041718
     0.206991   -0.041729
     0.222687   -0.041647
     0.238989   -0.041482
     0.255809   -0.041242
     0.273059   -0.040941
     0.290659   -0.040594
     0.308533   -0.040213
     0.326616   -0.039814
     0.344845   -0.039408
     0.363168   -0.039009
     0.381548   -0.038626
     0.399959   -0.038268
     0.418387   -0.037941
     0.436823   -0.037651
     0.455266   -0.037402
     0.473713   -0.037195
     0.492167   -0.037033
     0.510629   -0.036913
     0.529104   -0.036835
     0.547591   -0.036795
     0.566090   -0.036787
     0.584595   -0.036805
     0.603097   -0.036839
     0.621574   -0.036880
     0.639998   -0.036915
     0.658342   -0.036930
     0.676582   -0.036908
     0.694700   -0.036834
     0.712679   -0.036688
     0.730506   -0.036452
     0.748167   -0.036106
     0.765653   -0.035629
     0.782953   -0.035000
     0.800062   -0.034198
     0.816972   -0.033202
     0.833679   -0.031990
     0.850181   -0.030542
     0.866475   -0.028836
     0.882563   -0.026851
     0.898449   -0.024567
     0.914136   -0.021963
     0.929635   -0.019017
     0.944957   -0.015707
     0.960120   -0.012007
     0.975149   -0.007889
     0.990074   -0.003319
     1.000000    0.000000
