     1.000000    0.000000
     0.990966    0.007054
     0.977300    0.017101
     0.963453    0.026556
     0.949399    0.035436
     0.935120    0.043757
     0.920605    0.051527
     0.905845    0.058754
     0.890838    0.065443
     0.875582    0.071602
     0.860078    0.077237
     0.844327    0.082357
     0.828332    0.086974
     0.812098    0.091101
     0.795628    0.094752
     0.778929    0.097944
     0.762004    0.100696
     0.744861    0.103028
     0.727506    0.104962
     0.709943    0.106520
     0.692182    0.107727
     0.674228    0.108609
     0.656088    0.109189
     0.637772    0.109495
     0.619286    0.109552
     0.600639    0.109386
     0.581840    0.109022
     0.562899    0.108485
     0.543825    0.107801
     0.524628    0.106990
     0.505320    0.106075
     0.485912    0.105077
     0.466418    0.104014
     0.446852    0.102903
     0.427230    0.101759
     0.407569    0.100593
     0.387890    0.099417
     0.368218    0.098238
     0.348582    0.097060
     0.329016    0.095887
     0.309563    0.094717
     0.290274    0.093547
     0.271213    0.092370
     0.252457    0.091177
     0.234096    0.089958
     0.216233    0.088700
     0.198981    0.087390
     0.182452    0.086019
     0.166750    0.084575
     0.151962    0.083053
     0.138145    0.081451
     0.125323    0.079766
     0.113490    0.078003
     0.102613    0.076164
     0.092640    0.074252
     0.083507    0.072271
     0.075146    0.070223
     0.067490    0.068110
     0.060476    0.065934
     0.054045    0.063694
     0.048147    0.061392
     0.042737    0.059026
     0.037775    0.056599
     0.033229    0.054110
     0.029072    0.051562
     0.025279    0.048957
     0.021830    0.046300
     0.018708    0.043598
     0.015898    0.040858
     0.013384    0.038090
     0.011151    0.035306
     0.009183    0.032516
     0.007465    0.029735
     0.005978    0.026973
     0.004705    0.024241
     0.003628    0.021550
     0.002727    0.018907
     0.001987    0.016319
     0.001391    0.013790
     0.000920    0.011326
     0.000560    0.008928
     0.000297    0.006599
     0.000121    0.004337
     0.000024    0.002138
     0.000004    0.001070
     0.000000    0.000000
     0.000127   -0.001980
     0.000584   -0.003885
     0.001401   -0.005760
     0.002583   -0.007499
     0.004105   -0.009038
     0.005895   -0.010369
     0.007901   -0.011507
     0.010080   -0.012480
     0.012413   -0.013310
     0.014885   -0.014024
     0.017492   -0.014638
     0.020234   -0.015168
     0.023117   -0.015623
     0.026147   -0.016013
     0.029334   -0.016346
     0.032691   -0.016626
     0.036231   -0.016859
     0.039973   -0.017046
     0.043937   -0.017193
     0.048145   -0.017299
     0.052624   -0.017369
     0.057405   -0.017401
     0.062524   -0.017399
     0.068021   -0.017363
     0.073942   -0.017294
     0.080339   -0.017193
     0.087268   -0.017062
     0.094794   -0.016904
     0.102981   -0.016722
     0.111896   -0.016522
     0.121599   -0.016309
     0.132140   -0.016096
     0.143548   -0.015893
     0.155831   -0.015715
     0.168963   -0.015580
     0.182892   -0.015505
     0.197538   -0.015505
     0.212806   -0.015597
     0.228597   -0.015791
     0.244815   -0.016095
     0.261375   -0.016513
     0.278205   -0.017047
     0.295248   -0.017695
     0.312460   -0.018454
     0.329809   -0.019318
     0.347270   -0.020281
     0.364824   -0.021334
     0.382460   -0.022470
     0.400167   -0.023677
     0.417935   -0.024946
     0.435757   -0.026264
     0.453622   -0.027618
     0.471514   -0.028995
     0.489415   -0.030380
     0.507298   -0.031755
     0.525142   -0.033106
     0.542934   -0.034416
     0.560662   -0.035669
     0.578319   -0.036849
     0.595901   -0.037942
     0.613403   -0.038932
     0.630823   -0.039804
     0.648158   -0.040542
     0.665407   -0.041133
     0.682569   -0.041563
     0.699643   -0.041816
     0.716627   -0.041880
     0.733519   -0.041741
     0.750320   -0.041386
     0.767028   -0.040802
     0.783641   -0.039979
     0.800159   -0.038904
     0.816578   -0.037567
     0.832898   -0.035957
     0.849115   -0.034067
     0.865229   -0.031885
     0.881237   -0.029407
     0.897135   -0.026624
     0.912919   -0.023530
     0.928587   -0.020123
     0.944134   -0.016397
     0.959553   -0.012351
     0.974839   -0.007985
     0.989982   -0.003300
     1.000000    0.000000
