     1.000000    0.000000
     0.990933    0.006947
     0.976867    0.017414
     0.962335    0.027839
     0.947434    0.038123
     0.932241    0.048189
     0.916815    0.057980
     0.901201    0.067457
     0.885430    0.076592
     0.869523    0.085366
     0.853496    0.093766
     0.837356    0.101787
     0.821109    0.109423
     0.804754    0.116673
     0.788293    0.123536
     0.771723    0.130013
     0.755041    0.136105
     0.738243    0.141813
     0.721324    0.147138
     0.704279    0.152082
     0.687105    0.156646
     0.669796    0.160831
     0.652347    0.164639
     0.634756    0.168069
     0.617018    0.171122
     0.599131    0.173800
     0.581093    0.176101
     0.562903    0.178027
     0.544564    0.179577
     0.526077    0.180750
     0.507447    0.181549
     0.488682    0.181971
     0.469791    0.182019
     0.450788    0.181694
     0.431690    0.180996
     0.412520    0.179929
     0.393303    0.178496
     0.374073    0.176702
     0.354870    0.174554
     0.335740    0.172062
     0.316741    0.169236
     0.297936    0.166093
     0.279399    0.162651
     0.261211    0.158934
     0.243460    0.154970
     0.226238    0.150793
     0.209632    0.146439
     0.193728    0.141949
     0.178594    0.137362
     0.164286    0.132720
     0.150835    0.128058
     0.138255    0.123410
     0.126538    0.118801
     0.115660    0.114250
     0.105584    0.109773
     0.096263    0.105377
     0.087649    0.101066
     0.079688    0.096841
     0.072331    0.092699
     0.065529    0.088637
     0.059237    0.084648
     0.053414    0.080726
     0.048022    0.076866
     0.043029    0.073060
     0.038406    0.069303
     0.034126    0.065587
     0.030168    0.061909
     0.026512    0.058262
     0.023142    0.054642
     0.020043    0.051046
     0.017203    0.047470
     0.014612    0.043913
     0.012260    0.040374
     0.010138    0.036852
     0.008241    0.033348
     0.006561    0.029864
     0.005091    0.026402
     0.003824    0.022966
     0.002754    0.019559
     0.001873    0.016186
     0.001173    0.012851
     0.000645    0.009561
     0.000279    0.006323
     0.000067    0.003137
     0.000016    0.001570
     0.000000    0.000000
     0.000038   -0.002610
     0.000186   -0.005210
     0.000448   -0.007816
     0.000823   -0.010421
     0.001322   -0.013020
     0.001955   -0.015602
     0.002734   -0.018159
     0.003665   -0.020683
     0.004755   -0.023165
     0.006009   -0.025596
     0.007430   -0.027966
     0.009021   -0.030265
     0.010781   -0.032487
     0.012708   -0.034624
     0.014801   -0.036672
     0.017056   -0.038629
     0.019470   -0.040492
     0.022042   -0.042263
     0.024769   -0.043941
     0.027653   -0.045530
     0.030693   -0.047032
     0.033893   -0.048450
     0.037257   -0.049788
     0.040793   -0.051048
     0.044509   -0.052234
     0.048416   -0.053347
     0.052526   -0.054390
     0.056855   -0.055365
     0.061420   -0.056272
     0.066244   -0.057113
     0.071349   -0.057886
     0.076764   -0.058593
     0.082522   -0.059230
     0.088660   -0.059795
     0.095220   -0.060286
     0.102252   -0.060697
     0.109811   -0.061023
     0.117961   -0.061257
     0.126772   -0.061390
     0.136321   -0.061412
     0.146691   -0.061312
     0.157967   -0.061076
     0.170235   -0.060691
     0.183567   -0.060144
     0.198023   -0.059420
     0.213633   -0.058512
     0.230394   -0.057412
     0.248263   -0.056122
     0.267162   -0.054645
     0.286986   -0.052993
     0.307612   -0.051180
     0.328915   -0.049223
     0.350777   -0.047139
     0.373093   -0.044945
     0.395778   -0.042654
     0.418760   -0.040281
     0.441986   -0.037837
     0.465412   -0.035332
     0.489003   -0.032776
     0.512725   -0.030179
     0.536537   -0.027554
     0.560380   -0.024914
     0.584165   -0.022281
     0.607790   -0.019677
     0.631177   -0.017121
     0.654263   -0.014635
     0.676998   -0.012239
     0.699340   -0.009950
     0.721255   -0.007788
     0.742713   -0.005771
     0.763692   -0.003914
     0.784173   -0.002233
     0.804144   -0.000743
     0.823596    0.000546
     0.842528    0.001621
     0.860939    0.002476
     0.878834    0.003103
     0.896221    0.003496
     0.913109    0.003651
     0.929510    0.003567
     0.945436    0.003242
     0.960903    0.002677
     0.975922    0.001871
     0.990504    0.000826
     1.000000    0.000000
