     1.000000    0.000000
     0.989852    0.007118
     0.974081    0.017967
     0.957766    0.028914
     0.941028    0.039848
     0.923964    0.050680
     0.906649    0.061340
     0.889140    0.071778
     0.871477    0.081954
     0.853689    0.091838
     0.835796    0.101410
     0.817813    0.110650
     0.799748    0.119546
     0.781611    0.128087
     0.763406    0.136262
     0.745137    0.144063
     0.726808    0.151484
     0.708423    0.158516
     0.689984    0.165155
     0.671494    0.171394
     0.652958    0.177228
     0.634378    0.182653
     0.615758    0.187664
     0.597104    0.192256
     0.578419    0.196426
     0.559709    0.200170
     0.540982    0.203484
     0.522243    0.206366
     0.503501    0.208812
     0.484765    0.210821
     0.466045    0.212390
     0.447352    0.213516
     0.428700    0.214199
     0.410103    0.214437
     0.391577    0.214230
     0.373141    0.213577
     0.354817    0.212480
     0.336627    0.210939
     0.318598    0.208959
     0.300762    0.206542
     0.283151    0.203696
     0.265805    0.200429
     0.248765    0.196752
     0.232078    0.192680
     0.215794    0.188232
     0.199967    0.183431
     0.184652    0.178304
     0.169907    0.172886
     0.155783    0.167214
     0.142330    0.161330
     0.129591    0.155278
     0.117595    0.149105
     0.106365    0.142856
     0.095907    0.136574
     0.086216    0.130299
     0.077279    0.124066
     0.069068    0.117905
     0.061553    0.111839
     0.054695    0.105888
     0.048456    0.100066
     0.042793    0.094383
     0.037664    0.088847
     0.033031    0.083462
     0.028854    0.078229
     0.025097    0.073150
     0.021725    0.068225
     0.018707    0.063451
     0.016013    0.058827
     0.013616    0.054351
     0.011491    0.050019
     0.009614    0.045828
     0.007965    0.041776
     0.006522    0.037859
     0.005269    0.034072
     0.004187    0.030414
     0.003263    0.026879
     0.002481    0.023464
     0.001829    0.020164
     0.001294    0.016977
     0.000866    0.013898
     0.000534    0.010925
     0.000290    0.008054
     0.000124    0.005280
     0.000030    0.002597
     0.000008    0.001299
     0.000000    0.000000
     0.000096   -0.002278
     0.000385   -0.004525
     0.000887   -0.006813
     0.001605   -0.009104
     0.002541   -0.011379
     0.003696   -0.013621
     0.005062   -0.015823
     0.006635   -0.017975
     0.008407   -0.020075
     0.010372   -0.022119
     0.012525   -0.024108
     0.014863   -0.026043
     0.017386   -0.027925
     0.020093   -0.029758
     0.022989   -0.031544
     0.026078   -0.033286
     0.029369   -0.034987
     0.032871   -0.036648
     0.036595   -0.038273
     0.040555   -0.039862
     0.044769   -0.041417
     0.049256   -0.042939
     0.054039   -0.044426
     0.059141   -0.045879
     0.064593   -0.047296
     0.070426   -0.048674
     0.076675   -0.050010
     0.083380   -0.051297
     0.090582   -0.052529
     0.098326   -0.053697
     0.106658   -0.054790
     0.115626   -0.055795
     0.125273   -0.056696
     0.135640   -0.057475
     0.146757   -0.058111
     0.158642   -0.058585
     0.171302   -0.058873
     0.184722   -0.058957
     0.198875   -0.058816
     0.213715   -0.058438
     0.229189   -0.057810
     0.245235   -0.056927
     0.261789   -0.055787
     0.278792   -0.054393
     0.296188   -0.052751
     0.313929   -0.050867
     0.331975   -0.048752
     0.350292   -0.046418
     0.368856   -0.043877
     0.387646   -0.041141
     0.406647   -0.038226
     0.425847   -0.035147
     0.445233   -0.031920
     0.464794   -0.028563
     0.484513   -0.025098
     0.504364   -0.021549
     0.524307   -0.017945
     0.544277   -0.014320
     0.564189   -0.010716
     0.583969   -0.007170
     0.603569   -0.003717
     0.622955   -0.000387
     0.642105    0.002793
     0.661007    0.005798
     0.679652    0.008605
     0.698035    0.011193
     0.716155    0.013543
     0.734010    0.015636
     0.751603    0.017457
     0.768937    0.018989
     0.786014    0.020218
     0.802841    0.021131
     0.819425    0.021716
     0.835772    0.021961
     0.851892    0.021855
     0.867798    0.021387
     0.883502    0.020546
     0.899021    0.019321
     0.914375    0.017699
     0.929589    0.015665
     0.944695    0.013201
     0.959733    0.010284
     0.974758    0.006883
     0.989845    0.002950
     1.000000    0.000000
