     1.000000    0.000000
     0.992089    0.008506
     0.979979    0.021070
     0.967627    0.033341
     0.955081    0.045257
     0.942369    0.056786
     0.929512    0.067906
     0.916524    0.078606
     0.903412    0.088881
     0.890180    0.098732
     0.876827    0.108163
     0.863351    0.117179
     0.849748    0.125785
     0.836013    0.133989
     0.822138    0.141796
     0.808116    0.149213
     0.793940    0.156246
     0.779601    0.162899
     0.765090    0.169178
     0.750399    0.175085
     0.735519    0.180623
     0.720443    0.185793
     0.705161    0.190598
     0.689666    0.195036
     0.673952    0.199108
     0.658012    0.202811
     0.641842    0.206144
     0.625438    0.209102
     0.608798    0.211683
     0.591922    0.213883
     0.574812    0.215697
     0.557473    0.217121
     0.539911    0.218148
     0.522137    0.218776
     0.504164    0.218999
     0.486010    0.218813
     0.467696    0.218216
     0.449246    0.217205
     0.430689    0.215780
     0.412058    0.213941
     0.393392    0.211691
     0.374732    0.209036
     0.356124    0.205982
     0.337619    0.202541
     0.319271    0.198725
     0.301138    0.194552
     0.283281    0.190042
     0.265764    0.185222
     0.248651    0.180119
     0.232009    0.174768
     0.215898    0.169204
     0.200379    0.163467
     0.185503    0.157600
     0.171313    0.151644
     0.157843    0.145639
     0.145113    0.139626
     0.133131    0.133639
     0.121894    0.127708
     0.111387    0.121858
     0.101587    0.116107
     0.092463    0.110469
     0.083980    0.104953
     0.076100    0.099563
     0.068784    0.094300
     0.061995    0.089160
     0.055694    0.084141
     0.049847    0.079234
     0.044421    0.074434
     0.039388    0.069731
     0.034720    0.065117
     0.030394    0.060583
     0.026389    0.056118
     0.022688    0.051714
     0.019277    0.047360
     0.016143    0.043047
     0.013279    0.038765
     0.010678    0.034503
     0.008340    0.030251
     0.006264    0.026000
     0.004458    0.021741
     0.002931    0.017462
     0.001697    0.013155
     0.000777    0.008813
     0.000206    0.004435
     0.000057    0.002223
     0.000000    0.000000
     0.000045   -0.003670
     0.000205   -0.007331
     0.000475   -0.010939
     0.000855   -0.014507
     0.001346   -0.018031
     0.001953   -0.021509
     0.002679   -0.024936
     0.003528   -0.028310
     0.004500   -0.031629
     0.005599   -0.034890
     0.006825   -0.038091
     0.008181   -0.041227
     0.009668   -0.044298
     0.011287   -0.047298
     0.013040   -0.050227
     0.014927   -0.053080
     0.016949   -0.055857
     0.019106   -0.058553
     0.021397   -0.061169
     0.023824   -0.063701
     0.026387   -0.066150
     0.029085   -0.068513
     0.031920   -0.070790
     0.034892   -0.072982
     0.038002   -0.075088
     0.041254   -0.077109
     0.044650   -0.079044
     0.048192   -0.080895
     0.051887   -0.082662
     0.055739   -0.084346
     0.059755   -0.085947
     0.063943   -0.087465
     0.068312   -0.088900
     0.072873   -0.090252
     0.077638   -0.091521
     0.082622   -0.092705
     0.087840   -0.093803
     0.093312   -0.094812
     0.099058   -0.095730
     0.105104   -0.096553
     0.111476   -0.097276
     0.118206   -0.097895
     0.125331   -0.098401
     0.132891   -0.098788
     0.140934   -0.099044
     0.149515   -0.099159
     0.158693   -0.099118
     0.168541   -0.098905
     0.179137   -0.098502
     0.190573   -0.097887
     0.202949   -0.097035
     0.216379   -0.095918
     0.230986   -0.094505
     0.246902   -0.092766
     0.264263   -0.090668
     0.283202   -0.088183
     0.303839   -0.085286
     0.326260   -0.081969
     0.350486   -0.078241
     0.376414   -0.074146
     0.403725   -0.069777
     0.431792   -0.065285
     0.459947   -0.060829
     0.487834   -0.056508
     0.515334   -0.052372
     0.542455   -0.048441
     0.569269   -0.044720
     0.595872   -0.041203
     0.622376   -0.037882
     0.648895   -0.034744
     0.675548   -0.031774
     0.702444   -0.028954
     0.729683   -0.026265
     0.757320   -0.023683
     0.785320   -0.021188
     0.813462   -0.018760
     0.841214   -0.016394
     0.867826   -0.014098
     0.892793   -0.011868
     0.915906   -0.009689
     0.937128   -0.007549
     0.956510   -0.005441
     0.974148   -0.003368
     0.990157   -0.001332
     1.000000    0.000000
