     1.000000    0.000000
     0.989121    0.003795
     0.972323    0.009618
     0.955048    0.015564
     0.937409    0.021601
     0.919497    0.027701
     0.901389    0.033840
     0.883144    0.039998
     0.864809    0.046159
     0.846419    0.052308
     0.828002    0.058430
     0.809577    0.064513
     0.791161    0.070543
     0.772764    0.076506
     0.754396    0.082389
     0.736064    0.088177
     0.717772    0.093857
     0.699524    0.099413
     0.681322    0.104829
     0.663170    0.110091
     0.645067    0.115182
     0.627016    0.120086
     0.609018    0.124788
     0.591074    0.129269
     0.573185    0.133514
     0.555352    0.137507
     0.537577    0.141230
     0.519862    0.144668
     0.502210    0.147804
     0.484623    0.150622
     0.467105    0.153106
     0.449660    0.155241
     0.432294    0.157011
     0.415010    0.158404
     0.397817    0.159404
     0.380723    0.159999
     0.363735    0.160178
     0.346866    0.159928
     0.330127    0.159242
     0.313534    0.158111
     0.297103    0.156530
     0.280855    0.154495
     0.264816    0.152007
     0.249014    0.149071
     0.233485    0.145696
     0.218270    0.141898
     0.203417    0.137699
     0.188981    0.133133
     0.175022    0.128242
     0.161604    0.123076
     0.148792    0.117699
     0.136644    0.112178
     0.125209    0.106584
     0.114522    0.100989
     0.104597    0.095456
     0.095430    0.090041
     0.087001    0.084787
     0.079274    0.079723
     0.072203    0.074868
     0.065737    0.070231
     0.059823    0.065814
     0.054410    0.061610
     0.049448    0.057612
     0.044891    0.053809
     0.040699    0.050189
     0.036833    0.046740
     0.033262    0.043448
     0.029955    0.040303
     0.026888    0.037292
     0.024038    0.034405
     0.021386    0.031632
     0.018915    0.028962
     0.016611    0.026388
     0.014461    0.023901
     0.012455    0.021493
     0.010584    0.019157
     0.008841    0.016884
     0.007221    0.014670
     0.005722    0.012505
     0.004349    0.010382
     0.003105    0.008291
     0.001989    0.006223
     0.001029    0.004166
     0.000343    0.002096
     0.000131    0.001059
     0.000000    0.000000
     0.000226   -0.002020
     0.000770   -0.003956
     0.001636   -0.005881
     0.002745   -0.007756
     0.004053   -0.009576
     0.005540   -0.011350
     0.007194   -0.013084
     0.009004   -0.014784
     0.010964   -0.016453
     0.013074   -0.018097
     0.015334   -0.019718
     0.017749   -0.021319
     0.020323   -0.022904
     0.023063   -0.024473
     0.025979   -0.026028
     0.029081   -0.027570
     0.032382   -0.029099
     0.035897   -0.030615
     0.039641   -0.032117
     0.043634   -0.033605
     0.047897   -0.035075
     0.052455   -0.036525
     0.057335   -0.037952
     0.062567   -0.039349
     0.068184   -0.040711
     0.074226   -0.042028
     0.080730   -0.043291
     0.087741   -0.044486
     0.095303   -0.045599
     0.103463   -0.046612
     0.112266   -0.047503
     0.121751   -0.048249
     0.131953   -0.048825
     0.142896   -0.049204
     0.154589   -0.049361
     0.167026   -0.049272
     0.180186   -0.048919
     0.194028   -0.048288
     0.208503   -0.047373
     0.223552   -0.046177
     0.239114   -0.044708
     0.255126   -0.042981
     0.271531   -0.041017
     0.288277   -0.038840
     0.305316   -0.036479
     0.322605   -0.033961
     0.340106   -0.031319
     0.357778   -0.028585
     0.375579   -0.025792
     0.393458   -0.022975
     0.411364   -0.020170
     0.429256   -0.017407
     0.447111   -0.014713
     0.464914   -0.012113
     0.482661   -0.009627
     0.500350   -0.007272
     0.517983   -0.005066
     0.535565   -0.003020
     0.553102   -0.001147
     0.570602    0.000543
     0.588072    0.002042
     0.605522    0.003344
     0.622961    0.004443
     0.640398    0.005336
     0.657843    0.006022
     0.675306    0.006503
     0.692798    0.006780
     0.710329    0.006858
     0.727909    0.006747
     0.745547    0.006455
     0.763250    0.005998
     0.781021    0.005392
     0.798857    0.004660
     0.816747    0.003829
     0.834664    0.002933
     0.852559    0.002011
     0.870366    0.001108
     0.888019    0.000272
     0.905477   -0.000448
     0.922711   -0.001003
     0.939706   -0.001345
     0.956457   -0.001424
     0.972969   -0.001197
     0.989252   -0.000609
     1.000000    0.000000
