     1.000000    0.000000
     0.992689    0.006955
     0.981874    0.016786
     0.971171    0.026006
     0.960521    0.034695
     0.949881    0.042907
     0.939216    0.050684
     0.928502    0.058056
     0.917717    0.065047
     0.906841    0.071675
     0.895857    0.077957
     0.884747    0.083905
     0.873497    0.089529
     0.862089    0.094839
     0.850507    0.099842
     0.838734    0.104544
     0.826752    0.108950
     0.814544    0.113064
     0.802089    0.116891
     0.789367    0.120432
     0.776357    0.123690
     0.763034    0.126665
     0.749374    0.129357
     0.735351    0.131767
     0.720938    0.133894
     0.706104    0.135735
     0.690820    0.137289
     0.675053    0.138555
     0.658772    0.139529
     0.641943    0.140209
     0.624533    0.140594
     0.606513    0.140681
     0.587853    0.140471
     0.568530    0.139965
     0.548525    0.139166
     0.527831    0.138079
     0.506451    0.136712
     0.484405    0.135078
     0.461732    0.133191
     0.438498    0.131072
     0.414795    0.128742
     0.390749    0.126227
     0.366522    0.123558
     0.342311    0.120763
     0.318343    0.117875
     0.294867    0.114924
     0.272136    0.111941
     0.250389    0.108951
     0.229828    0.105979
     0.210598    0.103043
     0.192775    0.100158
     0.176374    0.097331
     0.161353    0.094567
     0.147634    0.091865
     0.135113    0.089222
     0.123679    0.086631
     0.113220    0.084086
     0.103630    0.081579
     0.094813    0.079101
     0.086683    0.076644
     0.079164    0.074201
     0.072189    0.071762
     0.065703    0.069320
     0.059656    0.066867
     0.054007    0.064395
     0.048720    0.061895
     0.043767    0.059361
     0.039121    0.056784
     0.034763    0.054156
     0.030677    0.051469
     0.026850    0.048715
     0.023273    0.045885
     0.019940    0.042971
     0.016850    0.039967
     0.014002    0.036864
     0.011400    0.033658
     0.009048    0.030345
     0.006953    0.026921
     0.005123    0.023386
     0.003564    0.019741
     0.002283    0.015991
     0.001285    0.012136
     0.000571    0.008185
     0.000139    0.004144
     0.000032    0.002076
     0.000000    0.000000
     0.000042   -0.004063
     0.000242   -0.008114
     0.000574   -0.011927
     0.001035   -0.015592
     0.001638   -0.019112
     0.002398   -0.022490
     0.003328   -0.025726
     0.004443   -0.028814
     0.005757   -0.031749
     0.007283   -0.034514
     0.009038   -0.037089
     0.011024   -0.039452
     0.013243   -0.041578
     0.015684   -0.043450
     0.018328   -0.045054
     0.021154   -0.046389
     0.024141   -0.047462
     0.027272   -0.048286
     0.030536   -0.048879
     0.033926   -0.049257
     0.037443   -0.049436
     0.041092   -0.049430
     0.044882   -0.049247
     0.048827   -0.048897
     0.052943   -0.048381
     0.057250   -0.047703
     0.061774   -0.046860
     0.066543   -0.045848
     0.071595   -0.044659
     0.076970   -0.043283
     0.082719   -0.041704
     0.088904   -0.039904
     0.095599   -0.037858
     0.102893   -0.035539
     0.110893   -0.032912
     0.119728   -0.029936
     0.129538   -0.026570
     0.140468   -0.022780
     0.152617   -0.018553
     0.165979   -0.013930
     0.180459   -0.008991
     0.195874   -0.003856
     0.211996    0.001341
     0.228596    0.006474
     0.245483    0.011440
     0.262519    0.016165
     0.279612    0.020601
     0.296712    0.024719
     0.313796    0.028503
     0.330859    0.031946
     0.347908    0.035045
     0.364959    0.037800
     0.382030    0.040213
     0.399146    0.042285
     0.416331    0.044020
     0.433612    0.045417
     0.451021    0.046480
     0.468587    0.047207
     0.486345    0.047600
     0.504331    0.047658
     0.522587    0.047379
     0.541157    0.046761
     0.560090    0.045802
     0.579443    0.044499
     0.599277    0.042849
     0.619661    0.040850
     0.640668    0.038501
     0.662371    0.035807
     0.684831    0.032778
     0.708063    0.029444
     0.731986    0.025862
     0.756320    0.022135
     0.780502    0.018429
     0.803958    0.014911
     0.826412    0.011686
     0.847795    0.008814
     0.868146    0.006321
     0.887549    0.004217
     0.906103    0.002501
     0.923909    0.001172
     0.941069    0.000225
     0.957677   -0.000344
     0.973827   -0.000535
     0.989614   -0.000342
     1.000000    0.000000
