     1.000000    0.000000
     0.991950    0.008712
     0.979559    0.021833
     0.966850    0.034926
     0.953885    0.047887
     0.940706    0.060640
     0.927347    0.073122
     0.913831    0.085283
     0.900176    0.097082
     0.886395    0.108485
     0.872495    0.119466
     0.858482    0.129999
     0.844361    0.140065
     0.830133    0.149643
     0.815802    0.158720
     0.801366    0.167279
     0.786827    0.175308
     0.772185    0.182795
     0.757440    0.189730
     0.742590    0.196105
     0.727636    0.201911
     0.712577    0.207142
     0.697411    0.211794
     0.682139    0.215861
     0.666759    0.219342
     0.651271    0.222234
     0.635673    0.224537
     0.619966    0.226253
     0.604148    0.227383
     0.588219    0.227931
     0.572178    0.227902
     0.556024    0.227301
     0.539757    0.226135
     0.523376    0.224413
     0.506880    0.222144
     0.490270    0.219340
     0.473544    0.216012
     0.456703    0.212173
     0.439748    0.207839
     0.422679    0.203025
     0.405499    0.197749
     0.388209    0.192031
     0.370815    0.185890
     0.353321    0.179350
     0.335736    0.172437
     0.318073    0.165178
     0.300351    0.157608
     0.282598    0.149764
     0.264855    0.141693
     0.247181    0.133452
     0.229660    0.125110
     0.212401    0.116751
     0.195547    0.108477
     0.179261    0.100398
     0.163720    0.092630
     0.149084    0.085276
     0.135475    0.078415
     0.122960    0.072093
     0.111546    0.066321
     0.101190    0.061081
     0.091815    0.056335
     0.083328    0.052034
     0.075633    0.048129
     0.068635    0.044570
     0.062249    0.041312
     0.056401    0.038315
     0.051024    0.035545
     0.046063    0.032970
     0.041467    0.030563
     0.037197    0.028302
     0.033217    0.026166
     0.029498    0.024138
     0.026014    0.022201
     0.022746    0.020340
     0.019675    0.018543
     0.016787    0.016793
     0.014073    0.015079
     0.011525    0.013385
     0.009141    0.011694
     0.006923    0.009985
     0.004889    0.008231
     0.003071    0.006400
     0.001528    0.004435
     0.000431    0.002301
     0.000132    0.001178
     0.000000    0.000000
     0.000100   -0.002081
     0.000420   -0.004121
     0.000982   -0.006186
     0.001789   -0.008231
     0.002845   -0.010222
     0.004141   -0.012140
     0.005659   -0.013977
     0.007383   -0.015726
     0.009297   -0.017391
     0.011389   -0.018974
     0.013651   -0.020482
     0.016076   -0.021924
     0.018664   -0.023305
     0.021415   -0.024634
     0.024334   -0.025916
     0.027428   -0.027159
     0.030705   -0.028366
     0.034176   -0.029543
     0.037856   -0.030695
     0.041762   -0.031827
     0.045912   -0.032941
     0.050329   -0.034042
     0.055040   -0.035133
     0.060075   -0.036218
     0.065469   -0.037300
     0.071261   -0.038383
     0.077495   -0.039468
     0.084222   -0.040560
     0.091494   -0.041659
     0.099374   -0.042770
     0.107922   -0.043892
     0.117205   -0.045029
     0.127283   -0.046178
     0.138209   -0.047340
     0.150021   -0.048511
     0.162736   -0.049688
     0.176341   -0.050863
     0.190794   -0.052030
     0.206027   -0.053181
     0.221948   -0.054306
     0.238455   -0.055399
     0.255443   -0.056450
     0.272813   -0.057455
     0.290476   -0.058407
     0.308360   -0.059301
     0.326402   -0.060133
     0.344554   -0.060898
     0.362777   -0.061592
     0.381043   -0.062212
     0.399327   -0.062752
     0.417613   -0.063208
     0.435887   -0.063576
     0.454138   -0.063852
     0.472358   -0.064029
     0.490541   -0.064104
     0.508681   -0.064072
     0.526775   -0.063926
     0.544819   -0.063663
     0.562812   -0.063276
     0.580750   -0.062762
     0.598633   -0.062114
     0.616460   -0.061328
     0.634228   -0.060399
     0.651939   -0.059322
     0.669590   -0.058092
     0.687183   -0.056706
     0.704716   -0.055159
     0.722190   -0.053448
     0.739604   -0.051568
     0.756957   -0.049516
     0.774249   -0.047290
     0.791478   -0.044887
     0.808642   -0.042306
     0.825738   -0.039544
     0.842761   -0.036603
     0.859703   -0.033482
     0.876556   -0.030185
     0.893305   -0.026714
     0.909930   -0.023076
     0.926406   -0.019280
     0.942697   -0.015339
     0.958758   -0.011272
     0.974534   -0.007101
     0.989953   -0.002855
     1.000000    0.000000
