     1.000000    0.000000
     0.990458    0.007699
     0.975778    0.019169
     0.960716    0.030482
     0.945328    0.041570
     0.929658    0.052384
     0.913738    0.062887
     0.897592    0.073055
     0.881238    0.082868
     0.864689    0.092311
     0.847954    0.101374
     0.831039    0.110051
     0.813950    0.118336
     0.796691    0.126224
     0.779264    0.133714
     0.761674    0.140803
     0.743922    0.147490
     0.726012    0.153774
     0.707947    0.159655
     0.689729    0.165132
     0.671362    0.170207
     0.652852    0.174878
     0.634203    0.179148
     0.615420    0.183018
     0.596511    0.186487
     0.577484    0.189559
     0.558347    0.192233
     0.539110    0.194512
     0.519785    0.196398
     0.500386    0.197891
     0.480926    0.198994
     0.461424    0.199708
     0.441898    0.200035
     0.422370    0.199978
     0.402864    0.199538
     0.383408    0.198718
     0.364034    0.197521
     0.344776    0.195950
     0.325674    0.194008
     0.306774    0.191703
     0.288124    0.189039
     0.269780    0.186027
     0.251802    0.182677
     0.234254    0.179004
     0.217202    0.175028
     0.200714    0.170768
     0.184855    0.166253
     0.169686    0.161510
     0.155259    0.156572
     0.141614    0.151472
     0.128778    0.146245
     0.116765    0.140923
     0.105574    0.135538
     0.095193    0.130117
     0.085598    0.124684
     0.076758    0.119260
     0.068638    0.113862
     0.061197    0.108506
     0.054395    0.103203
     0.048192    0.097963
     0.042548    0.092794
     0.037424    0.087704
     0.032783    0.082699
     0.028593    0.077784
     0.024819    0.072966
     0.021431    0.068248
     0.018399    0.063635
     0.015697    0.059131
     0.013297    0.054739
     0.011176    0.050461
     0.009311    0.046301
     0.007678    0.042259
     0.006257    0.038335
     0.005030    0.034530
     0.003978    0.030843
     0.003084    0.027273
     0.002333    0.023819
     0.001711    0.020477
     0.001205    0.017245
     0.000803    0.014121
     0.000492    0.011102
     0.000264    0.008186
     0.000111    0.005367
     0.000025    0.002640
     0.000005    0.001320
     0.000000    0.000000
     0.000087   -0.002255
     0.000349   -0.004484
     0.000802   -0.006751
     0.001451   -0.009027
     0.002301   -0.011294
     0.003353   -0.013537
     0.004605   -0.015746
     0.006054   -0.017912
     0.007696   -0.020030
     0.009525   -0.022094
     0.011539   -0.024102
     0.013733   -0.026053
     0.016106   -0.027947
     0.018659   -0.029785
     0.021392   -0.031567
     0.024309   -0.033297
     0.027415   -0.034975
     0.030719   -0.036602
     0.034227   -0.038181
     0.037953   -0.039711
     0.041908   -0.041195
     0.046110   -0.042633
     0.050576   -0.044024
     0.055329   -0.045368
     0.060391   -0.046663
     0.065792   -0.047909
     0.071564   -0.049101
     0.077740   -0.050237
     0.084362   -0.051312
     0.091474   -0.052320
     0.099122   -0.053254
     0.107361   -0.054105
     0.116244   -0.054864
     0.125829   -0.055519
     0.136171   -0.056058
     0.147324   -0.056469
     0.159332   -0.056738
     0.172228   -0.056854
     0.186029   -0.056809
     0.200732   -0.056597
     0.216314   -0.056218
     0.232732   -0.055678
     0.249924   -0.054989
     0.267815   -0.054168
     0.286316   -0.053239
     0.305328   -0.052227
     0.324740   -0.051163
     0.344424   -0.050076
     0.364255   -0.048997
     0.384144   -0.047950
     0.404036   -0.046957
     0.423905   -0.046033
     0.443739   -0.045191
     0.463541   -0.044438
     0.483321   -0.043782
     0.503094   -0.043225
     0.522875   -0.042767
     0.542683   -0.042408
     0.562533   -0.042141
     0.582436   -0.041961
     0.602396   -0.041855
     0.622400   -0.041809
     0.642416   -0.041805
     0.662377   -0.041820
     0.682175   -0.041826
     0.701711   -0.041794
     0.720916   -0.041693
     0.739743   -0.041492
     0.758160   -0.041160
     0.776151   -0.040670
     0.793708   -0.039994
     0.810834   -0.039108
     0.827537   -0.037987
     0.843830   -0.036611
     0.859733   -0.034960
     0.875267   -0.033012
     0.890459   -0.030750
     0.905340   -0.028152
     0.919942   -0.025197
     0.934307   -0.021859
     0.948481   -0.018109
     0.962524   -0.013905
     0.976509   -0.009197
     0.990538   -0.003907
     1.000000    0.000000
