     1.000000    0.000000
     0.992809    0.008926
     0.982187    0.021479
     0.971700    0.033186
     0.961291    0.044157
     0.950909    0.054476
     0.940520    0.064204
     0.930097    0.073388
     0.919618    0.082065
     0.909059    0.090266
     0.898401    0.098017
     0.887624    0.105339
     0.876707    0.112253
     0.865629    0.118774
     0.854370    0.124916
     0.842905    0.130693
     0.831210    0.136114
     0.819258    0.141189
     0.807022    0.145925
     0.794467    0.150329
     0.781561    0.154405
     0.768263    0.158156
     0.754530    0.161584
     0.740316    0.164691
     0.725565    0.167474
     0.710219    0.169932
     0.694211    0.172061
     0.677469    0.173856
     0.659913    0.175311
     0.641458    0.176418
     0.622015    0.177170
     0.601496    0.177560
     0.579818    0.177582
     0.556915    0.177234
     0.532755    0.176518
     0.507356    0.175444
     0.480811    0.174030
     0.453310    0.172304
     0.425154    0.170304
     0.396740    0.168072
     0.368532    0.165652
     0.341006    0.163082
     0.314582    0.160395
     0.289587    0.157615
     0.266226    0.154760
     0.244593    0.151841
     0.224686    0.148869
     0.206437    0.145851
     0.189738    0.142793
     0.174459    0.139697
     0.160467    0.136568
     0.147629    0.133407
     0.135824    0.130214
     0.124941    0.126987
     0.114882    0.123727
     0.105561    0.120430
     0.096903    0.117095
     0.088843    0.113718
     0.081324    0.110296
     0.074298    0.106825
     0.067725    0.103303
     0.061568    0.099726
     0.055797    0.096090
     0.050388    0.092392
     0.045317    0.088628
     0.040568    0.084798
     0.036124    0.080897
     0.031974    0.076925
     0.028107    0.072880
     0.024514    0.068762
     0.021189    0.064570
     0.018124    0.060306
     0.015317    0.055972
     0.012760    0.051569
     0.010452    0.047102
     0.008387    0.042574
     0.006563    0.037989
     0.004973    0.033353
     0.003614    0.028672
     0.002482    0.023952
     0.001570    0.019198
     0.000873    0.014418
     0.000381    0.009621
     0.000091    0.004815
     0.000021    0.002409
     0.000000    0.000000
     0.000048   -0.004079
     0.000236   -0.008149
     0.000551   -0.012067
     0.000988   -0.015886
     0.001552   -0.019603
     0.002251   -0.023219
     0.003089   -0.026733
     0.004071   -0.030144
     0.005200   -0.033451
     0.006481   -0.036650
     0.007918   -0.039737
     0.009515   -0.042708
     0.011275   -0.045557
     0.013200   -0.048278
     0.015290   -0.050865
     0.017544   -0.053313
     0.019960   -0.055617
     0.022535   -0.057774
     0.025265   -0.059780
     0.028147   -0.061636
     0.031178   -0.063343
     0.034354   -0.064902
     0.037675   -0.066315
     0.041141   -0.067587
     0.044754   -0.068720
     0.048518   -0.069719
     0.052440   -0.070585
     0.056526   -0.071322
     0.060789   -0.071931
     0.065240   -0.072414
     0.069897   -0.072770
     0.074777   -0.072998
     0.079903   -0.073096
     0.085303   -0.073059
     0.091007   -0.072883
     0.097053   -0.072559
     0.103486   -0.072077
     0.110358   -0.071426
     0.117734   -0.070590
     0.125690   -0.069548
     0.134320   -0.068278
     0.143737   -0.066751
     0.154080   -0.064929
     0.165514   -0.062773
     0.178238   -0.060231
     0.192477   -0.057253
     0.208462   -0.053790
     0.226362   -0.049820
     0.246154   -0.045381
     0.267422   -0.040624
     0.289518   -0.035761
     0.311890   -0.030982
     0.334177   -0.026414
     0.356198   -0.022131
     0.377890   -0.018169
     0.399255   -0.014541
     0.420332   -0.011250
     0.441171   -0.008291
     0.461834   -0.005660
     0.482380   -0.003350
     0.502874   -0.001355
     0.523380    0.000332
     0.543965    0.001713
     0.564701    0.002794
     0.585661    0.003579
     0.606930    0.004069
     0.628597    0.004268
     0.650763    0.004180
     0.673532    0.003810
     0.697005    0.003168
     0.721256    0.002274
     0.746270    0.001165
     0.771829   -0.000094
     0.797349   -0.001393
     0.821970   -0.002599
     0.845230   -0.003609
     0.867031   -0.004366
     0.887456   -0.004837
     0.906656   -0.005008
     0.924799   -0.004873
     0.942045   -0.004427
     0.958547   -0.003665
     0.974447   -0.002579
     0.989882   -0.001150
     1.000000    0.000000
