     1.000000    0.000000
     0.988995    0.004089
     0.972366    0.010044
     0.955601    0.015776
     0.938715    0.021272
     0.921722    0.026524
     0.904632    0.031524
     0.887454    0.036269
     0.870193    0.040757
     0.852857    0.044987
     0.835449    0.048960
     0.817976    0.052679
     0.800440    0.056147
     0.782847    0.059370
     0.765201    0.062352
     0.747504    0.065101
     0.729761    0.067625
     0.711975    0.069931
     0.694148    0.072030
     0.676285    0.073930
     0.658387    0.075642
     0.640458    0.077178
     0.622500    0.078546
     0.604514    0.079760
     0.586503    0.080830
     0.568469    0.081768
     0.550415    0.082584
     0.532340    0.083290
     0.514248    0.083897
     0.496141    0.084415
     0.478020    0.084854
     0.459887    0.085224
     0.441746    0.085535
     0.423600    0.085793
     0.405452    0.086007
     0.387307    0.086183
     0.369172    0.086326
     0.351057    0.086439
     0.332971    0.086527
     0.314931    0.086588
     0.296956    0.086622
     0.279073    0.086624
     0.261318    0.086589
     0.243738    0.086507
     0.226390    0.086366
     0.209350    0.086150
     0.192704    0.085842
     0.176555    0.085423
     0.161009    0.084872
     0.146173    0.084172
     0.132141    0.083306
     0.118984    0.082264
     0.106746    0.081040
     0.095437    0.079630
     0.085044    0.078036
     0.075530    0.076260
     0.066846    0.074309
     0.058938    0.072185
     0.051750    0.069896
     0.045232    0.067446
     0.039336    0.064846
     0.034022    0.062105
     0.029253    0.059237
     0.024997    0.056261
     0.021222    0.053197
     0.017898    0.050070
     0.014992    0.046906
     0.012471    0.043733
     0.010300    0.040575
     0.008442    0.037454
     0.006862    0.034387
     0.005527    0.031389
     0.004404    0.028469
     0.003466    0.025634
     0.002687    0.022887
     0.002046    0.020228
     0.001523    0.017658
     0.001101    0.015176
     0.000764    0.012778
     0.000501    0.010463
     0.000299    0.008229
     0.000154    0.006070
     0.000058    0.003981
     0.000009    0.001959
    -0.000001    0.000980
     0.000000    0.000000
     0.000988   -0.001527
     0.002675   -0.002394
     0.004504   -0.003059
     0.006447   -0.003611
     0.008492   -0.004093
     0.010619   -0.004534
     0.012835   -0.004945
     0.015146   -0.005335
     0.017556   -0.005709
     0.020072   -0.006074
     0.022700   -0.006431
     0.025450   -0.006786
     0.028331   -0.007139
     0.031355   -0.007493
     0.034534   -0.007850
     0.037883   -0.008212
     0.041418   -0.008582
     0.045156   -0.008961
     0.049119   -0.009352
     0.053330   -0.009756
     0.057817   -0.010176
     0.062610   -0.010615
     0.067744   -0.011075
     0.073259   -0.011559
     0.079198   -0.012072
     0.085611   -0.012615
     0.092552   -0.013193
     0.100079   -0.013810
     0.108252   -0.014468
     0.117130   -0.015171
     0.126769   -0.015921
     0.137211   -0.016719
     0.148482   -0.017562
     0.160584   -0.018446
     0.173490   -0.019364
     0.187146   -0.020307
     0.201475   -0.021261
     0.216386   -0.022213
     0.231781   -0.023150
     0.247566   -0.024058
     0.263658   -0.024924
     0.279986   -0.025738
     0.296491   -0.026489
     0.313128   -0.027170
     0.329862   -0.027772
     0.346666   -0.028290
     0.363520   -0.028719
     0.380410   -0.029052
     0.397326   -0.029287
     0.414259   -0.029420
     0.431204   -0.029448
     0.448157   -0.029368
     0.465116   -0.029179
     0.482077   -0.028879
     0.499041   -0.028469
     0.516005   -0.027948
     0.532970   -0.027317
     0.549935   -0.026577
     0.566901   -0.025731
     0.583867   -0.024781
     0.600835   -0.023733
     0.617804   -0.022590
     0.634776   -0.021359
     0.651751   -0.020047
     0.668730   -0.018661
     0.685713   -0.017210
     0.702700   -0.015707
     0.719690   -0.014161
     0.736683   -0.012587
     0.753673   -0.011000
     0.770655   -0.009416
     0.787623   -0.007854
     0.804573   -0.006334
     0.821502   -0.004875
     0.838406   -0.003501
     0.855283   -0.002236
     0.872132   -0.001104
     0.888949   -0.000134
     0.905732    0.000648
     0.922478    0.001211
     0.939183    0.001524
     0.955842    0.001555
     0.972450    0.001271
     0.988998    0.000634
     1.000000    0.000000
