     1.000000    0.000000
     0.989210    0.004560
     0.972673    0.011765
     0.955737    0.019368
     0.938451    0.027281
     0.920887    0.035413
     0.903141    0.043655
     0.885328    0.051891
     0.867528    0.060026
     0.849784    0.067990
     0.832113    0.075728
     0.814519    0.083201
     0.796996    0.090378
     0.779534    0.097235
     0.762120    0.103753
     0.744741    0.109916
     0.727383    0.115711
     0.710035    0.121127
     0.692683    0.126155
     0.675316    0.130790
     0.657926    0.135024
     0.640502    0.138854
     0.623036    0.142278
     0.605521    0.145293
     0.587950    0.147901
     0.570317    0.150103
     0.552616    0.151901
     0.534844    0.153299
     0.516996    0.154303
     0.499069    0.154920
     0.481061    0.155157
     0.462970    0.155024
     0.444796    0.154529
     0.426539    0.153686
     0.408204    0.152506
     0.389794    0.151003
     0.371318    0.149192
     0.352789    0.147089
     0.334223    0.144710
     0.315645    0.142075
     0.297089    0.139205
     0.278600    0.136120
     0.260237    0.132847
     0.242078    0.129413
     0.224217    0.125847
     0.206767    0.122183
     0.189855    0.118455
     0.173611    0.114699
     0.158159    0.110948
     0.143603    0.107231
     0.130012    0.103571
     0.117421    0.099982
     0.105827    0.096471
     0.095197    0.093037
     0.085477    0.089675
     0.076603    0.086374
     0.068506    0.083122
     0.061116    0.079907
     0.054372    0.076717
     0.048216    0.073539
     0.042599    0.070364
     0.037476    0.067184
     0.032812    0.063991
     0.028575    0.060781
     0.024737    0.057555
     0.021276    0.054313
     0.018169    0.051060
     0.015397    0.047804
     0.012939    0.044553
     0.010776    0.041319
     0.008886    0.038113
     0.007248    0.034946
     0.005840    0.031828
     0.004639    0.028768
     0.003624    0.025774
     0.002776    0.022851
     0.002076    0.020003
     0.001506    0.017231
     0.001050    0.014539
     0.000692    0.011925
     0.000418    0.009391
     0.000218    0.006936
     0.000086    0.004554
     0.000015    0.002244
     0.000001    0.001122
     0.000000    0.000000
     0.000090   -0.002048
     0.000437   -0.004048
     0.001067   -0.006059
     0.002004   -0.008009
     0.003271   -0.009832
     0.004839   -0.011495
     0.006666   -0.012982
     0.008712   -0.014301
     0.010945   -0.015469
     0.013346   -0.016509
     0.015901   -0.017440
     0.018608   -0.018279
     0.021466   -0.019042
     0.024482   -0.019740
     0.027662   -0.020385
     0.031019   -0.020985
     0.034567   -0.021547
     0.038322   -0.022079
     0.042304   -0.022585
     0.046538   -0.023073
     0.051049   -0.023547
     0.055872   -0.024012
     0.061041   -0.024474
     0.066601   -0.024938
     0.072599   -0.025412
     0.079091   -0.025901
     0.086138   -0.026414
     0.093810   -0.026958
     0.102178   -0.027543
     0.111319   -0.028180
     0.121304   -0.028878
     0.132194   -0.029649
     0.144034   -0.030500
     0.156840   -0.031439
     0.170596   -0.032467
     0.185246   -0.033581
     0.200697   -0.034768
     0.216826   -0.036013
     0.233491   -0.037291
     0.250551   -0.038577
     0.267881   -0.039844
     0.285382   -0.041065
     0.302975   -0.042217
     0.320605   -0.043276
     0.338230   -0.044222
     0.355825   -0.045039
     0.373373   -0.045710
     0.390866   -0.046220
     0.408300   -0.046559
     0.425674   -0.046714
     0.442992   -0.046676
     0.460259   -0.046438
     0.477482   -0.045992
     0.494668   -0.045333
     0.511827   -0.044457
     0.528968   -0.043361
     0.546102   -0.042045
     0.563240   -0.040507
     0.580395   -0.038750
     0.597578   -0.036778
     0.614803   -0.034596
     0.632081   -0.032213
     0.649422   -0.029640
     0.666834   -0.026891
     0.684320   -0.023987
     0.701873   -0.020953
     0.719475   -0.017821
     0.737086   -0.014633
     0.754637   -0.011442
     0.772038   -0.008307
     0.789219   -0.005287
     0.806139   -0.002437
     0.822770    0.000194
     0.839101    0.002558
     0.855131    0.004613
     0.870869    0.006317
     0.886329    0.007632
     0.901536    0.008519
     0.916520    0.008940
     0.931320    0.008854
     0.945985    0.008215
     0.960581    0.006966
     0.975199    0.005036
     0.989961    0.002319
     1.000000    0.000000
