     1.000000    0.000000
     0.992082    0.009264
     0.980002    0.022753
     0.967675    0.035769
     0.955093    0.048303
     0.942248    0.060348
     0.929136    0.071899
     0.915751    0.082951
     0.902089    0.093499
     0.888148    0.103539
     0.873923    0.113067
     0.859412    0.122081
     0.844614    0.130582
     0.829525    0.138568
     0.814147    0.146043
     0.798477    0.153008
     0.782518    0.159467
     0.766270    0.165426
     0.749737    0.170891
     0.732922    0.175869
     0.715831    0.180367
     0.698469    0.184396
     0.680846    0.187963
     0.662971    0.191080
     0.644856    0.193757
     0.626514    0.196005
     0.607961    0.197835
     0.589213    0.199257
     0.570290    0.200283
     0.551211    0.200922
     0.531998    0.201186
     0.512673    0.201082
     0.493261    0.200619
     0.473787    0.199806
     0.454275    0.198648
     0.434752    0.197152
     0.415244    0.195322
     0.395781    0.193161
     0.376391    0.190672
     0.357104    0.187859
     0.337952    0.184722
     0.318972    0.181264
     0.300200    0.177488
     0.281680    0.173398
     0.263458    0.169000
     0.245589    0.164304
     0.228133    0.159325
     0.211155    0.154084
     0.194730    0.148607
     0.178933    0.142930
     0.163839    0.137097
     0.149521    0.131156
     0.136037    0.125161
     0.123432    0.119168
     0.111727    0.113227
     0.100925    0.107385
     0.091005    0.101680
     0.081930    0.096138
     0.073653    0.090778
     0.066115    0.085611
     0.059257    0.080638
     0.053019    0.075858
     0.047345    0.071266
     0.042179    0.066851
     0.037475    0.062606
     0.033187    0.058519
     0.029278    0.054579
     0.025713    0.050776
     0.022462    0.047100
     0.019498    0.043542
     0.016800    0.040092
     0.014347    0.036743
     0.012124    0.033486
     0.010115    0.030316
     0.008310    0.027226
     0.006697    0.024210
     0.005270    0.021266
     0.004022    0.018388
     0.002947    0.015574
     0.002042    0.012822
     0.001302    0.010129
     0.000730    0.007500
     0.000329    0.004937
     0.000090    0.002438
     0.000028    0.001221
     0.000000    0.000000
     0.000122   -0.002111
     0.000469   -0.004179
     0.001062   -0.006275
     0.001893   -0.008359
     0.002949   -0.010407
     0.004214   -0.012412
     0.005676   -0.014371
     0.007322   -0.016285
     0.009142   -0.018156
     0.011130   -0.019989
     0.013282   -0.021788
     0.015597   -0.023559
     0.018077   -0.025307
     0.020724   -0.027038
     0.023545   -0.028755
     0.026547   -0.030465
     0.029741   -0.032172
     0.033139   -0.033880
     0.036755   -0.035595
     0.040607   -0.037320
     0.044713   -0.039061
     0.049098   -0.040820
     0.053786   -0.042604
     0.058808   -0.044415
     0.064197   -0.046258
     0.069989   -0.048137
     0.076226   -0.050055
     0.082952   -0.052013
     0.090217   -0.054015
     0.098071   -0.056059
     0.106566   -0.058144
     0.115751   -0.060266
     0.125669   -0.062417
     0.136355   -0.064586
     0.147827   -0.066758
     0.160084   -0.068913
     0.173106   -0.071029
     0.186850   -0.073083
     0.201256   -0.075049
     0.216250   -0.076905
     0.231754   -0.078630
     0.247687   -0.080206
     0.263976   -0.081618
     0.280555   -0.082857
     0.297365   -0.083913
     0.314360   -0.084782
     0.331501   -0.085460
     0.348757   -0.085944
     0.366104   -0.086234
     0.383524   -0.086330
     0.401000   -0.086231
     0.418524   -0.085938
     0.436086   -0.085453
     0.453681   -0.084776
     0.471304   -0.083909
     0.488954   -0.082853
     0.506628   -0.081612
     0.524326   -0.080186
     0.542050   -0.078579
     0.559799   -0.076793
     0.577577   -0.074831
     0.595387   -0.072697
     0.613230   -0.070395
     0.631112   -0.067930
     0.649037   -0.065305
     0.667009   -0.062527
     0.685034   -0.059602
     0.703115   -0.056536
     0.721258   -0.053339
     0.739465   -0.050020
     0.757739   -0.046588
     0.776077   -0.043058
     0.794473   -0.039445
     0.812915   -0.035766
     0.831377   -0.032044
     0.849819   -0.028306
     0.868181   -0.024584
     0.886396   -0.020914
     0.904406   -0.017327
     0.922160   -0.013856
     0.939604   -0.010530
     0.956684   -0.007377
     0.973342   -0.004422
     0.989515   -0.001691
     1.000000    0.000000
