     1.000000    0.000000
     0.992856    0.006119
     0.982205    0.014863
     0.971584    0.023153
     0.960958    0.031032
     0.950296    0.038532
     0.939577    0.045678
     0.928783    0.052488
     0.917899    0.058976
     0.906911    0.065155
     0.895808    0.071033
     0.884577    0.076618
     0.873210    0.081917
     0.861695    0.086934
     0.850022    0.091675
     0.838182    0.096143
     0.826164    0.100341
     0.813959    0.104271
     0.801557    0.107936
     0.788948    0.111336
     0.776121    0.114473
     0.763068    0.117349
     0.749779    0.119962
     0.736243    0.122313
     0.722453    0.124402
     0.708400    0.126229
     0.694075    0.127793
     0.679473    0.129094
     0.664586    0.130130
     0.649410    0.130902
     0.633942    0.131410
     0.618179    0.131652
     0.602122    0.131631
     0.585771    0.131345
     0.569132    0.130798
     0.552210    0.129989
     0.535013    0.128922
     0.517553    0.127600
     0.499842    0.126026
     0.481896    0.124204
     0.463734    0.122141
     0.445375    0.119840
     0.426843    0.117308
     0.408163    0.114553
     0.389363    0.111581
     0.370476    0.108401
     0.351537    0.105021
     0.332585    0.101452
     0.313669    0.097707
     0.294843    0.093798
     0.276171    0.089743
     0.257730    0.085562
     0.239612    0.081283
     0.221923    0.076937
     0.204780    0.072562
     0.188307    0.068202
     0.172627    0.063902
     0.157844    0.059710
     0.144036    0.055666
     0.131245    0.051802
     0.119472    0.048140
     0.108687    0.044691
     0.098835    0.041455
     0.089842    0.038426
     0.081631    0.035593
     0.074122    0.032941
     0.067239    0.030456
     0.060912    0.028121
     0.055080    0.025923
     0.049686    0.023846
     0.044682    0.021880
     0.040026    0.020012
     0.035680    0.018231
     0.031613    0.016528
     0.027796    0.014895
     0.024207    0.013322
     0.020823    0.011803
     0.017628    0.010330
     0.014605    0.008895
     0.011743    0.007488
     0.009032    0.006100
     0.006458    0.004723
     0.004045    0.003318
     0.001774    0.001857
     0.000743    0.001057
     0.000000    0.000000
     0.000033   -0.002651
     0.000187   -0.005290
     0.000463   -0.007917
     0.000862   -0.010529
     0.001398   -0.013116
     0.002090   -0.015665
     0.002958   -0.018164
     0.004014   -0.020597
     0.005270   -0.022946
     0.006734   -0.025193
     0.008409   -0.027318
     0.010294   -0.029303
     0.012380   -0.031138
     0.014657   -0.032813
     0.017115   -0.034330
     0.019741   -0.035688
     0.022529   -0.036897
     0.025472   -0.037963
     0.028570   -0.038895
     0.031824   -0.039703
     0.035241   -0.040394
     0.038829   -0.040976
     0.042600   -0.041454
     0.046571   -0.041833
     0.050760   -0.042117
     0.055191   -0.042308
     0.059893   -0.042407
     0.064899   -0.042414
     0.070250   -0.042329
     0.075995   -0.042147
     0.082191   -0.041867
     0.088909   -0.041483
     0.096232   -0.040989
     0.104260   -0.040377
     0.113110   -0.039640
     0.122914   -0.038772
     0.133811   -0.037768
     0.145924   -0.036631
     0.159310   -0.035379
     0.173942   -0.034044
     0.189720   -0.032672
     0.206485   -0.031316
     0.224048   -0.030030
     0.242230   -0.028860
     0.260882   -0.027842
     0.279896   -0.027000
     0.299205   -0.026351
     0.318773   -0.025905
     0.338589   -0.025664
     0.358658   -0.025629
     0.378999   -0.025798
     0.399638   -0.026166
     0.420608   -0.026725
     0.441938   -0.027465
     0.463658   -0.028374
     0.485780   -0.029432
     0.508292   -0.030617
     0.531130   -0.031895
     0.554145   -0.033223
     0.577065   -0.034544
     0.599622   -0.035803
     0.621659   -0.036953
     0.643102   -0.037956
     0.663928   -0.038784
     0.684144   -0.039416
     0.703773   -0.039833
     0.722843   -0.040024
     0.741389   -0.039978
     0.759445   -0.039687
     0.777044   -0.039145
     0.794218   -0.038346
     0.810998   -0.037286
     0.827414   -0.035963
     0.843491   -0.034373
     0.859256   -0.032513
     0.874733   -0.030380
     0.889945   -0.027973
     0.904914   -0.025288
     0.919661   -0.022322
     0.934205   -0.019072
     0.948568   -0.015534
     0.962767   -0.011702
     0.976825   -0.007572
     0.990760   -0.003135
     1.000000    0.000000
