     1.000000    0.000000
     0.990614    0.004363
     0.974955    0.011755
     0.957117    0.020320
     0.936924    0.030133
     0.914584    0.041051
     0.891029    0.052536
     0.867383    0.063943
     0.844345    0.074852
     0.822190    0.085081
     0.800956    0.094588
     0.780578    0.103393
     0.760960    0.111537
     0.742003    0.119069
     0.723617    0.126031
     0.705725    0.132465
     0.688258    0.138403
     0.671159    0.143876
     0.654378    0.148908
     0.637872    0.153522
     0.621601    0.157736
     0.605535    0.161566
     0.589643    0.165025
     0.573899    0.168125
     0.558281    0.170876
     0.542767    0.173286
     0.527339    0.175362
     0.511980    0.177110
     0.496676    0.178534
     0.481414    0.179639
     0.466182    0.180427
     0.450971    0.180901
     0.435774    0.181062
     0.420585    0.180911
     0.405400    0.180451
     0.390220    0.179681
     0.375045    0.178604
     0.359881    0.177220
     0.344737    0.175531
     0.329625    0.173541
     0.314564    0.171256
     0.299577    0.168680
     0.284690    0.165823
     0.269940    0.162697
     0.255365    0.159316
     0.241011    0.155699
     0.226928    0.151869
     0.213170    0.147852
     0.199788    0.143676
     0.186836    0.139373
     0.174362    0.134976
     0.162404    0.130518
     0.150994    0.126030
     0.140152    0.121540
     0.129888    0.117074
     0.120200    0.112651
     0.111078    0.108288
     0.102504    0.103995
     0.094456    0.099780
     0.086906    0.095645
     0.079826    0.091593
     0.073186    0.087620
     0.066957    0.083724
     0.061111    0.079899
     0.055621    0.076138
     0.050463    0.072436
     0.045615    0.068784
     0.041056    0.065174
     0.036768    0.061598
     0.032736    0.058048
     0.028946    0.054513
     0.025386    0.050984
     0.022048    0.047452
     0.018926    0.043906
     0.016014    0.040335
     0.013311    0.036727
     0.010820    0.033070
     0.008544    0.029350
     0.006491    0.025551
     0.004675    0.021658
     0.003113    0.017653
     0.001828    0.013513
     0.000851    0.009214
     0.000226    0.004730
     0.000059    0.002371
     0.000000    0.000000
     0.000054   -0.004765
     0.000246   -0.009522
     0.000563   -0.014147
     0.001004   -0.018682
     0.001570   -0.023126
     0.002263   -0.027478
     0.003085   -0.031739
     0.004036   -0.035911
     0.005117   -0.039994
     0.006328   -0.043990
     0.007671   -0.047898
     0.009146   -0.051719
     0.010755   -0.055454
     0.012499   -0.059101
     0.014379   -0.062663
     0.016394   -0.066137
     0.018548   -0.069526
     0.020839   -0.072827
     0.023270   -0.076043
     0.025841   -0.079172
     0.028554   -0.082214
     0.031409   -0.085171
     0.034409   -0.088043
     0.037556   -0.090831
     0.040851   -0.093535
     0.044299   -0.096156
     0.047903   -0.098695
     0.051667   -0.101155
     0.055597   -0.103535
     0.059699   -0.105836
     0.063981   -0.108061
     0.068451   -0.110209
     0.073120   -0.112282
     0.077998   -0.114280
     0.083098   -0.116203
     0.088436   -0.118050
     0.094027   -0.119823
     0.099892   -0.121518
     0.106051   -0.123136
     0.112528   -0.124672
     0.119350   -0.126125
     0.126546   -0.127490
     0.134151   -0.128762
     0.142202   -0.129934
     0.150739   -0.130999
     0.159809   -0.131948
     0.169460   -0.132769
     0.179745   -0.133450
     0.190723   -0.133974
     0.202450   -0.134325
     0.214989   -0.134483
     0.228397   -0.134424
     0.242732   -0.134127
     0.258041   -0.133564
     0.274365   -0.132711
     0.291730   -0.131543
     0.310148   -0.130035
     0.329614   -0.128168
     0.350111   -0.125923
     0.371606   -0.123287
     0.394060   -0.120252
     0.417432   -0.116810
     0.441682   -0.112960
     0.466779   -0.108700
     0.492706   -0.104029
     0.519461   -0.098946
     0.547064   -0.093449
     0.575556   -0.087534
     0.604992   -0.081201
     0.635430   -0.074451
     0.666884   -0.067309
     0.699213   -0.059846
     0.731899   -0.052241
     0.763877   -0.044816
     0.794271   -0.037845
     0.822760   -0.031458
     0.849307   -0.025698
     0.873999   -0.020565
     0.896959   -0.016034
     0.918316   -0.012074
     0.938190   -0.008648
     0.956689   -0.005715
     0.973909   -0.003235
     0.989933   -0.001170
     1.000000    0.000000
