     1.000000    0.000000
     0.991113    0.007964
     0.977549    0.019554
     0.963696    0.030722
     0.949552    0.041451
     0.935117    0.051731
     0.920396    0.061549
     0.905393    0.070896
     0.890114    0.079762
     0.874568    0.088141
     0.858764    0.096027
     0.842713    0.103418
     0.826426    0.110313
     0.809916    0.116713
     0.793196    0.122624
     0.776280    0.128050
     0.759180    0.133001
     0.741912    0.137485
     0.724487    0.141515
     0.706921    0.145103
     0.689225    0.148262
     0.671412    0.151007
     0.653494    0.153351
     0.635482    0.155310
     0.617388    0.156899
     0.599222    0.158132
     0.580993    0.159022
     0.562712    0.159584
     0.544386    0.159830
     0.526026    0.159772
     0.507638    0.159421
     0.489232    0.158788
     0.470815    0.157880
     0.452396    0.156707
     0.433983    0.155275
     0.415586    0.153590
     0.397213    0.151658
     0.378877    0.149483
     0.360589    0.147068
     0.342366    0.144417
     0.324226    0.141531
     0.306191    0.138414
     0.288292    0.135069
     0.270566    0.131501
     0.253057    0.127717
     0.235826    0.123727
     0.218942    0.119549
     0.202490    0.115204
     0.186566    0.110721
     0.171272    0.106139
     0.156710    0.101500
     0.142969    0.096853
     0.130118    0.092245
     0.118198    0.087718
     0.107216    0.083309
     0.097154    0.079043
     0.087966    0.074936
     0.079595    0.070994
     0.071973    0.067218
     0.065032    0.063604
     0.058703    0.060142
     0.052925    0.056822
     0.047640    0.053635
     0.042797    0.050568
     0.038353    0.047611
     0.034266    0.044752
     0.030504    0.041983
     0.027037    0.039293
     0.023839    0.036674
     0.020890    0.034118
     0.018172    0.031618
     0.015669    0.029166
     0.013369    0.026758
     0.011263    0.024387
     0.009341    0.022049
     0.007600    0.019738
     0.006035    0.017451
     0.004646    0.015186
     0.003432    0.012941
     0.002395    0.010714
     0.001536    0.008506
     0.000864    0.006324
     0.000388    0.004176
     0.000105    0.002069
     0.000032    0.001038
     0.000000    0.000000
     0.000382   -0.001918
     0.001414   -0.003555
     0.002923   -0.004941
     0.004697   -0.006071
     0.006651   -0.007034
     0.008747   -0.007874
     0.010965   -0.008624
     0.013301   -0.009306
     0.015753   -0.009936
     0.018325   -0.010525
     0.021023   -0.011082
     0.023853   -0.011614
     0.026824   -0.012127
     0.029949   -0.012625
     0.033239   -0.013113
     0.036710   -0.013594
     0.040378   -0.014073
     0.044262   -0.014552
     0.048386   -0.015036
     0.052774   -0.015528
     0.057455   -0.016032
     0.062462   -0.016553
     0.067834   -0.017095
     0.073613   -0.017665
     0.079848   -0.018268
     0.086591   -0.018912
     0.093902   -0.019605
     0.101842   -0.020357
     0.110476   -0.021177
     0.119864   -0.022078
     0.130063   -0.023072
     0.141112   -0.024171
     0.153031   -0.025385
     0.165812   -0.026724
     0.179419   -0.028195
     0.193785   -0.029798
     0.208823   -0.031533
     0.224435   -0.033394
     0.240521   -0.035374
     0.256986   -0.037461
     0.273749   -0.039644
     0.290743   -0.041911
     0.307913   -0.044249
     0.325215   -0.046647
     0.342616   -0.049089
     0.360089   -0.051564
     0.377611   -0.054057
     0.395161   -0.056553
     0.412720   -0.059037
     0.430274   -0.061495
     0.447816   -0.063909
     0.465336   -0.066265
     0.482832   -0.068547
     0.500298   -0.070738
     0.517732   -0.072822
     0.535132   -0.074782
     0.552495   -0.076599
     0.569819   -0.078255
     0.587103   -0.079733
     0.604343   -0.081012
     0.621537   -0.082073
     0.638683   -0.082897
     0.655775   -0.083463
     0.672812   -0.083752
     0.689786   -0.083744
     0.706695   -0.083417
     0.723530   -0.082753
     0.740286   -0.081733
     0.756956   -0.080337
     0.773530   -0.078548
     0.790001   -0.076349
     0.806360   -0.073725
     0.822596   -0.070661
     0.838700   -0.067146
     0.854662   -0.063170
     0.870472   -0.058723
     0.886120   -0.053799
     0.901597   -0.048394
     0.916895   -0.042506
     0.932007   -0.036132
     0.946928   -0.029275
     0.961655   -0.021935
     0.976189   -0.014112
     0.990533   -0.005809
     1.000000    0.000000
