     1.000000    0.000000
     0.990608    0.008103
     0.976275    0.019814
     0.961628    0.031008
     0.946661    0.041683
     0.931374    0.051836
     0.915769    0.061467
     0.899851    0.070576
     0.883627    0.079165
     0.867108    0.087240
     0.850305    0.094809
     0.833230    0.101883
     0.815897    0.108476
     0.798319    0.114604
     0.780513    0.120287
     0.762491    0.125546
     0.744270    0.130401
     0.725863    0.134878
     0.707284    0.138998
     0.688549    0.142787
     0.669670    0.146266
     0.650662    0.149458
     0.631537    0.152384
     0.612309    0.155065
     0.592989    0.157518
     0.573591    0.159758
     0.554126    0.161800
     0.534606    0.163656
     0.515043    0.165333
     0.495449    0.166839
     0.475836    0.168178
     0.456216    0.169349
     0.436602    0.170353
     0.417007    0.171184
     0.397446    0.171835
     0.377934    0.172296
     0.358490    0.172554
     0.339134    0.172592
     0.319889    0.172393
     0.300783    0.171935
     0.281850    0.171195
     0.263129    0.170147
     0.244666    0.168764
     0.226517    0.167020
     0.208745    0.164889
     0.191425    0.162349
     0.174637    0.159383
     0.158469    0.155980
     0.143010    0.152142
     0.128347    0.147880
     0.114556    0.143220
     0.101702    0.138199
     0.089829    0.132866
     0.078958    0.127279
     0.069089    0.121501
     0.060203    0.115596
     0.052259    0.109629
     0.045205    0.103657
     0.038978    0.097735
     0.033508    0.091907
     0.028724    0.086209
     0.024555    0.080670
     0.020932    0.075310
     0.017792    0.070143
     0.015076    0.065177
     0.012730    0.060413
     0.010708    0.055850
     0.008966    0.051486
     0.007468    0.047312
     0.006182    0.043323
     0.005081    0.039509
     0.004140    0.035863
     0.003339    0.032375
     0.002660    0.029036
     0.002088    0.025838
     0.001608    0.022772
     0.001210    0.019831
     0.000884    0.017008
     0.000620    0.014295
     0.000410    0.011687
     0.000250    0.009177
     0.000132    0.006760
     0.000054    0.004428
     0.000011    0.002177
     0.000002    0.001089
     0.000000    0.000000
     0.001653   -0.001015
     0.003394   -0.001881
     0.005231   -0.002761
     0.007154   -0.003625
     0.009159   -0.004485
     0.011247   -0.005350
     0.013426   -0.006217
     0.015699   -0.007089
     0.018074   -0.007967
     0.020557   -0.008853
     0.023156   -0.009747
     0.025880   -0.010649
     0.028738   -0.011562
     0.031742   -0.012484
     0.034904   -0.013417
     0.038238   -0.014361
     0.041759   -0.015315
     0.045485   -0.016280
     0.049435   -0.017255
     0.053632   -0.018238
     0.058102   -0.019230
     0.062871   -0.020227
     0.067972   -0.021227
     0.073440   -0.022226
     0.079314   -0.023220
     0.085638   -0.024201
     0.092458   -0.025160
     0.099823   -0.026088
     0.107786   -0.026970
     0.116397   -0.027789
     0.125704   -0.028525
     0.135746   -0.029155
     0.146552   -0.029653
     0.158132   -0.029992
     0.170479   -0.030145
     0.183561   -0.030088
     0.197328   -0.029801
     0.211716   -0.029270
     0.226650   -0.028489
     0.242052   -0.027458
     0.257848   -0.026183
     0.273970   -0.024676
     0.290360   -0.022954
     0.306969   -0.021035
     0.323757   -0.018940
     0.340692   -0.016690
     0.357750   -0.014308
     0.374909   -0.011817
     0.392151   -0.009240
     0.409459   -0.006601
     0.426816   -0.003924
     0.444201   -0.001233
     0.461592    0.001446
     0.478972    0.004091
     0.496331    0.006679
     0.513662    0.009190
     0.530963    0.011605
     0.548231    0.013906
     0.565467    0.016076
     0.582672    0.018098
     0.599847    0.019958
     0.616994    0.021641
     0.634115    0.023135
     0.651212    0.024427
     0.668287    0.025507
     0.685342    0.026364
     0.702378    0.026989
     0.719397    0.027377
     0.736401    0.027520
     0.753390    0.027414
     0.770368    0.027056
     0.787334    0.026445
     0.804291    0.025582
     0.821237    0.024470
     0.838175    0.023112
     0.855102    0.021516
     0.872017    0.019690
     0.888916    0.017648
     0.905792    0.015404
     0.922634    0.012976
     0.939424    0.010386
     0.956136    0.007663
     0.972733    0.004836
     0.989166    0.001945
     1.000000    0.000000
