     1.000000    0.000000
     0.989937    0.002620
     0.974532    0.007006
     0.958486    0.012017
     0.941548    0.017700
     0.923480    0.024121
     0.904050    0.031334
     0.883129    0.039339
     0.860858    0.048000
     0.837914    0.056939
     0.815219    0.065677
     0.793233    0.073942
     0.772075    0.081632
     0.751699    0.088734
     0.732001    0.095269
     0.712869    0.101272
     0.694196    0.106777
     0.675885    0.111815
     0.657853    0.116415
     0.640025    0.120599
     0.622338    0.124386
     0.604731    0.127792
     0.587149    0.130831
     0.569543    0.133513
     0.551865    0.135846
     0.534069    0.137837
     0.516111    0.139490
     0.497947    0.140808
     0.479537    0.141794
     0.460840    0.142449
     0.441818    0.142773
     0.422441    0.142765
     0.402681    0.142428
     0.382528    0.141762
     0.361989    0.140772
     0.341103    0.139466
     0.319951    0.137860
     0.298672    0.135978
     0.277474    0.133857
     0.256631    0.131545
     0.236458    0.129099
     0.217265    0.126582
     0.199305    0.124048
     0.182729    0.121541
     0.167584    0.119089
     0.153826    0.116704
     0.141357    0.114387
     0.130050    0.112133
     0.119772    0.109930
     0.110398    0.107769
     0.101813    0.105636
     0.093919    0.103519
     0.086628    0.101406
     0.079869    0.099288
     0.073580    0.097154
     0.067710    0.094993
     0.062215    0.092797
     0.057060    0.090557
     0.052215    0.088264
     0.047654    0.085911
     0.043358    0.083489
     0.039311    0.080991
     0.035500    0.078410
     0.031914    0.075741
     0.028546    0.072979
     0.025391    0.070120
     0.022444    0.067162
     0.019702    0.064102
     0.017163    0.060943
     0.014823    0.057684
     0.012678    0.054329
     0.010726    0.050881
     0.008962    0.047345
     0.007380    0.043726
     0.005974    0.040029
     0.004737    0.036259
     0.003661    0.032421
     0.002741    0.028522
     0.001969    0.024565
     0.001338    0.020557
     0.000837    0.016503
     0.000457    0.012412
     0.000190    0.008294
     0.000038    0.004155
     0.000004    0.002078
     0.000000    0.000000
     0.000036   -0.003701
     0.000189   -0.007395
     0.000452   -0.010978
     0.000820   -0.014488
     0.001298   -0.017922
     0.001894   -0.021277
     0.002614   -0.024553
     0.003466   -0.027749
     0.004453   -0.030861
     0.005582   -0.033888
     0.006856   -0.036825
     0.008281   -0.039669
     0.009862   -0.042414
     0.011599   -0.045057
     0.013495   -0.047591
     0.015550   -0.050013
     0.017762   -0.052321
     0.020131   -0.054512
     0.022654   -0.056586
     0.025329   -0.058545
     0.028156   -0.060390
     0.031133   -0.062125
     0.034263   -0.063754
     0.037548   -0.065282
     0.040993   -0.066713
     0.044605   -0.068053
     0.048393   -0.069307
     0.052368   -0.070479
     0.056545   -0.071573
     0.060940   -0.072593
     0.065576   -0.073543
     0.070477   -0.074425
     0.075671   -0.075242
     0.081195   -0.075995
     0.087089   -0.076686
     0.093404   -0.077316
     0.100197   -0.077885
     0.107541   -0.078391
     0.115519   -0.078834
     0.124233   -0.079211
     0.133805   -0.079519
     0.144378   -0.079753
     0.156116   -0.079907
     0.169200   -0.079976
     0.183815   -0.079952
     0.200125   -0.079828
     0.218228   -0.079598
     0.238103   -0.079258
     0.259577   -0.078806
     0.282333   -0.078240
     0.305966   -0.077560
     0.330072   -0.076762
     0.354313   -0.075840
     0.378450   -0.074784
     0.402337   -0.073584
     0.425899   -0.072228
     0.449116   -0.070706
     0.472004   -0.069007
     0.494602   -0.067119
     0.516963   -0.065033
     0.539153   -0.062738
     0.561243   -0.060223
     0.583316   -0.057477
     0.605458   -0.054489
     0.627763   -0.051246
     0.650328   -0.047739
     0.673249   -0.043961
     0.696603   -0.039912
     0.720409   -0.035615
     0.744562   -0.031127
     0.768712   -0.026570
     0.792185   -0.022145
     0.814410   -0.018030
     0.835192   -0.014318
     0.854564   -0.011041
     0.872660   -0.008200
     0.889646   -0.005779
     0.905689   -0.003761
     0.920949   -0.002128
     0.935576   -0.000867
     0.949714    0.000028
     0.963513    0.000556
     0.977127    0.000703
     0.990755    0.000433
     1.000000    0.000000
