     1.000000    0.000000
     0.992384    0.007617
     0.980795    0.018803
     0.969027    0.029681
     0.957101    0.040222
     0.945028    0.050411
     0.932817    0.060236
     0.920474    0.069690
     0.908003    0.078766
     0.895407    0.087464
     0.882686    0.095782
     0.869840    0.103720
     0.856867    0.111279
     0.843766    0.118459
     0.830534    0.125264
     0.817168    0.131694
     0.803665    0.137751
     0.790020    0.143436
     0.776231    0.148753
     0.762292    0.153701
     0.748201    0.158282
     0.733952    0.162497
     0.719543    0.166348
     0.704968    0.169834
     0.690225    0.172957
     0.675310    0.175716
     0.660219    0.178111
     0.644951    0.180143
     0.629502    0.181811
     0.613872    0.183115
     0.598059    0.184055
     0.582064    0.184630
     0.565886    0.184840
     0.549529    0.184686
     0.532993    0.184168
     0.516284    0.183285
     0.499405    0.182040
     0.482364    0.180433
     0.465168    0.178466
     0.447825    0.176143
     0.430347    0.173464
     0.412745    0.170436
     0.395035    0.167062
     0.377233    0.163347
     0.359359    0.159300
     0.341438    0.154929
     0.323496    0.150244
     0.305568    0.145258
     0.287695    0.139990
     0.269930    0.134459
     0.252334    0.128694
     0.234984    0.122730
     0.217971    0.116609
     0.201400    0.110386
     0.185388    0.104122
     0.170053    0.097887
     0.155507    0.091752
     0.141843    0.085784
     0.129120    0.080043
     0.117366    0.074570
     0.106571    0.069393
     0.096696    0.064522
     0.087683    0.059954
     0.079461    0.055677
     0.071955    0.051674
     0.065091    0.047923
     0.058802    0.044402
     0.053023    0.041089
     0.047698    0.037963
     0.042777    0.035004
     0.038218    0.032194
     0.033982    0.029517
     0.030037    0.026957
     0.026356    0.024501
     0.022914    0.022136
     0.019691    0.019849
     0.016670    0.017628
     0.013838    0.015461
     0.011186    0.013335
     0.008708    0.011235
     0.006401    0.009143
     0.004288    0.007034
     0.002396    0.004867
     0.000806    0.002572
     0.000281    0.001335
     0.000000    0.000000
     0.000056   -0.002526
     0.000244   -0.005038
     0.000573   -0.007588
     0.001050   -0.010158
     0.001684   -0.012737
     0.002487   -0.015316
     0.003467   -0.017883
     0.004628   -0.020432
     0.005974   -0.022954
     0.007507   -0.025442
     0.009226   -0.027889
     0.011133   -0.030293
     0.013226   -0.032649
     0.015505   -0.034958
     0.017972   -0.037219
     0.020626   -0.039435
     0.023472   -0.041606
     0.026514   -0.043737
     0.029758   -0.045830
     0.033213   -0.047890
     0.036890   -0.049922
     0.040801   -0.051928
     0.044962   -0.053913
     0.049392   -0.055883
     0.054113   -0.057840
     0.059148   -0.059789
     0.064528   -0.061734
     0.070283   -0.063679
     0.076451   -0.065628
     0.083073   -0.067582
     0.090194   -0.069545
     0.097864   -0.071518
     0.106135   -0.073501
     0.115063   -0.075494
     0.124700   -0.077492
     0.135098   -0.079489
     0.146297   -0.081477
     0.158328   -0.083443
     0.171198   -0.085370
     0.184898   -0.087240
     0.199390   -0.089030
     0.214615   -0.090719
     0.230496   -0.092282
     0.246946   -0.093700
     0.263871   -0.094953
     0.281182   -0.096025
     0.298799   -0.096904
     0.316649   -0.097580
     0.334674   -0.098044
     0.352826   -0.098290
     0.371069   -0.098316
     0.389374   -0.098116
     0.407722   -0.097689
     0.426101   -0.097032
     0.444503   -0.096144
     0.462927   -0.095023
     0.481372   -0.093669
     0.499846   -0.092080
     0.518357   -0.090255
     0.536914   -0.088194
     0.555534   -0.085895
     0.574232   -0.083358
     0.593027   -0.080582
     0.611942   -0.077568
     0.631000   -0.074316
     0.650228   -0.070825
     0.669653   -0.067100
     0.689302   -0.063143
     0.709201   -0.058963
     0.729364   -0.054573
     0.749790   -0.049994
     0.770446   -0.045260
     0.791241   -0.040427
     0.811997   -0.035578
     0.832452   -0.030819
     0.852408   -0.026242
     0.871758   -0.021914
     0.890458   -0.017881
     0.908500   -0.014174
     0.925906   -0.010814
     0.942711   -0.007815
     0.958962   -0.005184
     0.974708   -0.002925
     0.990007   -0.001046
     1.000000    0.000000
