     1.000000    0.000000
     0.988852    0.005342
     0.971907    0.013329
     0.954736    0.021260
     0.937386    0.029108
     0.919891    0.036854
     0.902277    0.044483
     0.884562    0.051983
     0.866761    0.059346
     0.848884    0.066564
     0.830938    0.073631
     0.812929    0.080539
     0.794861    0.087284
     0.776737    0.093859
     0.758561    0.100260
     0.740334    0.106479
     0.722058    0.112512
     0.703736    0.118351
     0.685368    0.123990
     0.666957    0.129422
     0.648504    0.134639
     0.630011    0.139635
     0.611480    0.144400
     0.592914    0.148928
     0.574315    0.153207
     0.555686    0.157231
     0.537030    0.160988
     0.518352    0.164468
     0.499655    0.167662
     0.480944    0.170558
     0.462225    0.173144
     0.443505    0.175409
     0.424792    0.177340
     0.406094    0.178923
     0.387422    0.180145
     0.368789    0.180992
     0.350208    0.181449
     0.331699    0.181501
     0.313280    0.181133
     0.294979    0.180329
     0.276824    0.179074
     0.258853    0.177356
     0.241109    0.175161
     0.223645    0.172483
     0.206522    0.169316
     0.189813    0.165665
     0.173597    0.161539
     0.157965    0.156962
     0.143008    0.151968
     0.128817    0.146606
     0.115474    0.140935
     0.103044    0.135024
     0.091570    0.128947
     0.081071    0.122779
     0.071539    0.116589
     0.062943    0.110437
     0.055233    0.104375
     0.048351    0.098442
     0.042229    0.092667
     0.036797    0.087070
     0.031989    0.081663
     0.027740    0.076453
     0.023989    0.071442
     0.020683    0.066629
     0.017772    0.062009
     0.015212    0.057579
     0.012964    0.053330
     0.010992    0.049257
     0.009266    0.045351
     0.007759    0.041605
     0.006446    0.038012
     0.005307    0.034563
     0.004321    0.031253
     0.003474    0.028073
     0.002749    0.025016
     0.002134    0.022077
     0.001618    0.019249
     0.001190    0.016527
     0.000840    0.013904
     0.000561    0.011377
     0.000345    0.008941
     0.000187    0.006591
     0.000080    0.004321
     0.000019    0.002125
     0.000005    0.001063
     0.000000    0.000000
     0.000625   -0.001863
     0.001786   -0.003459
     0.003207   -0.004974
     0.004758   -0.006437
     0.006441   -0.007873
     0.008241   -0.009298
     0.010146   -0.010725
     0.012158   -0.012162
     0.014281   -0.013615
     0.016518   -0.015091
     0.018877   -0.016593
     0.021362   -0.018129
     0.023984   -0.019701
     0.026753   -0.021316
     0.029680   -0.022978
     0.032779   -0.024692
     0.036066   -0.026465
     0.039558   -0.028301
     0.043275   -0.030208
     0.047241   -0.032192
     0.051481   -0.034260
     0.056025   -0.036420
     0.060907   -0.038680
     0.066165   -0.041049
     0.071842   -0.043535
     0.077984   -0.046147
     0.084643   -0.048892
     0.091875   -0.051776
     0.099737   -0.054803
     0.108284   -0.057972
     0.117570   -0.061277
     0.127635   -0.064707
     0.138509   -0.068239
     0.150196   -0.071843
     0.162681   -0.075481
     0.175921   -0.079109
     0.189855   -0.082677
     0.204405   -0.086138
     0.219487   -0.089447
     0.235017   -0.092566
     0.250916   -0.095461
     0.267115   -0.098109
     0.283555   -0.100489
     0.300186   -0.102589
     0.316969   -0.104399
     0.333873   -0.105913
     0.350872   -0.107128
     0.367946   -0.108044
     0.385078   -0.108660
     0.402257   -0.108979
     0.419472   -0.109004
     0.436714   -0.108739
     0.453977   -0.108189
     0.471255   -0.107357
     0.488544   -0.106252
     0.505839   -0.104879
     0.523139   -0.103245
     0.540439   -0.101358
     0.557740   -0.099225
     0.575039   -0.096857
     0.592336   -0.094261
     0.609631   -0.091448
     0.626924   -0.088428
     0.644216   -0.085211
     0.661508   -0.081808
     0.678801   -0.078231
     0.696097   -0.074493
     0.713399   -0.070606
     0.730708   -0.066584
     0.748026   -0.062440
     0.765354   -0.058191
     0.782693   -0.053851
     0.800043   -0.049439
     0.817401   -0.044972
     0.834762   -0.040471
     0.852114   -0.035958
     0.869445   -0.031456
     0.886738   -0.026992
     0.903980   -0.022588
     0.921161   -0.018270
     0.938264   -0.014063
     0.955275   -0.009992
     0.972170   -0.006083
     0.988923   -0.002364
     1.000000    0.000000
