     1.000000    0.000000
     0.992207    0.009275
     0.980625    0.022412
     0.969128    0.034743
     0.957667    0.046353
     0.946200    0.057314
     0.934696    0.067679
     0.923131    0.077489
     0.911481    0.086780
     0.899723    0.095581
     0.887835    0.103916
     0.875794    0.111809
     0.863579    0.119278
     0.851164    0.126341
     0.838525    0.133011
     0.825633    0.139302
     0.812460    0.145224
     0.798974    0.150786
     0.785139    0.155997
     0.770919    0.160861
     0.756272    0.165384
     0.741152    0.169568
     0.725510    0.173414
     0.709292    0.176921
     0.692438    0.180087
     0.674886    0.182908
     0.656569    0.185378
     0.637419    0.187489
     0.617367    0.189233
     0.596352    0.190601
     0.574321    0.191581
     0.551243    0.192165
     0.527122    0.192344
     0.502006    0.192115
     0.476007    0.191478
     0.449311    0.190442
     0.422182    0.189020
     0.394950    0.187237
     0.367985    0.185123
     0.341665    0.182713
     0.316325    0.180044
     0.292237    0.177156
     0.269582    0.174085
     0.248456    0.170866
     0.228879    0.167526
     0.210813    0.164092
     0.194179    0.160584
     0.178878    0.157016
     0.164799    0.153400
     0.151832    0.149744
     0.139871    0.146054
     0.128816    0.142332
     0.118578    0.138580
     0.109078    0.134798
     0.100245    0.130986
     0.092018    0.127140
     0.084343    0.123260
     0.077172    0.119344
     0.070465    0.115388
     0.064188    0.111390
     0.058311    0.107348
     0.052806    0.103260
     0.047652    0.099125
     0.042830    0.094940
     0.038324    0.090705
     0.034119    0.086421
     0.030203    0.082086
     0.026566    0.077702
     0.023199    0.073272
     0.020093    0.068797
     0.017241    0.064280
     0.014635    0.059727
     0.012270    0.055141
     0.010138    0.050527
     0.008234    0.045892
     0.006549    0.041243
     0.005078    0.036586
     0.003812    0.031929
     0.002744    0.027280
     0.001865    0.022646
     0.001169    0.018035
     0.000642    0.013457
     0.000277    0.008921
     0.000065    0.004435
     0.000014    0.002219
     0.000000    0.000000
     0.000049   -0.003601
     0.000217   -0.007193
     0.000505   -0.010770
     0.000911   -0.014333
     0.001440   -0.017875
     0.002099   -0.021393
     0.002891   -0.024881
     0.003819   -0.028336
     0.004888   -0.031755
     0.006099   -0.035134
     0.007454   -0.038469
     0.008957   -0.041757
     0.010608   -0.044994
     0.012410   -0.048178
     0.014365   -0.051306
     0.016472   -0.054375
     0.018734   -0.057384
     0.021152   -0.060330
     0.023727   -0.063214
     0.026460   -0.066033
     0.029354   -0.068788
     0.032410   -0.071478
     0.035633   -0.074103
     0.039026   -0.076665
     0.042593   -0.079163
     0.046339   -0.081598
     0.050273   -0.083971
     0.054400   -0.086283
     0.058731   -0.088534
     0.063275   -0.090725
     0.068044   -0.092856
     0.073053   -0.094927
     0.078315   -0.096939
     0.083849   -0.098889
     0.089673   -0.100778
     0.095809   -0.102603
     0.102281   -0.104363
     0.109116   -0.106052
     0.116343   -0.107669
     0.123994   -0.109206
     0.132104   -0.110658
     0.140712   -0.112018
     0.149856   -0.113275
     0.159581   -0.114418
     0.169929   -0.115435
     0.180946   -0.116310
     0.192675   -0.117028
     0.205157   -0.117569
     0.218430   -0.117913
     0.232523   -0.118040
     0.247460   -0.117927
     0.263253   -0.117554
     0.279905   -0.116899
     0.297408   -0.115945
     0.315746   -0.114674
     0.334893   -0.113074
     0.354822   -0.111133
     0.375504   -0.108843
     0.396911   -0.106198
     0.419020   -0.103196
     0.441817   -0.099833
     0.465296   -0.096107
     0.489465   -0.092019
     0.514341   -0.087567
     0.539955   -0.082752
     0.566349   -0.077574
     0.593561   -0.072040
     0.621611   -0.066169
     0.650448   -0.060001
     0.679854   -0.053628
     0.709294   -0.047222
     0.737990   -0.041017
     0.765486   -0.035169
     0.791616   -0.029759
     0.816365   -0.024823
     0.839790   -0.020370
     0.861976   -0.016394
     0.883015   -0.012883
     0.902999   -0.009820
     0.922013   -0.007186
     0.940135   -0.004962
     0.957435   -0.003128
     0.973974   -0.001664
     0.989804   -0.000555
     1.000000    0.000000
