     1.000000    0.000000
     0.991329    0.006860
     0.978205    0.016585
     0.964890    0.025693
     0.951355    0.034208
     0.937583    0.042153
     0.923560    0.049541
     0.909280    0.056385
     0.894741    0.062695
     0.879943    0.068485
     0.864890    0.073766
     0.849584    0.078553
     0.834033    0.082863
     0.818244    0.086715
     0.802223    0.090127
     0.785981    0.093122
     0.769525    0.095722
     0.752867    0.097950
     0.736015    0.099832
     0.718982    0.101390
     0.701777    0.102650
     0.684414    0.103635
     0.666903    0.104368
     0.649258    0.104872
     0.631490    0.105168
     0.613613    0.105275
     0.595638    0.105211
     0.577579    0.104992
     0.559448    0.104634
     0.541257    0.104148
     0.523020    0.103544
     0.504748    0.102832
     0.486453    0.102016
     0.468148    0.101102
     0.449845    0.100092
     0.431556    0.098987
     0.413294    0.097785
     0.395073    0.096484
     0.376908    0.095080
     0.358816    0.093567
     0.340817    0.091941
     0.322933    0.090194
     0.305193    0.088319
     0.287631    0.086312
     0.270291    0.084167
     0.253224    0.081882
     0.236494    0.079458
     0.220175    0.076901
     0.204354    0.074222
     0.189119    0.071438
     0.174564    0.068573
     0.160770    0.065656
     0.147804    0.062718
     0.135706    0.059789
     0.124492    0.056899
     0.114150    0.054069
     0.104644    0.051319
     0.095925    0.048659
     0.087933    0.046095
     0.080605    0.043630
     0.073876    0.041262
     0.067688    0.038989
     0.061983    0.036806
     0.056712    0.034708
     0.051830    0.032688
     0.047295    0.030741
     0.043074    0.028862
     0.039134    0.027043
     0.035449    0.025281
     0.031995    0.023570
     0.028752    0.021904
     0.025701    0.020280
     0.022827    0.018692
     0.020117    0.017136
     0.017558    0.015607
     0.015141    0.014101
     0.012860    0.012613
     0.010707    0.011136
     0.008678    0.009664
     0.006769    0.008189
     0.004991    0.006699
     0.003359    0.005178
     0.001874    0.003600
     0.000641    0.001911
     0.000239    0.000994
     0.000000    0.000000
     0.000170   -0.001946
     0.000711   -0.003793
     0.001645   -0.005583
     0.002930   -0.007215
     0.004510   -0.008659
     0.006318   -0.009929
     0.008313   -0.011045
     0.010467   -0.012031
     0.012764   -0.012905
     0.015198   -0.013685
     0.017765   -0.014384
     0.020469   -0.015011
     0.023314   -0.015576
     0.026307   -0.016083
     0.029458   -0.016538
     0.032779   -0.016945
     0.036284   -0.017305
     0.039989   -0.017620
     0.043913   -0.017892
     0.048079   -0.018120
     0.052510   -0.018305
     0.057237   -0.018445
     0.062291   -0.018537
     0.067712   -0.018581
     0.073541   -0.018571
     0.079826   -0.018504
     0.086620   -0.018375
     0.093981   -0.018178
     0.101971   -0.017905
     0.110655   -0.017549
     0.120095   -0.017103
     0.130347   -0.016558
     0.141451   -0.015908
     0.153430   -0.015147
     0.166278   -0.014274
     0.179958   -0.013289
     0.194407   -0.012198
     0.209537   -0.011008
     0.225252   -0.009731
     0.241449   -0.008378
     0.258035   -0.006961
     0.274925   -0.005493
     0.292049   -0.003983
     0.309351   -0.002442
     0.326785   -0.000878
     0.344315    0.000700
     0.361911    0.002287
     0.379549    0.003876
     0.397210    0.005460
     0.414880    0.007035
     0.432551    0.008594
     0.450214    0.010134
     0.467864    0.011648
     0.485497    0.013131
     0.503108    0.014578
     0.520696    0.015983
     0.538256    0.017341
     0.555786    0.018644
     0.573284    0.019886
     0.590747    0.021060
     0.608172    0.022157
     0.625556    0.023171
     0.642896    0.024092
     0.660189    0.024911
     0.677432    0.025619
     0.694621    0.026205
     0.711752    0.026660
     0.728823    0.026972
     0.745827    0.027131
     0.762762    0.027123
     0.779623    0.026938
     0.796405    0.026564
     0.813104    0.025986
     0.829714    0.025193
     0.846231    0.024172
     0.862649    0.022910
     0.878963    0.021393
     0.895167    0.019610
     0.911257    0.017546
     0.927226    0.015191
     0.943068    0.012533
     0.958779    0.009558
     0.974354    0.006257
     0.989786    0.002618
     1.000000    0.000000
