     1.000000    0.000000
     0.992204    0.010074
     0.980180    0.025065
     0.967835    0.039799
     0.955235    0.054161
     0.942422    0.068079
     0.929430    0.081503
     0.916284    0.094397
     0.903000    0.106742
     0.889587    0.118526
     0.876051    0.129744
     0.862394    0.140394
     0.848615    0.150479
     0.834710    0.160003
     0.820675    0.168972
     0.806503    0.177392
     0.792185    0.185270
     0.777713    0.192612
     0.763076    0.199426
     0.748262    0.205716
     0.733259    0.211488
     0.718054    0.216746
     0.702633    0.221496
     0.686981    0.225739
     0.671083    0.229478
     0.654925    0.232715
     0.638489    0.235450
     0.621760    0.237683
     0.604722    0.239415
     0.587361    0.240642
     0.569662    0.241365
     0.551613    0.241582
     0.533202    0.241290
     0.514422    0.240489
     0.495269    0.239178
     0.475745    0.237359
     0.455857    0.235035
     0.435618    0.232209
     0.415054    0.228891
     0.394201    0.225093
     0.373106    0.220829
     0.351836    0.216123
     0.330474    0.211001
     0.309122    0.205498
     0.287906    0.199657
     0.266970    0.193527
     0.246474    0.187167
     0.226590    0.180641
     0.207481    0.174017
     0.189300    0.167360
     0.172164    0.160735
     0.156156    0.154192
     0.141310    0.147773
     0.127626    0.141504
     0.115066    0.135402
     0.103573    0.129469
     0.093073    0.123703
     0.083488    0.118096
     0.074742    0.112634
     0.066759    0.107305
     0.059471    0.102095
     0.052817    0.096991
     0.046743    0.091980
     0.041201    0.087051
     0.036150    0.082197
     0.031553    0.077410
     0.027378    0.072684
     0.023599    0.068018
     0.020188    0.063409
     0.017125    0.058858
     0.014387    0.054367
     0.011955    0.049939
     0.009809    0.045577
     0.007931    0.041288
     0.006303    0.037074
     0.004906    0.032942
     0.003723    0.028897
     0.002736    0.024942
     0.001929    0.021080
     0.001286    0.017315
     0.000790    0.013649
     0.000425    0.010086
     0.000178    0.006626
     0.000040    0.003265
     0.000008    0.001633
     0.000000    0.000000
     0.000028   -0.002541
     0.000181   -0.005069
     0.000460   -0.007590
     0.000868   -0.010101
     0.001427   -0.012586
     0.002164   -0.015030
     0.003107   -0.017413
     0.004276   -0.019706
     0.005689   -0.021882
     0.007349   -0.023909
     0.009253   -0.025757
     0.011388   -0.027407
     0.013729   -0.028853
     0.016255   -0.030096
     0.018948   -0.031150
     0.021794   -0.032030
     0.024786   -0.032751
     0.027922   -0.033330
     0.031206   -0.033781
     0.034645   -0.034115
     0.038249   -0.034343
     0.042033   -0.034472
     0.046015   -0.034508
     0.050216   -0.034457
     0.054661   -0.034321
     0.059379   -0.034104
     0.064407   -0.033807
     0.069783   -0.033430
     0.075557   -0.032976
     0.081781   -0.032442
     0.088519   -0.031831
     0.095839   -0.031144
     0.103812   -0.030384
     0.112507   -0.029558
     0.121985   -0.028677
     0.132301   -0.027759
     0.143493   -0.026825
     0.155578   -0.025903
     0.168551   -0.025026
     0.182380   -0.024230
     0.197015   -0.023548
     0.212392   -0.023014
     0.228445   -0.022654
     0.245113   -0.022491
     0.262345   -0.022540
     0.280104   -0.022809
     0.298366   -0.023304
     0.317119   -0.024022
     0.336362   -0.024960
     0.356095   -0.026107
     0.376323   -0.027449
     0.397036   -0.028965
     0.418206   -0.030629
     0.439763   -0.032403
     0.461567   -0.034238
     0.483382   -0.036073
     0.504973   -0.037849
     0.526208   -0.039516
     0.547021   -0.041036
     0.567394   -0.042382
     0.587336   -0.043533
     0.606869   -0.044471
     0.626025   -0.045184
     0.644838   -0.045664
     0.663344   -0.045901
     0.681578   -0.045889
     0.699576   -0.045623
     0.717370   -0.045099
     0.734995   -0.044311
     0.752482   -0.043258
     0.769860   -0.041936
     0.787158   -0.040342
     0.804404   -0.038475
     0.821621   -0.036334
     0.838830   -0.033919
     0.856045   -0.031233
     0.873269   -0.028283
     0.890497   -0.025080
     0.907699   -0.021643
     0.924820   -0.018003
     0.941771   -0.014203
     0.958420   -0.010302
     0.974600   -0.006374
     0.990117   -0.002506
     1.000000    0.000000
