     1.000000    0.000000
     0.992560    0.004243
     0.980793    0.010873
     0.968370    0.017760
     0.955417    0.024809
     0.942055    0.031930
     0.928405    0.039037
     0.914574    0.046057
     0.900646    0.052931
     0.886686    0.059617
     0.872742    0.066084
     0.858844    0.072312
     0.845011    0.078287
     0.831256    0.084002
     0.817584    0.089454
     0.803994    0.094641
     0.790486    0.099565
     0.777055    0.104227
     0.763695    0.108630
     0.750401    0.112778
     0.737165    0.116672
     0.723980    0.120317
     0.710839    0.123715
     0.697734    0.126870
     0.684658    0.129783
     0.671604    0.132459
     0.658564    0.134898
     0.645531    0.137103
     0.632497    0.139076
     0.619457    0.140818
     0.606402    0.142331
     0.593326    0.143615
     0.580222    0.144671
     0.567084    0.145500
     0.553905    0.146102
     0.540678    0.146477
     0.527398    0.146624
     0.514058    0.146543
     0.500652    0.146234
     0.487175    0.145695
     0.473620    0.144926
     0.459982    0.143925
     0.446256    0.142692
     0.432436    0.141224
     0.418519    0.139520
     0.404500    0.137579
     0.390375    0.135399
     0.376142    0.132979
     0.361798    0.130319
     0.347343    0.127416
     0.332776    0.124272
     0.318101    0.120886
     0.303323    0.117260
     0.288449    0.113396
     0.273494    0.109300
     0.258476    0.104979
     0.243422    0.100444
     0.228369    0.095711
     0.213367    0.090800
     0.198479    0.085742
     0.183786    0.080573
     0.169382    0.075339
     0.155376    0.070096
     0.141879    0.064902
     0.128999    0.059819
     0.116827    0.054902
     0.105424    0.050197
     0.094823    0.045737
     0.085024    0.041541
     0.076001    0.037613
     0.067709    0.033948
     0.060094    0.030533
     0.053094    0.027351
     0.046651    0.024383
     0.040707    0.021608
     0.035208    0.019007
     0.030109    0.016562
     0.025366    0.014254
     0.020943    0.012067
     0.016807    0.009984
     0.012932    0.007989
     0.009297    0.006059
     0.005878    0.004178
     0.002707    0.002263
     0.001197    0.001294
     0.000000    0.000000
     0.000052   -0.004348
     0.000270   -0.008684
     0.000631   -0.012790
     0.001131   -0.016749
     0.001782   -0.020563
     0.002594   -0.024237
     0.003575   -0.027769
     0.004736   -0.031159
     0.006084   -0.034404
     0.007628   -0.037495
     0.009378   -0.040422
     0.011337   -0.043174
     0.013507   -0.045736
     0.015887   -0.048098
     0.018470   -0.050250
     0.021246   -0.052186
     0.024204   -0.053904
     0.027335   -0.055406
     0.030629   -0.056700
     0.034080   -0.057792
     0.037687   -0.058691
     0.041448   -0.059407
     0.045371   -0.059948
     0.049463   -0.060319
     0.053736   -0.060527
     0.058206   -0.060574
     0.062893   -0.060461
     0.067820   -0.060186
     0.073018   -0.059747
     0.078521   -0.059137
     0.084371   -0.058345
     0.090618   -0.057359
     0.097323   -0.056163
     0.104560   -0.054733
     0.112420   -0.053042
     0.121014   -0.051055
     0.130479   -0.048728
     0.140985   -0.046006
     0.152736   -0.042825
     0.165977   -0.039108
     0.180979   -0.034775
     0.197994   -0.029759
     0.217153   -0.024046
     0.238266   -0.017737
     0.260770   -0.011065
     0.284028   -0.004286
     0.307540    0.002396
     0.330994    0.008847
     0.354227    0.014993
     0.377167    0.020794
     0.399792    0.026233
     0.422101    0.031303
     0.444103    0.036000
     0.465811    0.040326
     0.487235    0.044279
     0.508382    0.047862
     0.529258    0.051076
     0.549865    0.053921
     0.570203    0.056399
     0.590271    0.058511
     0.610065    0.060258
     0.629583    0.061642
     0.648819    0.062665
     0.667769    0.063329
     0.686430    0.063637
     0.704800    0.063592
     0.722874    0.063196
     0.740654    0.062453
     0.758138    0.061367
     0.775329    0.059940
     0.792229    0.058176
     0.808844    0.056078
     0.825180    0.053649
     0.841244    0.050890
     0.857047    0.047803
     0.872599    0.044387
     0.887915    0.040641
     0.903010    0.036563
     0.917904    0.032146
     0.932619    0.027384
     0.947183    0.022262
     0.961632    0.016762
     0.976010    0.010859
     0.990378    0.004511
     1.000000    0.000000
