     1.000000    0.000000
     0.990146    0.006766
     0.975047    0.016894
     0.959627    0.026939
     0.943947    0.036835
     0.928051    0.046535
     0.911972    0.056000
     0.895735    0.065202
     0.879357    0.074117
     0.862849    0.082725
     0.846222    0.091011
     0.829481    0.098963
     0.812630    0.106568
     0.795673    0.113818
     0.778612    0.120704
     0.761451    0.127219
     0.744191    0.133356
     0.726835    0.139110
     0.709384    0.144476
     0.691842    0.149450
     0.674211    0.154029
     0.656494    0.158211
     0.638694    0.161994
     0.620814    0.165377
     0.602859    0.168360
     0.584833    0.170943
     0.566740    0.173128
     0.548585    0.174916
     0.530373    0.176309
     0.512111    0.177311
     0.493804    0.177925
     0.475460    0.178155
     0.457086    0.178004
     0.438691    0.177479
     0.420285    0.176585
     0.401879    0.175325
     0.383485    0.173708
     0.365119    0.171737
     0.346797    0.169422
     0.328542    0.166768
     0.310379    0.163785
     0.292340    0.160482
     0.274462    0.156870
     0.256793    0.152964
     0.239389    0.148782
     0.222318    0.144347
     0.205659    0.139685
     0.189499    0.134832
     0.173933    0.129827
     0.159055    0.124718
     0.144951    0.119552
     0.131691    0.114379
     0.119322    0.109245
     0.107866    0.104191
     0.097316    0.099248
     0.087646    0.094436
     0.078810    0.089770
     0.070754    0.085254
     0.063416    0.080889
     0.056735    0.076670
     0.050653    0.072590
     0.045114    0.068639
     0.040068    0.064809
     0.035471    0.061091
     0.031282    0.057475
     0.027467    0.053954
     0.023994    0.050518
     0.020839    0.047162
     0.017976    0.043880
     0.015386    0.040667
     0.013051    0.037520
     0.010954    0.034436
     0.009083    0.031412
     0.007424    0.028448
     0.005965    0.025544
     0.004694    0.022700
     0.003601    0.019917
     0.002675    0.017196
     0.001906    0.014539
     0.001282    0.011945
     0.000795    0.009419
     0.000433    0.006963
     0.000186    0.004577
     0.000045    0.002257
     0.000011    0.001130
     0.000000    0.000000
     0.000208   -0.002115
     0.000720   -0.004157
     0.001546   -0.006205
     0.002622   -0.008216
     0.003903   -0.010183
     0.005372   -0.012115
     0.007015   -0.014018
     0.008822   -0.015896
     0.010787   -0.017756
     0.012909   -0.019602
     0.015190   -0.021439
     0.017634   -0.023271
     0.020247   -0.025103
     0.023035   -0.026936
     0.026011   -0.028775
     0.029185   -0.030622
     0.032572   -0.032479
     0.036187   -0.034348
     0.040051   -0.036231
     0.044183   -0.038128
     0.048610   -0.040041
     0.053357   -0.041969
     0.058455   -0.043910
     0.063939   -0.045863
     0.069846   -0.047822
     0.076217   -0.049782
     0.083095   -0.051736
     0.090526   -0.053670
     0.098556   -0.055572
     0.107229   -0.057421
     0.116586   -0.059197
     0.126660   -0.060870
     0.137472   -0.062412
     0.149031   -0.063788
     0.161327   -0.064965
     0.174334   -0.065908
     0.188010   -0.066587
     0.202301   -0.066977
     0.217145   -0.067057
     0.232479   -0.066816
     0.248239   -0.066246
     0.264368   -0.065347
     0.280812   -0.064124
     0.297528   -0.062584
     0.314481   -0.060740
     0.331639   -0.058605
     0.348981   -0.056194
     0.366489   -0.053525
     0.384148   -0.050615
     0.401950   -0.047483
     0.419885   -0.044149
     0.437948   -0.040634
     0.456132   -0.036961
     0.474428   -0.033153
     0.492824   -0.029237
     0.511301   -0.025242
     0.529832   -0.021201
     0.548370   -0.017150
     0.566865   -0.013131
     0.585279   -0.009177
     0.603589   -0.005324
     0.621780   -0.001600
     0.639842    0.001967
     0.657770    0.005349
     0.675563    0.008523
     0.693218    0.011463
     0.710736    0.014149
     0.728117    0.016558
     0.745362    0.018670
     0.762473    0.020464
     0.779450    0.021923
     0.796295    0.023028
     0.813009    0.023763
     0.829594    0.024111
     0.846051    0.024057
     0.862385    0.023587
     0.878598    0.022688
     0.894695    0.021345
     0.910684    0.019548
     0.926574    0.017281
     0.942378    0.014531
     0.958114    0.011282
     0.973811    0.007513
     0.989504    0.003199
     1.000000    0.000000
