     1.000000    0.000000
     0.990683    0.006631
     0.976453    0.016359
     0.961923    0.025815
     0.947108    0.034985
     0.932018    0.043859
     0.916661    0.052431
     0.901042    0.060698
     0.885167    0.068658
     0.869041    0.076311
     0.852668    0.083656
     0.836052    0.090695
     0.819200    0.097428
     0.802118    0.103858
     0.784813    0.109986
     0.767293    0.115811
     0.749569    0.121337
     0.731650    0.126563
     0.713550    0.131490
     0.695282    0.136119
     0.676858    0.140449
     0.658297    0.144480
     0.639612    0.148211
     0.620823    0.151642
     0.601945    0.154770
     0.582998    0.157595
     0.564000    0.160113
     0.544969    0.162324
     0.525925    0.164224
     0.506887    0.165811
     0.487874    0.167082
     0.468905    0.168033
     0.450000    0.168662
     0.431178    0.168965
     0.412460    0.168939
     0.393865    0.168583
     0.375416    0.167892
     0.357135    0.166865
     0.339045    0.165502
     0.321173    0.163801
     0.303546    0.161764
     0.286196    0.159395
     0.269155    0.156697
     0.252463    0.153680
     0.236159    0.150354
     0.220288    0.146735
     0.204898    0.142843
     0.190039    0.138703
     0.175758    0.134345
     0.162104    0.129804
     0.149117    0.125116
     0.136830    0.120323
     0.125268    0.115464
     0.114439    0.110580
     0.104344    0.105705
     0.094967    0.100871
     0.086285    0.096104
     0.078266    0.091423
     0.070873    0.086843
     0.064065    0.082373
     0.057800    0.078020
     0.052038    0.073785
     0.046738    0.069668
     0.041864    0.065665
     0.037381    0.061774
     0.033257    0.057989
     0.029464    0.054305
     0.025978    0.050716
     0.022775    0.047217
     0.019836    0.043802
     0.017143    0.040466
     0.014680    0.037203
     0.012437    0.034008
     0.010400    0.030878
     0.008561    0.027807
     0.006913    0.024794
     0.005448    0.021834
     0.004163    0.018926
     0.003054    0.016068
     0.002118    0.013259
     0.001352    0.010498
     0.000758    0.007789
     0.000341    0.005138
     0.000092    0.002543
     0.000028    0.001274
     0.000000    0.000000
     0.000054   -0.002321
     0.000277   -0.004620
     0.000677   -0.006940
     0.001270   -0.009255
     0.002088   -0.011536
     0.003160   -0.013751
     0.004497   -0.015866
     0.006103   -0.017846
     0.007967   -0.019665
     0.010070   -0.021301
     0.012392   -0.022749
     0.014908   -0.024010
     0.017603   -0.025092
     0.020461   -0.026006
     0.023479   -0.026764
     0.026653   -0.027378
     0.029986   -0.027854
     0.033482   -0.028203
     0.037153   -0.028429
     0.041009   -0.028537
     0.045066   -0.028527
     0.049344   -0.028401
     0.053864   -0.028156
     0.058652   -0.027791
     0.063738   -0.027299
     0.069158   -0.026674
     0.074953   -0.025907
     0.081170   -0.024986
     0.087865   -0.023898
     0.095102   -0.022627
     0.102954   -0.021153
     0.111502   -0.019456
     0.120837   -0.017510
     0.131055   -0.015293
     0.142253   -0.012781
     0.154517   -0.009955
     0.167907   -0.006806
     0.182441   -0.003341
     0.198068    0.000410
     0.214650    0.004390
     0.231984    0.008523
     0.249866    0.012730
     0.268111    0.016940
     0.286574    0.021094
     0.305146    0.025144
     0.323754    0.029056
     0.342348    0.032803
     0.360900    0.036367
     0.379392    0.039733
     0.397814    0.042890
     0.416162    0.045830
     0.434437    0.048544
     0.452639    0.051029
     0.470770    0.053277
     0.488834    0.055286
     0.506835    0.057051
     0.524774    0.058569
     0.542656    0.059837
     0.560485    0.060851
     0.578263    0.061611
     0.595994    0.062112
     0.613679    0.062354
     0.631323    0.062335
     0.648929    0.062053
     0.666497    0.061507
     0.684032    0.060696
     0.701534    0.059620
     0.719006    0.058277
     0.736449    0.056669
     0.753865    0.054795
     0.771253    0.052656
     0.788613    0.050252
     0.805943    0.047587
     0.823238    0.044662
     0.840494    0.041481
     0.857699    0.038049
     0.874840    0.034373
     0.891896    0.030463
     0.908838    0.026332
     0.925626    0.021999
     0.942210    0.017486
     0.958520    0.012825
     0.974473    0.008056
     0.989971    0.003227
     1.000000    0.000000
