     1.000000    0.000000
     0.991473    0.008341
     0.978515    0.020315
     0.965323    0.031696
     0.951870    0.042498
     0.938137    0.052736
     0.924110    0.062417
     0.909782    0.071545
     0.895145    0.080126
     0.880197    0.088162
     0.864935    0.095661
     0.849361    0.102629
     0.833475    0.109076
     0.817281    0.115014
     0.800784    0.120457
     0.783988    0.125420
     0.766900    0.129922
     0.749529    0.133982
     0.731884    0.137622
     0.713974    0.140863
     0.695813    0.143728
     0.677413    0.146240
     0.658789    0.148424
     0.639957    0.150301
     0.620935    0.151894
     0.601740    0.153224
     0.582392    0.154310
     0.562912    0.155170
     0.543319    0.155819
     0.523636    0.156271
     0.503885    0.156536
     0.484087    0.156623
     0.464266    0.156537
     0.444444    0.156280
     0.424646    0.155852
     0.404896    0.155250
     0.385219    0.154469
     0.365643    0.153502
     0.346198    0.152340
     0.326916    0.150970
     0.307832    0.149380
     0.288987    0.147559
     0.270429    0.145493
     0.252209    0.143171
     0.234387    0.140584
     0.217030    0.137729
     0.200211    0.134604
     0.184006    0.131218
     0.168490    0.127585
     0.153737    0.123727
     0.139806    0.119675
     0.126744    0.115462
     0.114579    0.111127
     0.103318    0.106709
     0.092947    0.102245
     0.083438    0.097767
     0.074748    0.093303
     0.066829    0.088876
     0.059625    0.084504
     0.053081    0.080199
     0.047142    0.075971
     0.041757    0.071826
     0.036876    0.067768
     0.032457    0.063798
     0.028458    0.059918
     0.024843    0.056128
     0.021581    0.052428
     0.018641    0.048815
     0.015998    0.045290
     0.013628    0.041851
     0.011510    0.038497
     0.009625    0.035227
     0.007956    0.032041
     0.006486    0.028936
     0.005202    0.025913
     0.004089    0.022971
     0.003136    0.020110
     0.002331    0.017327
     0.001662    0.014622
     0.001120    0.011995
     0.000696    0.009446
     0.000381    0.006975
     0.000166    0.004580
     0.000042    0.002256
     0.000011    0.001129
     0.000000    0.000000
     0.000171   -0.002012
     0.000643   -0.003952
     0.001432   -0.005883
     0.002499   -0.007750
     0.003807   -0.009529
     0.005329   -0.011223
     0.007042   -0.012834
     0.008929   -0.014369
     0.010978   -0.015831
     0.013183   -0.017229
     0.015542   -0.018568
     0.018053   -0.019851
     0.020720   -0.021085
     0.023547   -0.022271
     0.026540   -0.023413
     0.029709   -0.024512
     0.033063   -0.025571
     0.036617   -0.026589
     0.040384   -0.027567
     0.044382   -0.028504
     0.048631   -0.029399
     0.053153   -0.030250
     0.057974   -0.031054
     0.063124   -0.031806
     0.068634   -0.032504
     0.074542   -0.033138
     0.080889   -0.033703
     0.087718   -0.034189
     0.095078   -0.034584
     0.103019   -0.034876
     0.111593   -0.035049
     0.120852   -0.035088
     0.130840   -0.034974
     0.141596   -0.034690
     0.153143   -0.034218
     0.165489   -0.033543
     0.178622   -0.032656
     0.192508   -0.031551
     0.207096   -0.030229
     0.222322   -0.028699
     0.238112   -0.026975
     0.254391   -0.025076
     0.271084   -0.023025
     0.288124   -0.020848
     0.305444   -0.018573
     0.322983   -0.016228
     0.340682   -0.013843
     0.358475   -0.011447
     0.376309   -0.009067
     0.394146   -0.006728
     0.411962   -0.004452
     0.429743   -0.002255
     0.447481   -0.000156
     0.465172    0.001834
     0.482817    0.003700
     0.500417    0.005432
     0.517977    0.007020
     0.535501    0.008457
     0.552993    0.009734
     0.570461    0.010846
     0.587911    0.011788
     0.605348    0.012557
     0.622782    0.013149
     0.640218    0.013564
     0.657664    0.013802
     0.675129    0.013863
     0.692621    0.013753
     0.710147    0.013474
     0.727716    0.013033
     0.745334    0.012439
     0.763007    0.011703
     0.780738    0.010839
     0.798527    0.009862
     0.816367    0.008793
     0.834240    0.007655
     0.852117    0.006478
     0.869945    0.005296
     0.887660    0.004144
     0.905210    0.003061
     0.922555    0.002085
     0.939664    0.001253
     0.956511    0.000602
     0.973075    0.000165
     0.989332   -0.000023
     1.000000    0.000000
