     1.000000    0.000000
     0.987983    0.002755
     0.969769    0.007318
     0.951297    0.012389
     0.932555    0.017942
     0.913535    0.023952
     0.894230    0.030390
     0.874636    0.037227
     0.854754    0.044428
     0.834588    0.051955
     0.814148    0.059765
     0.793458    0.067808
     0.772554    0.076027
     0.751503    0.084353
     0.730406    0.092699
     0.709368    0.100981
     0.688451    0.109135
     0.667687    0.117111
     0.647089    0.124871
     0.626660    0.132384
     0.606397    0.139624
     0.586297    0.146569
     0.566352    0.153198
     0.546559    0.159492
     0.526913    0.165434
     0.507412    0.171008
     0.488057    0.176198
     0.468848    0.180988
     0.449789    0.185364
     0.430887    0.189313
     0.412149    0.192820
     0.393586    0.195874
     0.375209    0.198462
     0.357035    0.200575
     0.339080    0.202201
     0.321364    0.203333
     0.303908    0.203965
     0.286738    0.204091
     0.269878    0.203707
     0.253357    0.202814
     0.237205    0.201414
     0.221453    0.199511
     0.206134    0.197113
     0.191279    0.194232
     0.176923    0.190884
     0.163095    0.187087
     0.149828    0.182865
     0.137147    0.178245
     0.125079    0.173258
     0.113645    0.167938
     0.102861    0.162323
     0.092739    0.156453
     0.083286    0.150372
     0.074502    0.144122
     0.066382    0.137749
     0.058915    0.131298
     0.052084    0.124811
     0.045867    0.118330
     0.040236    0.111893
     0.035161    0.105534
     0.030608    0.099285
     0.026541    0.093170
     0.022923    0.087210
     0.019717    0.081423
     0.016886    0.075820
     0.014395    0.070408
     0.012210    0.065193
     0.010299    0.060175
     0.008635    0.055354
     0.007189    0.050726
     0.005937    0.046286
     0.004858    0.042029
     0.003933    0.037948
     0.003142    0.034035
     0.002472    0.030283
     0.001909    0.026684
     0.001439    0.023230
     0.001052    0.019914
     0.000739    0.016729
     0.000491    0.013668
     0.000300    0.010726
     0.000160    0.007895
     0.000067    0.005168
     0.000015    0.002538
     0.000003    0.001269
     0.000000    0.000000
     0.000079   -0.002148
     0.000350   -0.004265
     0.000832   -0.006415
     0.001537   -0.008561
     0.002478   -0.010673
     0.003662   -0.012725
     0.005079   -0.014704
     0.006718   -0.016598
     0.008564   -0.018403
     0.010603   -0.020121
     0.012826   -0.021756
     0.015224   -0.023315
     0.017794   -0.024807
     0.020534   -0.026241
     0.023447   -0.027624
     0.026539   -0.028964
     0.029818   -0.030269
     0.033295   -0.031547
     0.036984   -0.032802
     0.040902   -0.034043
     0.045067   -0.035275
     0.049505   -0.036504
     0.054241   -0.037738
     0.059308   -0.038981
     0.064742   -0.040242
     0.070584   -0.041526
     0.076882   -0.042842
     0.083690   -0.044196
     0.091066   -0.045598
     0.099078   -0.047055
     0.107794   -0.048576
     0.117283   -0.050169
     0.127613   -0.051840
     0.138840   -0.053593
     0.150999   -0.055431
     0.164098   -0.057347
     0.178112   -0.059334
     0.192977   -0.061375
     0.208598   -0.063449
     0.224858   -0.065533
     0.241631   -0.067601
     0.258795   -0.069627
     0.276241   -0.071587
     0.293877   -0.073460
     0.311627   -0.075225
     0.329436   -0.076867
     0.347261   -0.078371
     0.365071   -0.079723
     0.382844   -0.080912
     0.400567   -0.081928
     0.418230   -0.082761
     0.435829   -0.083404
     0.453362   -0.083850
     0.470829   -0.084091
     0.488232   -0.084121
     0.505577   -0.083936
     0.522867   -0.083530
     0.540109   -0.082900
     0.557310   -0.082042
     0.574477   -0.080953
     0.591620   -0.079632
     0.608747   -0.078076
     0.625869   -0.076284
     0.642996   -0.074257
     0.660140   -0.071995
     0.677314   -0.069500
     0.694531   -0.066773
     0.711804   -0.063819
     0.729148   -0.060643
     0.746575   -0.057250
     0.764099   -0.053651
     0.781730   -0.049857
     0.799474   -0.045884
     0.817329   -0.041753
     0.835281   -0.037492
     0.853294   -0.033140
     0.871307   -0.028744
     0.889212   -0.024370
     0.906890   -0.020086
     0.924258   -0.015954
     0.941258   -0.012026
     0.957856   -0.008345
     0.974027   -0.004948
     0.989755   -0.001870
     1.000000    0.000000
