     1.000000    0.000000
     0.990845    0.004881
     0.975522    0.013148
     0.958021    0.022717
     0.938183    0.033665
     0.916230    0.045834
     0.893071    0.058645
     0.869790    0.071405
     0.847091    0.083650
     0.825276    0.095165
     0.804406    0.105890
     0.784437    0.115838
     0.765286    0.125052
     0.746862    0.133580
     0.729082    0.141472
     0.711872    0.148771
     0.695166    0.155519
     0.678909    0.161749
     0.663051    0.167491
     0.647551    0.172774
     0.632371    0.177620
     0.617479    0.182049
     0.602845    0.186082
     0.588445    0.189732
     0.574254    0.193015
     0.560251    0.195942
     0.546418    0.198526
     0.532738    0.200775
     0.519193    0.202698
     0.505771    0.204302
     0.492456    0.205594
     0.479238    0.206578
     0.466104    0.207259
     0.453044    0.207642
     0.440048    0.207728
     0.427108    0.207520
     0.414215    0.207020
     0.401362    0.206228
     0.388543    0.205147
     0.375751    0.203775
     0.362984    0.202113
     0.350236    0.200160
     0.337505    0.197916
     0.324790    0.195381
     0.312091    0.192554
     0.299411    0.189435
     0.286751    0.186025
     0.274120    0.182326
     0.261524    0.178340
     0.248975    0.174071
     0.236489    0.169525
     0.224083    0.164711
     0.211780    0.159641
     0.199608    0.154330
     0.187598    0.148798
     0.175785    0.143069
     0.164211    0.137172
     0.152917    0.131140
     0.141948    0.125012
     0.131348    0.118828
     0.121155    0.112631
     0.111406    0.106462
     0.102127    0.100361
     0.093337    0.094363
     0.085044    0.088497
     0.077248    0.082786
     0.069940    0.077246
     0.063104    0.071888
     0.056719    0.066714
     0.050763    0.061724
     0.045208    0.056912
     0.040029    0.052272
     0.035200    0.047792
     0.030698    0.043460
     0.026499    0.039263
     0.022585    0.035186
     0.018937    0.031213
     0.015543    0.027326
     0.012394    0.023507
     0.009486    0.019731
     0.006824    0.015971
     0.004433    0.012189
     0.002365    0.008329
     0.000744    0.004309
     0.000236    0.002186
     0.000000    0.000000
     0.000053   -0.004474
     0.000239   -0.008939
     0.000551   -0.013320
     0.000986   -0.017642
     0.001547   -0.021901
     0.002239   -0.026093
     0.003063   -0.030219
     0.004021   -0.034276
     0.005115   -0.038265
     0.006345   -0.042185
     0.007713   -0.046034
     0.009222   -0.049811
     0.010871   -0.053516
     0.012663   -0.057148
     0.014600   -0.060706
     0.016681   -0.064190
     0.018909   -0.067599
     0.021284   -0.070933
     0.023808   -0.074191
     0.026484   -0.077374
     0.029311   -0.080483
     0.032294   -0.083517
     0.035433   -0.086477
     0.038733   -0.089364
     0.042197   -0.092179
     0.045831   -0.094924
     0.049638   -0.097599
     0.053626   -0.100207
     0.057802   -0.102749
     0.062176   -0.105225
     0.066756   -0.107637
     0.071554   -0.109987
     0.076585   -0.112276
     0.081863   -0.114503
     0.087404   -0.116671
     0.093230   -0.118778
     0.099361   -0.120825
     0.105822   -0.122811
     0.112641   -0.124734
     0.119848   -0.126593
     0.127480   -0.128384
     0.135574   -0.130103
     0.144172   -0.131744
     0.153322   -0.133303
     0.163074   -0.134769
     0.173482   -0.136134
     0.184604   -0.137384
     0.196498   -0.138507
     0.209222   -0.139484
     0.222831   -0.140298
     0.237375   -0.140928
     0.252891   -0.141351
     0.269402   -0.141543
     0.286916   -0.141482
     0.305415   -0.141146
     0.324865   -0.140515
     0.345208   -0.139573
     0.366370   -0.138306
     0.388266   -0.136708
     0.410803   -0.134772
     0.433888   -0.132499
     0.457433   -0.129889
     0.481356   -0.126945
     0.505584   -0.123671
     0.530057   -0.120071
     0.554725   -0.116151
     0.579552   -0.111911
     0.604510   -0.107357
     0.629582   -0.102487
     0.654761   -0.097304
     0.680046   -0.091805
     0.705441   -0.085989
     0.730955   -0.079855
     0.756591   -0.073404
     0.782343   -0.066640
     0.808184   -0.059575
     0.834038   -0.052241
     0.859754   -0.044694
     0.885068   -0.037038
     0.909575   -0.029426
     0.932754   -0.022065
     0.954087   -0.015167
     0.973213   -0.008895
     0.990024   -0.003326
     1.000000    0.000000
