     1.000000    0.000000
     0.990558    0.005586
     0.975251    0.014622
     0.958781    0.024295
     0.941471    0.034360
     0.923656    0.044570
     0.905629    0.054707
     0.887595    0.064611
     0.869684    0.074178
     0.851965    0.083346
     0.834470    0.092083
     0.817205    0.100372
     0.800161    0.108211
     0.783324    0.115602
     0.766675    0.122550
     0.750193    0.129063
     0.733858    0.135148
     0.717650    0.140814
     0.701548    0.146070
     0.685536    0.150921
     0.669593    0.155376
     0.653704    0.159441
     0.637851    0.163120
     0.622020    0.166419
     0.606195    0.169343
     0.590362    0.171894
     0.574506    0.174076
     0.558616    0.175891
     0.542679    0.177342
     0.526682    0.178428
     0.510615    0.179153
     0.494467    0.179514
     0.478229    0.179514
     0.461893    0.179151
     0.445451    0.178426
     0.428900    0.177338
     0.412234    0.175887
     0.395455    0.174074
     0.378564    0.171898
     0.361569    0.169363
     0.344480    0.166472
     0.327318    0.163231
     0.310107    0.159647
     0.292884    0.155734
     0.275698    0.151508
     0.258612    0.146993
     0.241702    0.142219
     0.225062    0.137225
     0.208798    0.132059
     0.193027    0.126774
     0.177865    0.121433
     0.163419    0.116094
     0.149776    0.110818
     0.136995    0.105654
     0.125106    0.100640
     0.114106    0.095805
     0.103966    0.091162
     0.094642    0.086715
     0.086077    0.082462
     0.078209    0.078393
     0.070975    0.074494
     0.064316    0.070752
     0.058177    0.067152
     0.052508    0.063677
     0.047263    0.060313
     0.042404    0.057045
     0.037897    0.053860
     0.033712    0.050745
     0.029824    0.047688
     0.026213    0.044677
     0.022861    0.041703
     0.019753    0.038754
     0.016880    0.035822
     0.014232    0.032897
     0.011806    0.029973
     0.009597    0.027040
     0.007608    0.024095
     0.005839    0.021131
     0.004295    0.018148
     0.002982    0.015145
     0.001903    0.012122
     0.001065    0.009086
     0.000470    0.006050
     0.000117    0.003023
     0.000030    0.001515
     0.000000    0.000000
     0.000035   -0.002884
     0.000199   -0.005756
     0.000491   -0.008602
     0.000913   -0.011423
     0.001481   -0.014209
     0.002216   -0.016946
     0.003140   -0.019622
     0.004266   -0.022218
     0.005609   -0.024717
     0.007178   -0.027096
     0.008978   -0.029333
     0.011005   -0.031410
     0.013250   -0.033314
     0.015702   -0.035036
     0.018346   -0.036579
     0.021170   -0.037946
     0.024166   -0.039147
     0.027329   -0.040192
     0.030659   -0.041094
     0.034160   -0.041863
     0.037841   -0.042508
     0.041713   -0.043039
     0.045795   -0.043461
     0.050105   -0.043781
     0.054671   -0.044003
     0.059523   -0.044130
     0.064698   -0.044162
     0.070243   -0.044102
     0.076212   -0.043948
     0.082670   -0.043699
     0.089697   -0.043352
     0.097387   -0.042904
     0.105851   -0.042353
     0.115215   -0.041698
     0.125610   -0.040942
     0.137151   -0.040095
     0.149897   -0.039179
     0.163857   -0.038229
     0.178974   -0.037291
     0.195137   -0.036416
     0.212197   -0.035658
     0.230001   -0.035062
     0.248413   -0.034666
     0.267329   -0.034495
     0.286683   -0.034568
     0.306439   -0.034894
     0.326591   -0.035480
     0.347151   -0.036325
     0.368146   -0.037428
     0.389614   -0.038782
     0.411592   -0.040377
     0.434111   -0.042197
     0.457174   -0.044215
     0.480725   -0.046392
     0.504602   -0.048667
     0.528469   -0.050956
     0.551911   -0.053161
     0.574683   -0.055208
     0.596681   -0.057044
     0.617882   -0.058633
     0.638310   -0.059953
     0.658005   -0.060987
     0.677019   -0.061727
     0.695404   -0.062167
     0.713213   -0.062301
     0.730494   -0.062130
     0.747291   -0.061651
     0.763647   -0.060864
     0.779601   -0.059769
     0.795187   -0.058366
     0.810440   -0.056653
     0.825388   -0.054630
     0.840062   -0.052296
     0.854487   -0.049649
     0.868690   -0.046685
     0.882696   -0.043401
     0.896530   -0.039791
     0.910216   -0.035850
     0.923780   -0.031567
     0.937250   -0.026931
     0.950659   -0.021928
     0.964041   -0.016536
     0.977444   -0.010727
     0.990925   -0.004462
     1.000000    0.000000
