     1.000000    0.000000
     0.988748    0.002035
     0.971885    0.005556
     0.954919    0.009622
     0.937773    0.014191
     0.920391    0.019230
     0.902730    0.024703
     0.884766    0.030570
     0.866486    0.036786
     0.847898    0.043298
     0.829028    0.050044
     0.809933    0.056949
     0.790710    0.063921
     0.771486    0.070862
     0.752342    0.077694
     0.733321    0.084360
     0.714437    0.090817
     0.695692    0.097033
     0.677080    0.102985
     0.658588    0.108652
     0.640205    0.114020
     0.621915    0.119076
     0.603707    0.123809
     0.585568    0.128211
     0.567489    0.132273
     0.549458    0.135990
     0.531469    0.139354
     0.513515    0.142361
     0.495591    0.145007
     0.477694    0.147289
     0.459820    0.149202
     0.441970    0.150745
     0.424145    0.151916
     0.406348    0.152714
     0.388584    0.153137
     0.370863    0.153188
     0.353195    0.152865
     0.335595    0.152172
     0.318083    0.151111
     0.300683    0.149686
     0.283426    0.147905
     0.266351    0.145774
     0.249503    0.143307
     0.232938    0.140518
     0.216720    0.137427
     0.200920    0.134058
     0.185617    0.130442
     0.170889    0.126615
     0.156812    0.122614
     0.143452    0.118483
     0.130861    0.114264
     0.119073    0.109995
     0.108100    0.105713
     0.097935    0.101447
     0.088554    0.097221
     0.079924    0.093051
     0.071999    0.088949
     0.064731    0.084919
     0.058073    0.080966
     0.051975    0.077088
     0.046392    0.073285
     0.041284    0.069552
     0.036612    0.065887
     0.032342    0.062285
     0.028443    0.058744
     0.024889    0.055259
     0.021656    0.051830
     0.018722    0.048453
     0.016068    0.045128
     0.013676    0.041855
     0.011531    0.038634
     0.009619    0.035466
     0.007924    0.032354
     0.006433    0.029297
     0.005134    0.026301
     0.004013    0.023366
     0.003059    0.020495
     0.002258    0.017690
     0.001599    0.014952
     0.001070    0.012283
     0.000660    0.009686
     0.000356    0.007161
     0.000151    0.004707
     0.000035    0.002321
     0.000008    0.001162
     0.000000    0.000000
     0.000103   -0.002112
     0.000415   -0.004186
     0.000957   -0.006289
     0.001730   -0.008380
     0.002736   -0.010432
     0.003966   -0.012428
     0.005411   -0.014359
     0.007058   -0.016218
     0.008896   -0.018002
     0.010917   -0.019711
     0.013113   -0.021347
     0.015480   -0.022915
     0.018015   -0.024416
     0.020721   -0.025855
     0.023599   -0.027235
     0.026656   -0.028559
     0.029898   -0.029831
     0.033336   -0.031051
     0.036981   -0.032222
     0.040847   -0.033345
     0.044952   -0.034420
     0.049315   -0.035447
     0.053959   -0.036424
     0.058908   -0.037350
     0.064192   -0.038223
     0.069845   -0.039037
     0.075902   -0.039789
     0.082405   -0.040471
     0.089397   -0.041077
     0.096927   -0.041595
     0.105046   -0.042015
     0.113805   -0.042324
     0.123256   -0.042506
     0.133445   -0.042545
     0.144410   -0.042426
     0.156177   -0.042130
     0.168755   -0.041643
     0.182133   -0.040953
     0.196283   -0.040052
     0.211157   -0.038939
     0.226694   -0.037614
     0.242824   -0.036087
     0.259478   -0.034370
     0.276585   -0.032479
     0.294083   -0.030431
     0.311914   -0.028246
     0.330027   -0.025945
     0.348376   -0.023550
     0.366918   -0.021081
     0.385607   -0.018562
     0.404392   -0.016017
     0.423217   -0.013469
     0.442030   -0.010941
     0.460798   -0.008453
     0.479501   -0.006023
     0.498125   -0.003665
     0.516665   -0.001392
     0.535119    0.000782
     0.553485    0.002847
     0.571766    0.004794
     0.589965    0.006613
     0.608084    0.008295
     0.626127    0.009832
     0.644099    0.011217
     0.662003    0.012444
     0.679844    0.013506
     0.697624    0.014398
     0.715349    0.015113
     0.733023    0.015649
     0.750647    0.016000
     0.768225    0.016164
     0.785759    0.016137
     0.803251    0.015917
     0.820700    0.015504
     0.838103    0.014896
     0.855455    0.014094
     0.872747    0.013100
     0.889965    0.011918
     0.907086    0.010553
     0.924080    0.009015
     0.940901    0.007314
     0.957493    0.005466
     0.973780    0.003494
     0.989672    0.001422
     1.000000    0.000000
