     1.000000    0.000000
     0.993840    0.006270
     0.984813    0.015070
     0.975965    0.023278
     0.967233    0.030987
     0.958570    0.038260
     0.949940    0.045146
     0.941317    0.051679
     0.932680    0.057887
     0.924013    0.063791
     0.915299    0.069407
     0.906525    0.074750
     0.897678    0.079832
     0.888747    0.084661
     0.879718    0.089247
     0.870581    0.093597
     0.861324    0.097716
     0.851934    0.101609
     0.842401    0.105280
     0.832710    0.108733
     0.822848    0.111970
     0.812802    0.114993
     0.802556    0.117805
     0.792095    0.120404
     0.781401    0.122793
     0.770457    0.124970
     0.759244    0.126933
     0.747741    0.128683
     0.735926    0.130216
     0.723776    0.131530
     0.711268    0.132621
     0.698375    0.133486
     0.685070    0.134121
     0.671326    0.134521
     0.657115    0.134681
     0.642408    0.134595
     0.627176    0.134261
     0.611392    0.133672
     0.595032    0.132824
     0.578075    0.131716
     0.560504    0.130345
     0.542310    0.128712
     0.523492    0.126819
     0.504062    0.124672
     0.484044    0.122278
     0.463478    0.119650
     0.442418    0.116801
     0.420940    0.113750
     0.399134    0.110516
     0.377108    0.107122
     0.354987    0.103592
     0.332908    0.099951
     0.311016    0.096223
     0.289466    0.092435
     0.268412    0.088612
     0.248008    0.084779
     0.228397    0.080963
     0.209705    0.077189
     0.192033    0.073479
     0.175453    0.069854
     0.160002    0.066333
     0.145680    0.062926
     0.132461    0.059640
     0.120292    0.056479
     0.109104    0.053440
     0.098820    0.050518
     0.089361    0.047705
     0.080648    0.044992
     0.072606    0.042369
     0.065166    0.039826
     0.058266    0.037351
     0.051851    0.034933
     0.045872    0.032561
     0.040285    0.030223
     0.035054    0.027906
     0.030148    0.025598
     0.025538    0.023283
     0.021204    0.020943
     0.017130    0.018556
     0.013307    0.016093
     0.009738    0.013514
     0.006447    0.010756
     0.003511    0.007719
     0.001123    0.004218
     0.000326    0.002182
     0.000000    0.000000
     0.000050   -0.005022
     0.000273   -0.010035
     0.000630   -0.014627
     0.001115   -0.018979
     0.001738   -0.023112
     0.002508   -0.027044
     0.003432   -0.030788
     0.004521   -0.034353
     0.005784   -0.037745
     0.007233   -0.040960
     0.008881   -0.043994
     0.010737   -0.046836
     0.012809   -0.049473
     0.015099   -0.051892
     0.017602   -0.054079
     0.020310   -0.056025
     0.023211   -0.057728
     0.026290   -0.059190
     0.029538   -0.060421
     0.032945   -0.061432
     0.036509   -0.062237
     0.040231   -0.062850
     0.044119   -0.063283
     0.048184   -0.063546
     0.052443   -0.063648
     0.056916   -0.063595
     0.061632   -0.063390
     0.066623   -0.063034
     0.071929   -0.062527
     0.077601   -0.061863
     0.083697   -0.061036
     0.090292   -0.060036
     0.097474   -0.058851
     0.105351   -0.057466
     0.114053   -0.055862
     0.123723   -0.054026
     0.134502   -0.051948
     0.146475   -0.049642
     0.159654   -0.047148
     0.173972   -0.044533
     0.189291   -0.041881
     0.205436   -0.039283
     0.222223   -0.036824
     0.239504   -0.034570
     0.257168   -0.032569
     0.275153   -0.030855
     0.293433   -0.029448
     0.312012   -0.028360
     0.330919   -0.027599
     0.350197   -0.027171
     0.369909   -0.027078
     0.390128   -0.027323
     0.410942   -0.027908
     0.432451   -0.028834
     0.454762   -0.030099
     0.477983   -0.031696
     0.502196   -0.033605
     0.527393   -0.035787
     0.553359   -0.038159
     0.579497   -0.040582
     0.604960   -0.042883
     0.629282   -0.044942
     0.652345   -0.046691
     0.674193   -0.048100
     0.694933   -0.049156
     0.714688   -0.049857
     0.733574   -0.050207
     0.751697   -0.050210
     0.769152   -0.049871
     0.786020   -0.049196
     0.802371   -0.048188
     0.818269   -0.046850
     0.833769   -0.045185
     0.848922   -0.043194
     0.863772   -0.040876
     0.878361   -0.038228
     0.892729   -0.035247
     0.906915   -0.031927
     0.920955   -0.028260
     0.934889   -0.024232
     0.948760   -0.019829
     0.962617   -0.015029
     0.976517   -0.009799
     0.990535   -0.004098
     1.000000    0.000000
