     1.000000    0.000000
     0.992991    0.001917
     0.982195    0.004752
     0.971064    0.007530
     0.959617    0.010238
     0.947872    0.012865
     0.935841    0.015402
     0.923539    0.017842
     0.910975    0.020180
     0.898159    0.022410
     0.885097    0.024529
     0.871794    0.026534
     0.858254    0.028423
     0.844480    0.030195
     0.830474    0.031850
     0.816238    0.033386
     0.801772    0.034805
     0.787077    0.036107
     0.772154    0.037292
     0.757003    0.038361
     0.741626    0.039317
     0.726024    0.040161
     0.710198    0.040895
     0.694152    0.041520
     0.677887    0.042039
     0.661409    0.042455
     0.644720    0.042770
     0.627827    0.042987
     0.610735    0.043109
     0.593452    0.043138
     0.575984    0.043079
     0.558341    0.042935
     0.540531    0.042707
     0.522566    0.042401
     0.504456    0.042019
     0.486214    0.041565
     0.467852    0.041041
     0.449386    0.040450
     0.430832    0.039797
     0.412209    0.039083
     0.393536    0.038311
     0.374838    0.037485
     0.356143    0.036606
     0.337485    0.035678
     0.318906    0.034704
     0.300454    0.033687
     0.282193    0.032632
     0.264197    0.031542
     0.246555    0.030426
     0.229370    0.029289
     0.212754    0.028141
     0.196822    0.026992
     0.181680    0.025853
     0.167416    0.024733
     0.154087    0.023642
     0.141719    0.022587
     0.130304    0.021573
     0.119804    0.020602
     0.110166    0.019674
     0.101321    0.018790
     0.093198    0.017945
     0.085726    0.017138
     0.078836    0.016366
     0.072466    0.015624
     0.066561    0.014910
     0.061069    0.014220
     0.055947    0.013551
     0.051156    0.012901
     0.046661    0.012266
     0.042434    0.011644
     0.038447    0.011032
     0.034678    0.010427
     0.031107    0.009827
     0.027716    0.009229
     0.024490    0.008630
     0.021416    0.008025
     0.018481    0.007411
     0.015674    0.006783
     0.012988    0.006132
     0.010417    0.005451
     0.007952    0.004723
     0.005594    0.003926
     0.003378    0.003007
     0.001292    0.001858
     0.000460    0.001071
     0.000000    0.000000
     0.000036   -0.003074
     0.000191   -0.006138
     0.000461   -0.009153
     0.000843   -0.012131
     0.001346   -0.015066
     0.001981   -0.017950
     0.002758   -0.020777
     0.003686   -0.023540
     0.004772   -0.026231
     0.006021   -0.028842
     0.007439   -0.031362
     0.009030   -0.033781
     0.010795   -0.036090
     0.012733   -0.038281
     0.014841   -0.040346
     0.017115   -0.042281
     0.019549   -0.044082
     0.022140   -0.045751
     0.024882   -0.047288
     0.027772   -0.048696
     0.030810   -0.049980
     0.033996   -0.051144
     0.037334   -0.052192
     0.040827   -0.053128
     0.044484   -0.053958
     0.048315   -0.054683
     0.052331   -0.055306
     0.056549   -0.055829
     0.060987   -0.056253
     0.065666   -0.056576
     0.070612   -0.056798
     0.075856   -0.056916
     0.081433   -0.056924
     0.087387   -0.056819
     0.093767   -0.056590
     0.100632   -0.056229
     0.108055   -0.055723
     0.116120   -0.055057
     0.124927   -0.054211
     0.134595   -0.053163
     0.145263   -0.051885
     0.157092   -0.050348
     0.170255   -0.048518
     0.184937   -0.046362
     0.201301   -0.043853
     0.219460   -0.040978
     0.239422   -0.037747
     0.261028   -0.034210
     0.283898   -0.030460
     0.307536   -0.026610
     0.331542   -0.022756
     0.355657   -0.018965
     0.379736   -0.015277
     0.403703   -0.011716
     0.427524   -0.008298
     0.451183   -0.005033
     0.474672   -0.001927
     0.497984    0.001014
     0.521110    0.003785
     0.544038    0.006379
     0.566753    0.008791
     0.589236    0.011015
     0.611465    0.013045
     0.633416    0.014872
     0.655064    0.016491
     0.676384    0.017895
     0.697351    0.019077
     0.717943    0.020032
     0.738140    0.020754
     0.757925    0.021239
     0.777283    0.021483
     0.796206    0.021483
     0.814688    0.021236
     0.832726    0.020742
     0.850324    0.020000
     0.867487    0.019009
     0.884222    0.017770
     0.900543    0.016282
     0.916463    0.014547
     0.931999    0.012563
     0.947167    0.010332
     0.961990    0.007851
     0.976488    0.005120
     0.990682    0.002134
     1.000000    0.000000
