     1.000000    0.000000
     0.991833    0.009708
     0.979282    0.023845
     0.966355    0.037485
     0.953039    0.050602
     0.939323    0.063177
     0.925201    0.075187
     0.910672    0.086611
     0.895735    0.097430
     0.880397    0.107626
     0.864665    0.117189
     0.848551    0.126111
     0.832069    0.134389
     0.815236    0.142029
     0.798071    0.149038
     0.780593    0.155434
     0.762824    0.161236
     0.744784    0.166469
     0.726494    0.171161
     0.707974    0.175343
     0.689246    0.179048
     0.670327    0.182307
     0.651237    0.185156
     0.631995    0.187624
     0.612617    0.189744
     0.593120    0.191544
     0.573521    0.193050
     0.553837    0.194285
     0.534081    0.195268
     0.514271    0.196017
     0.494420    0.196543
     0.474545    0.196856
     0.454660    0.196962
     0.434781    0.196861
     0.414924    0.196552
     0.395106    0.196028
     0.375346    0.195280
     0.355663    0.194296
     0.336080    0.193058
     0.316623    0.191549
     0.297322    0.189746
     0.278211    0.187626
     0.259332    0.185164
     0.240734    0.182335
     0.222475    0.179116
     0.204622    0.175487
     0.187253    0.171434
     0.170455    0.166950
     0.154321    0.162042
     0.138947    0.156730
     0.124426    0.151047
     0.110837    0.145045
     0.098245    0.138786
     0.086687    0.132343
     0.076174    0.125791
     0.066693    0.119203
     0.058203    0.112647
     0.050647    0.106182
     0.043957    0.099853
     0.038057    0.093697
     0.032871    0.087739
     0.028322    0.081995
     0.024340    0.076476
     0.020860    0.071183
     0.017822    0.066116
     0.015172    0.061271
     0.012864    0.056640
     0.010856    0.052216
     0.009111    0.047989
     0.007598    0.043950
     0.006289    0.040089
     0.005160    0.036396
     0.004189    0.032862
     0.003358    0.029479
     0.002650    0.026237
     0.002053    0.023127
     0.001553    0.020143
     0.001139    0.017276
     0.000803    0.014521
     0.000536    0.011872
     0.000329    0.009323
     0.000178    0.006867
     0.000076    0.004498
     0.000018    0.002211
     0.000004    0.001106
     0.000000    0.000000
     0.000433   -0.001880
     0.001409   -0.003531
     0.002757   -0.005043
     0.004303   -0.006427
     0.006012   -0.007722
     0.007863   -0.008952
     0.009836   -0.010132
     0.011928   -0.011274
     0.014138   -0.012388
     0.016468   -0.013478
     0.018921   -0.014551
     0.021503   -0.015611
     0.024220   -0.016662
     0.027081   -0.017706
     0.030097   -0.018747
     0.033278   -0.019786
     0.036638   -0.020825
     0.040193   -0.021866
     0.043958   -0.022911
     0.047955   -0.023961
     0.052205   -0.025017
     0.056733   -0.026080
     0.061569   -0.027150
     0.066744   -0.028228
     0.072296   -0.029312
     0.078263   -0.030402
     0.084691   -0.031495
     0.091629   -0.032589
     0.099128   -0.033679
     0.107241   -0.034758
     0.116024   -0.035819
     0.125525   -0.036850
     0.135786   -0.037840
     0.146837   -0.038774
     0.158690   -0.039635
     0.171332   -0.040408
     0.184730   -0.041076
     0.198830   -0.041627
     0.213559   -0.042050
     0.228838   -0.042341
     0.244583   -0.042496
     0.260714   -0.042520
     0.277160   -0.042416
     0.293861   -0.042193
     0.310763   -0.041860
     0.327827   -0.041427
     0.345020   -0.040906
     0.362315   -0.040307
     0.379694   -0.039640
     0.397140   -0.038916
     0.414641   -0.038145
     0.432188   -0.037336
     0.449772   -0.036497
     0.467387   -0.035639
     0.485025   -0.034767
     0.502682   -0.033888
     0.520349   -0.033009
     0.538022   -0.032136
     0.555698   -0.031272
     0.573375   -0.030420
     0.591052   -0.029584
     0.608729   -0.028764
     0.626406   -0.027962
     0.644083   -0.027175
     0.661758   -0.026402
     0.679430   -0.025640
     0.697095   -0.024884
     0.714747   -0.024129
     0.732376   -0.023367
     0.749977   -0.022590
     0.767541   -0.021788
     0.785063   -0.020948
     0.802534   -0.020059
     0.819948   -0.019105
     0.837299   -0.018071
     0.854578   -0.016938
     0.871779   -0.015689
     0.888892   -0.014304
     0.905909   -0.012761
     0.922821   -0.011040
     0.939616   -0.009119
     0.956284   -0.006974
     0.972810   -0.004585
     0.989178   -0.001928
     1.000000    0.000000
