     1.000000    0.000000
     0.991842    0.005393
     0.979572    0.013179
     0.967237    0.020625
     0.954820    0.027746
     0.942304    0.034553
     0.929676    0.041057
     0.916922    0.047266
     0.904028    0.053188
     0.890981    0.058827
     0.877767    0.064191
     0.864372    0.069282
     0.850783    0.074105
     0.836985    0.078664
     0.822961    0.082959
     0.808697    0.086995
     0.794176    0.090772
     0.779380    0.094292
     0.764291    0.097554
     0.748890    0.100560
     0.733159    0.103310
     0.717077    0.105803
     0.700623    0.108038
     0.683778    0.110014
     0.666520    0.111731
     0.648829    0.113187
     0.630685    0.114382
     0.612070    0.115315
     0.592967    0.115984
     0.573363    0.116392
     0.553246    0.116537
     0.532612    0.116423
     0.511463    0.116052
     0.489811    0.115428
     0.467676    0.114558
     0.445097    0.113449
     0.422129    0.112112
     0.398849    0.110559
     0.375363    0.108805
     0.351806    0.106868
     0.328351    0.104770
     0.305201    0.102536
     0.282587    0.100192
     0.260755    0.097772
     0.239938    0.095305
     0.220335    0.092823
     0.202084    0.090354
     0.185253    0.087918
     0.169843    0.085532
     0.155796    0.083205
     0.143019    0.080938
     0.131400    0.078731
     0.120819    0.076580
     0.111161    0.074480
     0.102318    0.072423
     0.094196    0.070403
     0.086709    0.068412
     0.079784    0.066444
     0.073359    0.064492
     0.067377    0.062548
     0.061793    0.060608
     0.056568    0.058663
     0.051666    0.056709
     0.047059    0.054739
     0.042723    0.052747
     0.038636    0.050727
     0.034781    0.048673
     0.031145    0.046578
     0.027715    0.044435
     0.024484    0.042240
     0.021445    0.039984
     0.018595    0.037661
     0.015932    0.035266
     0.013456    0.032792
     0.011172    0.030235
     0.009083    0.027590
     0.007196    0.024855
     0.005517    0.022030
     0.004053    0.019115
     0.002810    0.016114
     0.001793    0.013031
     0.001006    0.009871
     0.000443    0.006645
     0.000106    0.003358
     0.000023    0.001682
     0.000000    0.000000
     0.000046   -0.003422
     0.000218   -0.006834
     0.000513   -0.010197
     0.000930   -0.013522
     0.001475   -0.016802
     0.002156   -0.020033
     0.002980   -0.023207
     0.003952   -0.026321
     0.005076   -0.029369
     0.006357   -0.032345
     0.007797   -0.035242
     0.009401   -0.038054
     0.011169   -0.040774
     0.013102   -0.043397
     0.015200   -0.045917
     0.017461   -0.048331
     0.019885   -0.050634
     0.022470   -0.052824
     0.025213   -0.054900
     0.028113   -0.056861
     0.031170   -0.058709
     0.034384   -0.060444
     0.037758   -0.062067
     0.041293   -0.063582
     0.044996   -0.064990
     0.048872   -0.066292
     0.052930   -0.067489
     0.057180   -0.068585
     0.061635   -0.069577
     0.066310   -0.070467
     0.071222   -0.071254
     0.076394   -0.071935
     0.081848   -0.072508
     0.087613   -0.072968
     0.093721   -0.073311
     0.100212   -0.073529
     0.107128   -0.073613
     0.114522   -0.073553
     0.122453   -0.073334
     0.130989   -0.072941
     0.140211   -0.072353
     0.150211   -0.071548
     0.161092   -0.070498
     0.172973   -0.069172
     0.185984   -0.067533
     0.200263   -0.065544
     0.215951   -0.063165
     0.233185   -0.060358
     0.252078   -0.057093
     0.272706   -0.053353
     0.295079   -0.049144
     0.319108   -0.044503
     0.344555   -0.039510
     0.370947   -0.034304
     0.397604   -0.029072
     0.424040   -0.023957
     0.450011   -0.019046
     0.475421   -0.014387
     0.500252   -0.010005
     0.524517   -0.005916
     0.548245   -0.002126
     0.571468    0.001360
     0.594218    0.004540
     0.616521    0.007413
     0.638405    0.009977
     0.659891    0.012232
     0.680998    0.014178
     0.701744    0.015817
     0.722144    0.017147
     0.742212    0.018172
     0.761957    0.018890
     0.781391    0.019305
     0.800521    0.019417
     0.819353    0.019228
     0.837890    0.018742
     0.856133    0.017961
     0.874080    0.016890
     0.891725    0.015533
     0.909054    0.013898
     0.926050    0.011993
     0.942688    0.009831
     0.958934    0.007427
     0.974747    0.004800
     0.990074    0.001977
     1.000000    0.000000
