     1.000000    0.000000
     0.990985    0.007750
     0.977168    0.019275
     0.963035    0.030634
     0.948627    0.041772
     0.933976    0.052649
     0.919105    0.063233
     0.904033    0.073500
     0.888775    0.083431
     0.873341    0.093010
     0.857741    0.102223
     0.841982    0.111059
     0.826071    0.119510
     0.810014    0.127566
     0.793815    0.135221
     0.777481    0.142468
     0.761016    0.149301
     0.744425    0.155715
     0.727713    0.161705
     0.710885    0.167268
     0.693947    0.172400
     0.676902    0.177097
     0.659759    0.181357
     0.642520    0.185179
     0.625194    0.188561
     0.607786    0.191500
     0.590302    0.193998
     0.572748    0.196054
     0.555133    0.197667
     0.537463    0.198840
     0.519745    0.199573
     0.501988    0.199868
     0.484199    0.199726
     0.466387    0.199152
     0.448563    0.198147
     0.430734    0.196715
     0.412913    0.194861
     0.395111    0.192588
     0.377341    0.189903
     0.359618    0.186811
     0.341959    0.183320
     0.324382    0.179438
     0.306912    0.175174
     0.289576    0.170543
     0.272408    0.165559
     0.255448    0.160243
     0.238746    0.154619
     0.222361    0.148719
     0.206363    0.142584
     0.190831    0.136263
     0.175851    0.129812
     0.161512    0.123299
     0.147899    0.116793
     0.135083    0.110364
     0.123113    0.104077
     0.112016    0.097986
     0.101788    0.092133
     0.092405    0.086543
     0.083824    0.081230
     0.075988    0.076195
     0.068836    0.071430
     0.062304    0.066923
     0.056333    0.062658
     0.050865    0.058616
     0.045848    0.054780
     0.041237    0.051131
     0.036989    0.047651
     0.033070    0.044326
     0.029448    0.041139
     0.026095    0.038077
     0.022989    0.035127
     0.020109    0.032277
     0.017440    0.029515
     0.014966    0.026832
     0.012678    0.024218
     0.010566    0.021664
     0.008626    0.019160
     0.006853    0.016698
     0.005250    0.014269
     0.003823    0.011865
     0.002579    0.009477
     0.001532    0.007095
     0.000722    0.004720
     0.000210    0.002355
     0.000070    0.001185
     0.000000    0.000000
     0.000185   -0.002306
     0.000635   -0.004558
     0.001367   -0.006851
     0.002337   -0.009145
     0.003504   -0.011435
     0.004858   -0.013725
     0.006387   -0.016022
     0.008086   -0.018332
     0.009950   -0.020660
     0.011981   -0.023012
     0.014182   -0.025395
     0.016559   -0.027815
     0.019118   -0.030278
     0.021872   -0.032790
     0.024831   -0.035358
     0.028011   -0.037988
     0.031430   -0.040687
     0.035107   -0.043461
     0.039065   -0.046317
     0.043331   -0.049262
     0.047934   -0.052303
     0.052907   -0.055444
     0.058287   -0.058692
     0.064114   -0.062049
     0.070431   -0.065518
     0.077282   -0.069097
     0.084715   -0.072782
     0.092773   -0.076561
     0.101497   -0.080418
     0.110921   -0.084329
     0.121066   -0.088262
     0.131940   -0.092177
     0.143535   -0.096028
     0.155825   -0.099764
     0.168768   -0.103331
     0.182313   -0.106677
     0.196399   -0.109755
     0.210963   -0.112520
     0.225942   -0.114939
     0.241279   -0.116981
     0.256922   -0.118625
     0.272829   -0.119855
     0.288960   -0.120660
     0.305286   -0.121033
     0.321783   -0.120972
     0.338432   -0.120475
     0.355217   -0.119546
     0.372129   -0.118186
     0.389161   -0.116403
     0.406307   -0.114202
     0.423567   -0.111592
     0.440941   -0.108580
     0.458432   -0.105178
     0.476045   -0.101398
     0.493784   -0.097250
     0.511658   -0.092751
     0.529674   -0.087916
     0.547842   -0.082765
     0.566167   -0.077319
     0.584655   -0.071605
     0.603301   -0.065655
     0.622092   -0.059512
     0.640993   -0.053228
     0.659943   -0.046872
     0.678832   -0.040531
     0.697550   -0.034298
     0.716018   -0.028253
     0.734189   -0.022462
     0.752038   -0.016983
     0.769552   -0.011865
     0.786730   -0.007150
     0.803578   -0.002875
     0.820107    0.000929
     0.836333    0.004231
     0.852275    0.007006
     0.867958    0.009228
     0.883409    0.010871
     0.898662    0.011911
     0.913757    0.012316
     0.928743    0.012052
     0.943682    0.011075
     0.958660    0.009323
     0.973802    0.006708
     0.989297    0.003090
     1.000000    0.000000
