     1.000000    0.000000
     0.993343    0.006117
     0.983493    0.014799
     0.973735    0.022988
     0.964016    0.030754
     0.954292    0.038148
     0.944532    0.045205
     0.934709    0.051956
     0.924803    0.058421
     0.914793    0.064618
     0.904664    0.070562
     0.894397    0.076263
     0.883979    0.081732
     0.873393    0.086977
     0.862626    0.092003
     0.851661    0.096818
     0.840485    0.101425
     0.829083    0.105829
     0.817439    0.110032
     0.805539    0.114037
     0.793366    0.117845
     0.780908    0.121458
     0.768148    0.124875
     0.755073    0.128097
     0.741670    0.131123
     0.727928    0.133951
     0.713836    0.136579
     0.699388    0.139004
     0.684580    0.141225
     0.669409    0.143237
     0.653882    0.145037
     0.638005    0.146621
     0.621793    0.147986
     0.605266    0.149128
     0.588449    0.150043
     0.571372    0.150728
     0.554072    0.151181
     0.536589    0.151399
     0.518965    0.151381
     0.501247    0.151126
     0.483480    0.150635
     0.465710    0.149907
     0.447981    0.148945
     0.430334    0.147749
     0.412807    0.146321
     0.395436    0.144666
     0.378251    0.142785
     0.361280    0.140683
     0.344547    0.138363
     0.328072    0.135830
     0.311874    0.133088
     0.295969    0.130143
     0.280372    0.127001
     0.265098    0.123668
     0.250159    0.120151
     0.235569    0.116461
     0.221343    0.112607
     0.207494    0.108599
     0.194039    0.104453
     0.180995    0.100183
     0.168377    0.095806
     0.156205    0.091341
     0.144494    0.086809
     0.133260    0.082231
     0.122517    0.077631
     0.112275    0.073030
     0.102540    0.068452
     0.093313    0.063916
     0.084591    0.059441
     0.076365    0.055044
     0.068624    0.050736
     0.061349    0.046528
     0.054521    0.042427
     0.048117    0.038437
     0.042115    0.034557
     0.036490    0.030788
     0.031219    0.027125
     0.026278    0.023563
     0.021646    0.020095
     0.017303    0.016709
     0.013234    0.013395
     0.009428    0.010132
     0.005873    0.006897
     0.002621    0.003615
     0.001111    0.001938
     0.000000    0.000000
     0.000062   -0.005090
     0.000307   -0.010169
     0.000700   -0.014899
     0.001239   -0.019418
     0.001930   -0.023741
     0.002780   -0.027878
     0.003792   -0.031839
     0.004973   -0.035631
     0.006328   -0.039256
     0.007864   -0.042713
     0.009590   -0.046000
     0.011509   -0.049111
     0.013629   -0.052038
     0.015948   -0.054774
     0.018467   -0.057309
     0.021183   -0.059637
     0.024088   -0.061753
     0.027176   -0.063653
     0.030439   -0.065342
     0.033871   -0.066821
     0.037469   -0.068097
     0.041230   -0.069177
     0.045158   -0.070068
     0.049257   -0.070778
     0.053538   -0.071312
     0.058013   -0.071675
     0.062702   -0.071870
     0.067624   -0.071897
     0.072809   -0.071756
     0.078288   -0.071443
     0.084103   -0.070951
     0.090304   -0.070272
     0.096950   -0.069390
     0.104117   -0.068290
     0.111897   -0.066947
     0.120404   -0.065333
     0.129784   -0.063410
     0.140215   -0.061134
     0.151918   -0.058451
     0.165141   -0.055306
     0.180126   -0.051658
     0.196975   -0.047518
     0.215469   -0.043005
     0.235130   -0.038318
     0.255434   -0.033668
     0.275959   -0.029223
     0.296443   -0.025090
     0.316759   -0.021329
     0.336868   -0.017965
     0.356783   -0.015007
     0.376546   -0.012454
     0.396211   -0.010302
     0.415840   -0.008547
     0.435502   -0.007182
     0.455269   -0.006206
     0.475219   -0.005616
     0.495437   -0.005412
     0.516017   -0.005597
     0.537067   -0.006173
     0.558706   -0.007145
     0.581066   -0.008517
     0.604281   -0.010287
     0.628458   -0.012441
     0.653592   -0.014936
     0.679398   -0.017664
     0.705077   -0.020429
     0.729536   -0.022988
     0.752282   -0.025189
     0.773291   -0.026970
     0.792732   -0.028318
     0.810814   -0.029239
     0.827744   -0.029749
     0.843700   -0.029863
     0.858837   -0.029593
     0.873287   -0.028948
     0.887168   -0.027932
     0.900581   -0.026543
     0.913623   -0.024775
     0.926389   -0.022611
     0.938976   -0.020025
     0.951495   -0.016973
     0.964088   -0.013388
     0.976946   -0.009155
     0.990396   -0.004068
     1.000000    0.000000
