     1.000000    0.000000
     0.991152    0.007934
     0.977522    0.019878
     0.963531    0.031789
     0.949251    0.043573
     0.934735    0.055159
     0.920024    0.066491
     0.905147    0.077527
     0.890128    0.088231
     0.874982    0.098576
     0.859719    0.108542
     0.844348    0.118109
     0.828875    0.127263
     0.813304    0.135991
     0.797637    0.144282
     0.781877    0.152126
     0.766026    0.159514
     0.750084    0.166438
     0.734053    0.172893
     0.717934    0.178873
     0.701727    0.184372
     0.685432    0.189386
     0.669052    0.193913
     0.652585    0.197949
     0.636034    0.201493
     0.619400    0.204544
     0.602682    0.207100
     0.585884    0.209162
     0.569005    0.210732
     0.552049    0.211811
     0.535018    0.212400
     0.517913    0.212504
     0.500739    0.212125
     0.483498    0.211268
     0.466196    0.209939
     0.448835    0.208143
     0.431424    0.205887
     0.413967    0.203178
     0.396473    0.200025
     0.378952    0.196437
     0.361414    0.192424
     0.343875    0.187999
     0.326350    0.183175
     0.308861    0.177969
     0.291436    0.172398
     0.274108    0.166486
     0.256921    0.160260
     0.239928    0.153754
     0.223199    0.147010
     0.206815    0.140080
     0.190874    0.133027
     0.175484    0.125923
     0.160756    0.118847
     0.146797    0.111881
     0.133694    0.105102
     0.121507    0.098576
     0.110260    0.092352
     0.099946    0.086460
     0.090526    0.080912
     0.081945    0.075703
     0.074135    0.070820
     0.067023    0.066242
     0.060539    0.061945
     0.054617    0.057904
     0.049194    0.054092
     0.044219    0.050487
     0.039642    0.047066
     0.035423    0.043808
     0.031526    0.040695
     0.027921    0.037711
     0.024582    0.034839
     0.021486    0.032066
     0.018615    0.029378
     0.015954    0.026764
     0.013492    0.024213
     0.011220    0.021712
     0.009133    0.019253
     0.007228    0.016824
     0.005508    0.014415
     0.003982    0.012017
     0.002661    0.009621
     0.001561    0.007217
     0.000723    0.004806
     0.000202    0.002399
     0.000064    0.001207
     0.000000    0.000000
     0.000083   -0.002150
     0.000374   -0.004264
     0.000892   -0.006408
     0.001651   -0.008537
     0.002670   -0.010615
     0.003951   -0.012612
     0.005481   -0.014509
     0.007245   -0.016295
     0.009222   -0.017965
     0.011398   -0.019522
     0.013758   -0.020973
     0.016293   -0.022326
     0.019000   -0.023592
     0.021878   -0.024779
     0.024930   -0.025897
     0.028161   -0.026951
     0.031583   -0.027950
     0.035207   -0.028900
     0.039048   -0.029807
     0.043125   -0.030674
     0.047460   -0.031507
     0.052079   -0.032310
     0.057011   -0.033087
     0.062294   -0.033841
     0.067966   -0.034576
     0.074075   -0.035295
     0.080676   -0.036004
     0.087830   -0.036704
     0.095606   -0.037402
     0.104083   -0.038102
     0.113340   -0.038810
     0.123464   -0.039533
     0.134532   -0.040278
     0.146611   -0.041054
     0.159738   -0.041870
     0.173913   -0.042736
     0.189081   -0.043660
     0.205143   -0.044648
     0.221968   -0.045706
     0.239421   -0.046835
     0.257372   -0.048037
     0.275711   -0.049310
     0.294346   -0.050651
     0.313210   -0.052055
     0.332251   -0.053516
     0.351427   -0.055025
     0.370705   -0.056573
     0.390051   -0.058147
     0.409427   -0.059733
     0.428785   -0.061315
     0.448080   -0.062875
     0.467279   -0.064394
     0.486358   -0.065857
     0.505299   -0.067245
     0.524088   -0.068541
     0.542715   -0.069728
     0.561171   -0.070790
     0.579451   -0.071709
     0.597550   -0.072472
     0.615465   -0.073060
     0.633192   -0.073460
     0.650729   -0.073657
     0.668076   -0.073637
     0.685231   -0.073387
     0.702194   -0.072894
     0.718965   -0.072146
     0.735545   -0.071131
     0.751934   -0.069839
     0.768134   -0.068260
     0.784147   -0.066384
     0.799974   -0.064203
     0.815618   -0.061709
     0.831082   -0.058894
     0.846369   -0.055750
     0.861483   -0.052272
     0.876427   -0.048453
     0.891207   -0.044287
     0.905828   -0.039768
     0.920298   -0.034889
     0.934625   -0.029642
     0.948819   -0.024021
     0.962894   -0.018015
     0.976867   -0.011611
     0.990761   -0.004792
     1.000000    0.000000
