     1.000000    0.000000
     0.991973    0.008872
     0.979928    0.021560
     0.967846    0.033582
     0.955694    0.044984
     0.943442    0.055809
     0.931068    0.066086
     0.918554    0.075840
     0.905881    0.085091
     0.893031    0.093857
     0.879986    0.102153
     0.866728    0.109992
     0.853238    0.117387
     0.839496    0.124348
     0.825479    0.130885
     0.811167    0.137006
     0.796534    0.142718
     0.781557    0.148029
     0.766208    0.152943
     0.750461    0.157466
     0.734285    0.161601
     0.717653    0.165352
     0.700535    0.168722
     0.682900    0.171712
     0.664723    0.174324
     0.645976    0.176562
     0.626640    0.178426
     0.606698    0.179920
     0.586143    0.181047
     0.564978    0.181813
     0.543219    0.182224
     0.520897    0.182287
     0.498062    0.182014
     0.474784    0.181414
     0.451155    0.180502
     0.427286    0.179291
     0.403311    0.177796
     0.379380    0.176030
     0.355656    0.174010
     0.332309    0.171750
     0.309510    0.169264
     0.287420    0.166568
     0.266184    0.163678
     0.245924    0.160611
     0.226731    0.157387
     0.208664    0.154024
     0.191748    0.150541
     0.175978    0.146956
     0.161326    0.143287
     0.147745    0.139546
     0.135173    0.135746
     0.123544    0.131897
     0.112790    0.128004
     0.102842    0.124073
     0.093636    0.120108
     0.085111    0.116111
     0.077214    0.112083
     0.069894    0.108024
     0.063109    0.103936
     0.056819    0.099819
     0.050992    0.095674
     0.045596    0.091502
     0.040607    0.087304
     0.036000    0.083084
     0.031757    0.078845
     0.027858    0.074590
     0.024287    0.070326
     0.021028    0.066059
     0.018068    0.061794
     0.015391    0.057539
     0.012985    0.053304
     0.010835    0.049094
     0.008927    0.044920
     0.007249    0.040789
     0.005785    0.036709
     0.004522    0.032687
     0.003446    0.028731
     0.002544    0.024846
     0.001801    0.021038
     0.001206    0.017310
     0.000743    0.013668
     0.000401    0.010116
     0.000169    0.006655
     0.000038    0.003283
     0.000008    0.001643
     0.000000    0.000000
     0.000033   -0.002508
     0.000174   -0.005006
     0.000425   -0.007511
     0.000787   -0.010016
     0.001271   -0.012514
     0.001889   -0.014997
     0.002656   -0.017453
     0.003580   -0.019874
     0.004670   -0.022249
     0.005931   -0.024566
     0.007367   -0.026815
     0.008979   -0.028984
     0.010768   -0.031065
     0.012728   -0.033052
     0.014857   -0.034940
     0.017150   -0.036729
     0.019602   -0.038418
     0.022210   -0.040010
     0.024974   -0.041510
     0.027892   -0.042920
     0.030968   -0.044247
     0.034206   -0.045496
     0.037612   -0.046671
     0.041196   -0.047778
     0.044969   -0.048820
     0.048944   -0.049803
     0.053139   -0.050729
     0.057573   -0.051602
     0.062269   -0.052425
     0.067257   -0.053200
     0.072566   -0.053930
     0.078237   -0.054617
     0.084312   -0.055261
     0.090844   -0.055865
     0.097893   -0.056429
     0.105529   -0.056954
     0.113834   -0.057441
     0.122900   -0.057888
     0.132831   -0.058297
     0.143740   -0.058668
     0.155742   -0.059001
     0.168946   -0.059298
     0.183436   -0.059558
     0.199255   -0.059786
     0.216385   -0.059983
     0.234732   -0.060153
     0.254135   -0.060296
     0.274383   -0.060414
     0.295247   -0.060503
     0.316508   -0.060557
     0.337981   -0.060569
     0.359519   -0.060529
     0.381012   -0.060425
     0.402388   -0.060248
     0.423597   -0.059985
     0.444615   -0.059627
     0.465428   -0.059163
     0.486037   -0.058585
     0.506448   -0.057883
     0.526676   -0.057050
     0.546737   -0.056079
     0.566654   -0.054964
     0.586450   -0.053698
     0.606152   -0.052277
     0.625788   -0.050696
     0.645389   -0.048950
     0.664987   -0.047036
     0.684615   -0.044952
     0.704311   -0.042694
     0.724108   -0.040262
     0.744042   -0.037658
     0.764144   -0.034884
     0.784433   -0.031949
     0.804911   -0.028869
     0.825543   -0.025669
     0.846236   -0.022390
     0.866810   -0.019094
     0.886989   -0.015865
     0.906503   -0.012782
     0.925188   -0.009905
     0.942955   -0.007276
     0.959771   -0.004917
     0.975631   -0.002839
     0.990551   -0.001046
     1.000000    0.000000
