     1.000000    0.000000
     0.990428    0.003903
     0.974994    0.010301
     0.958247    0.017368
     0.940263    0.025046
     0.921255    0.033209
     0.901627    0.041632
     0.881807    0.050074
     0.862089    0.058355
     0.842643    0.066361
     0.823543    0.074027
     0.804809    0.081320
     0.786431    0.088227
     0.768383    0.094744
     0.750635    0.100875
     0.733155    0.106624
     0.715911    0.111999
     0.698872    0.117006
     0.682013    0.121652
     0.665307    0.125943
     0.648731    0.129886
     0.632265    0.133485
     0.615888    0.136745
     0.599584    0.139671
     0.583336    0.142266
     0.567128    0.144532
     0.550946    0.146474
     0.534779    0.148092
     0.518614    0.149389
     0.502441    0.150367
     0.486250    0.151026
     0.470033    0.151367
     0.453783    0.151392
     0.437494    0.151101
     0.421163    0.150495
     0.404788    0.149575
     0.388369    0.148342
     0.371909    0.146797
     0.355416    0.144944
     0.338900    0.142784
     0.322377    0.140325
     0.305871    0.137571
     0.289411    0.134534
     0.273039    0.131226
     0.256803    0.127664
     0.240767    0.123871
     0.225003    0.119876
     0.209596    0.115713
     0.194639    0.111423
     0.180223    0.107051
     0.166437    0.102645
     0.153357    0.098251
     0.141037    0.093913
     0.129509    0.089667
     0.118779    0.085540
     0.108835    0.081552
     0.099642    0.077711
     0.091157    0.074021
     0.083329    0.070481
     0.076105    0.067083
     0.069431    0.063819
     0.063258    0.060678
     0.057539    0.057650
     0.052232    0.054723
     0.047297    0.051887
     0.042703    0.049129
     0.038418    0.046441
     0.034418    0.043812
     0.030680    0.041231
     0.027186    0.038691
     0.023919    0.036182
     0.020866    0.033695
     0.018017    0.031221
     0.015365    0.028753
     0.012905    0.026280
     0.010635    0.023795
     0.008556    0.021290
     0.006672    0.018756
     0.004993    0.016188
     0.003529    0.013580
     0.002294    0.010928
     0.001307    0.008232
     0.000586    0.005506
     0.000151    0.002763
     0.000041    0.001387
     0.000000    0.000000
     0.000042   -0.002599
     0.000197   -0.005187
     0.000466   -0.007789
     0.000854   -0.010395
     0.001367   -0.013000
     0.002015   -0.015594
     0.002807   -0.018170
     0.003750   -0.020720
     0.004847   -0.023236
     0.006103   -0.025710
     0.007521   -0.028136
     0.009103   -0.030504
     0.010848   -0.032808
     0.012757   -0.035044
     0.014828   -0.037207
     0.017060   -0.039295
     0.019451   -0.041304
     0.022002   -0.043236
     0.024711   -0.045089
     0.027580   -0.046865
     0.030611   -0.048566
     0.033808   -0.050192
     0.037175   -0.051746
     0.040720   -0.053230
     0.044450   -0.054645
     0.048376   -0.055992
     0.052510   -0.057274
     0.056867   -0.058491
     0.061462   -0.059643
     0.066316   -0.060731
     0.071451   -0.061753
     0.076892   -0.062709
     0.082668   -0.063595
     0.088813   -0.064410
     0.095364   -0.065149
     0.102363   -0.065807
     0.109858   -0.066379
     0.117902   -0.066855
     0.126552   -0.067227
     0.135871   -0.067485
     0.145925   -0.067615
     0.156780   -0.067604
     0.168503   -0.067438
     0.181152   -0.067099
     0.194778   -0.066574
     0.209411   -0.065850
     0.225064   -0.064915
     0.241726   -0.063763
     0.259361   -0.062395
     0.277914   -0.060812
     0.297314   -0.059025
     0.317481   -0.057047
     0.338333   -0.054895
     0.359789   -0.052587
     0.381774   -0.050144
     0.404217   -0.047585
     0.427047   -0.044932
     0.450193   -0.042207
     0.473574   -0.039432
     0.497083   -0.036635
     0.520600   -0.033843
     0.544028   -0.031079
     0.567312   -0.028362
     0.590416   -0.025708
     0.613321   -0.023129
     0.636013   -0.020636
     0.658483   -0.018239
     0.680724   -0.015948
     0.702728   -0.013772
     0.724489   -0.011720
     0.745996   -0.009800
     0.767237   -0.008022
     0.788200   -0.006392
     0.808866   -0.004919
     0.829213   -0.003611
     0.849212   -0.002473
     0.868827   -0.001513
     0.888013   -0.000733
     0.906714   -0.000136
     0.924864    0.000277
     0.942388    0.000511
     0.959205    0.000573
     0.975232    0.000475
     0.990395    0.000232
     1.000000    0.000000
