     1.000000    0.000000
     0.990807    0.006041
     0.976154    0.015719
     0.960572    0.026051
     0.944313    0.036821
     0.927659    0.047792
     0.910842    0.058757
     0.894028    0.069558
     0.877323    0.080085
     0.860787    0.090265
     0.844448    0.100051
     0.828314    0.109418
     0.812383    0.118348
     0.796646    0.126834
     0.781089    0.134872
     0.765699    0.142463
     0.750461    0.149606
     0.735362    0.156304
     0.720385    0.162561
     0.705519    0.168380
     0.690750    0.173765
     0.676065    0.178719
     0.661452    0.183246
     0.646900    0.187350
     0.632397    0.191034
     0.617933    0.194300
     0.603497    0.197153
     0.589079    0.199594
     0.574669    0.201625
     0.560257    0.203248
     0.545835    0.204465
     0.531394    0.205276
     0.516924    0.205684
     0.502417    0.205687
     0.487866    0.205286
     0.473262    0.204481
     0.458599    0.203273
     0.443869    0.201660
     0.429067    0.199642
     0.414186    0.197219
     0.399221    0.194391
     0.384170    0.191157
     0.369028    0.187519
     0.353795    0.183477
     0.338470    0.179034
     0.323059    0.174194
     0.307566    0.168963
     0.292004    0.163348
     0.276388    0.157363
     0.260743    0.151024
     0.245105    0.144357
     0.229522    0.137395
     0.214057    0.130181
     0.198795    0.122776
     0.183838    0.115252
     0.169306    0.107699
     0.155330    0.100215
     0.142035    0.092903
     0.129528    0.085858
     0.117884    0.079157
     0.107137    0.072853
     0.097282    0.066973
     0.088283    0.061521
     0.080081    0.056483
     0.072607    0.051833
     0.065786    0.047540
     0.059549    0.043571
     0.053829    0.039892
     0.048566    0.036474
     0.043710    0.033287
     0.039212    0.030307
     0.035034    0.027509
     0.031141    0.024875
     0.027503    0.022385
     0.024095    0.020024
     0.020895    0.017778
     0.017884    0.015631
     0.015046    0.013574
     0.012369    0.011591
     0.009845    0.009671
     0.007461    0.007801
     0.005222    0.005961
     0.003156    0.004116
     0.001245    0.002227
     0.000483    0.001196
     0.000000    0.000000
     0.000079   -0.002551
     0.000312   -0.005083
     0.000712   -0.007670
     0.001286   -0.010284
     0.002037   -0.012917
     0.002969   -0.015558
     0.004084   -0.018202
     0.005384   -0.020843
     0.006869   -0.023479
     0.008540   -0.026105
     0.010399   -0.028719
     0.012447   -0.031320
     0.014685   -0.033909
     0.017118   -0.036485
     0.019750   -0.039050
     0.022588   -0.041605
     0.025638   -0.044153
     0.028910   -0.046695
     0.032416   -0.049235
     0.036167   -0.051774
     0.040181   -0.054317
     0.044475   -0.056865
     0.049069   -0.059421
     0.053987   -0.061988
     0.059256   -0.064568
     0.064904   -0.067163
     0.070965   -0.069775
     0.077476   -0.072403
     0.084474   -0.075048
     0.092004   -0.077709
     0.100109   -0.080382
     0.108835   -0.083062
     0.118229   -0.085743
     0.128334   -0.088415
     0.139186   -0.091065
     0.150816   -0.093679
     0.163242   -0.096238
     0.176468   -0.098723
     0.190485   -0.101112
     0.205265   -0.103385
     0.220768   -0.105521
     0.236942   -0.107502
     0.253727   -0.109312
     0.271059   -0.110939
     0.288873   -0.112373
     0.307105   -0.113607
     0.325696   -0.114638
     0.344591   -0.115463
     0.363739   -0.116083
     0.383096   -0.116497
     0.402618   -0.116707
     0.422270   -0.116714
     0.442016   -0.116520
     0.461824   -0.116126
     0.481666   -0.115532
     0.501513   -0.114741
     0.521339   -0.113751
     0.541120   -0.112564
     0.560832   -0.111177
     0.580455   -0.109591
     0.599965   -0.107804
     0.619346   -0.105813
     0.638577   -0.103617
     0.657643   -0.101213
     0.676528   -0.098598
     0.695218   -0.095770
     0.713702   -0.092725
     0.731967   -0.089459
     0.750006   -0.085971
     0.767810   -0.082255
     0.785373   -0.078310
     0.802690   -0.074131
     0.819757   -0.069715
     0.836572   -0.065060
     0.853134   -0.060162
     0.869441   -0.055018
     0.885493   -0.049627
     0.901290   -0.043986
     0.916833   -0.038093
     0.932119   -0.031949
     0.947149   -0.025553
     0.961919   -0.018907
     0.976425   -0.012016
     0.990660   -0.004885
     1.000000    0.000000
