     1.000000    0.000000
     0.989423    0.004735
     0.973463    0.011722
     0.957394    0.018562
     0.941228    0.025243
     0.924971    0.031755
     0.908632    0.038088
     0.892213    0.044235
     0.875719    0.050186
     0.859152    0.055936
     0.842514    0.061476
     0.825808    0.066801
     0.809036    0.071904
     0.792198    0.076777
     0.775298    0.081417
     0.758338    0.085815
     0.741319    0.089967
     0.724244    0.093867
     0.707117    0.097510
     0.689939    0.100890
     0.672714    0.104004
     0.655445    0.106846
     0.638136    0.109413
     0.620791    0.111701
     0.603413    0.113706
     0.586007    0.115427
     0.568576    0.116860
     0.551127    0.118003
     0.533662    0.118855
     0.516187    0.119415
     0.498708    0.119681
     0.481228    0.119655
     0.463755    0.119335
     0.446292    0.118723
     0.428848    0.117819
     0.411428    0.116625
     0.394041    0.115144
     0.376694    0.113379
     0.359400    0.111332
     0.342170    0.109008
     0.325020    0.106413
     0.307971    0.103555
     0.291049    0.100443
     0.274286    0.097090
     0.257727    0.093512
     0.241424    0.089732
     0.225445    0.085777
     0.209871    0.081683
     0.194792    0.077493
     0.180308    0.073257
     0.166513    0.069027
     0.153493    0.064858
     0.141309    0.060800
     0.129996    0.056893
     0.119555    0.053166
     0.109964    0.049639
     0.101175    0.046318
     0.093131    0.043201
     0.085765    0.040282
     0.079013    0.037549
     0.072809    0.034990
     0.067096    0.032589
     0.061819    0.030335
     0.056931    0.028214
     0.052389    0.026213
     0.048156    0.024322
     0.044200    0.022530
     0.040492    0.020829
     0.037008    0.019210
     0.033725    0.017667
     0.030626    0.016191
     0.027692    0.014779
     0.024911    0.013424
     0.022268    0.012121
     0.019753    0.010866
     0.017355    0.009656
     0.015065    0.008486
     0.012876    0.007353
     0.010782    0.006252
     0.008775    0.005182
     0.006848    0.004140
     0.005002    0.003118
     0.003239    0.002102
     0.001536    0.001113
     0.000735    0.000602
     0.000000    0.000000
     0.001664   -0.000466
     0.003532   -0.000050
     0.005399    0.000387
     0.007355    0.000935
     0.009377    0.001524
     0.011462    0.002128
     0.013627    0.002757
     0.015881    0.003413
     0.018231    0.004090
     0.020681    0.004784
     0.023243    0.005497
     0.025925    0.006228
     0.028739    0.006978
     0.031697    0.007746
     0.034810    0.008531
     0.038095    0.009335
     0.041568    0.010158
     0.045248    0.010998
     0.049156    0.011856
     0.053317    0.012731
     0.057758    0.013623
     0.062511    0.014529
     0.067611    0.015449
     0.073099    0.016379
     0.079019    0.017314
     0.085420    0.018249
     0.092357    0.019177
     0.099888    0.020086
     0.108070    0.020963
     0.116963    0.021793
     0.126618    0.022553
     0.137075    0.023220
     0.148355    0.023767
     0.160455    0.024168
     0.173347    0.024395
     0.186974    0.024428
     0.201259    0.024249
     0.216112    0.023850
     0.231437    0.023230
     0.247145    0.022396
     0.263154    0.021360
     0.279396    0.020136
     0.295816    0.018745
     0.312370    0.017207
     0.329025    0.015542
     0.345755    0.013772
     0.362543    0.011919
     0.379373    0.010002
     0.396236    0.008042
     0.413122    0.006060
     0.430025    0.004074
     0.446937    0.002103
     0.463854    0.000166
     0.480775   -0.001721
     0.497699   -0.003541
     0.514624   -0.005279
     0.531551   -0.006921
     0.548480   -0.008453
     0.565412   -0.009863
     0.582347   -0.011138
     0.599285   -0.012269
     0.616226   -0.013246
     0.633171   -0.014061
     0.650119   -0.014709
     0.667070   -0.015183
     0.684023   -0.015481
     0.700978   -0.015601
     0.717935   -0.015544
     0.734894   -0.015312
     0.751854   -0.014910
     0.768815   -0.014345
     0.785776   -0.013627
     0.802739   -0.012767
     0.819703   -0.011780
     0.836668   -0.010684
     0.853634   -0.009499
     0.870598   -0.008248
     0.887557   -0.006960
     0.904506   -0.005664
     0.921436   -0.004394
     0.938340   -0.003188
     0.955213   -0.002087
     0.972047   -0.001132
     0.988834   -0.000376
     1.000000    0.000000
