     1.000000    0.000000
     0.992353    0.006106
     0.980706    0.015103
     0.968861    0.023890
     0.956835    0.032450
     0.944639    0.040769
     0.932279    0.048841
     0.919760    0.056660
     0.907083    0.064224
     0.894250    0.071532
     0.881258    0.078582
     0.868105    0.085375
     0.854789    0.091913
     0.841305    0.098194
     0.827651    0.104220
     0.813821    0.109992
     0.799814    0.115509
     0.785625    0.120772
     0.771251    0.125779
     0.756690    0.130530
     0.741939    0.135023
     0.726998    0.139258
     0.711866    0.143232
     0.696542    0.146943
     0.681030    0.150389
     0.665332    0.153567
     0.649452    0.156473
     0.633394    0.159105
     0.617167    0.161461
     0.600778    0.163536
     0.584236    0.165328
     0.567553    0.166833
     0.550741    0.168050
     0.533815    0.168976
     0.516790    0.169608
     0.499682    0.169945
     0.482510    0.169987
     0.465293    0.169732
     0.448052    0.169180
     0.430808    0.168332
     0.413585    0.167190
     0.396406    0.165755
     0.379298    0.164032
     0.362287    0.162025
     0.345401    0.159738
     0.328671    0.157180
     0.312127    0.154357
     0.295802    0.151281
     0.279733    0.147964
     0.263954    0.144419
     0.248505    0.140662
     0.233424    0.136714
     0.218751    0.132593
     0.204524    0.128325
     0.190781    0.123934
     0.177556    0.119446
     0.164877    0.114888
     0.152768    0.110288
     0.141244    0.105672
     0.130314    0.101062
     0.119978    0.096481
     0.110229    0.091947
     0.101054    0.087473
     0.092432    0.083071
     0.084340    0.078748
     0.076751    0.074508
     0.069638    0.070354
     0.062971    0.066283
     0.056722    0.062293
     0.050863    0.058378
     0.045368    0.054534
     0.040213    0.050751
     0.035376    0.047021
     0.030837    0.043334
     0.026580    0.039679
     0.022590    0.036043
     0.018857    0.032411
     0.015374    0.028765
     0.012141    0.025085
     0.009164    0.021343
     0.006461    0.017505
     0.004074    0.013528
     0.002073    0.009346
     0.000608    0.004875
     0.000175    0.002461
     0.000000    0.000000
     0.000068   -0.005427
     0.000312   -0.010844
     0.000707   -0.015959
     0.001247   -0.020887
     0.001934   -0.025636
     0.002769   -0.030214
     0.003753   -0.034630
     0.004885   -0.038891
     0.006167   -0.043003
     0.007600   -0.046967
     0.009185   -0.050787
     0.010926   -0.054465
     0.012823   -0.058001
     0.014879   -0.061394
     0.017093   -0.064643
     0.019468   -0.067746
     0.022003   -0.070702
     0.024698   -0.073509
     0.027552   -0.076165
     0.030563   -0.078669
     0.033731   -0.081020
     0.037056   -0.083219
     0.040536   -0.085266
     0.044172   -0.087163
     0.047966   -0.088910
     0.051920   -0.090510
     0.056039   -0.091964
     0.060328   -0.093274
     0.064796   -0.094441
     0.069451   -0.095466
     0.074307   -0.096348
     0.079378   -0.097088
     0.084681   -0.097682
     0.090237   -0.098128
     0.096071   -0.098422
     0.102210   -0.098557
     0.108689   -0.098525
     0.115547   -0.098316
     0.122830   -0.097916
     0.130594   -0.097309
     0.138902   -0.096475
     0.147832   -0.095390
     0.157477   -0.094022
     0.167947   -0.092335
     0.179374   -0.090285
     0.191917   -0.087816
     0.205764   -0.084865
     0.221139   -0.081355
     0.238294   -0.077203
     0.257509   -0.072321
     0.279046   -0.066632
     0.303068   -0.060105
     0.329434   -0.052822
     0.357373   -0.045077
     0.385624   -0.037319
     0.413347   -0.029866
     0.440195   -0.022873
     0.466097   -0.016396
     0.491101   -0.010442
     0.515293   -0.005002
     0.538763   -0.000060
     0.561598    0.004403
     0.583874    0.008403
     0.605657    0.011957
     0.627007    0.015076
     0.647974    0.017774
     0.668604    0.020060
     0.688939    0.021942
     0.709014    0.023430
     0.728863    0.024529
     0.748514    0.025244
     0.767996    0.025579
     0.787330    0.025539
     0.806536    0.025127
     0.825629    0.024346
     0.844615    0.023200
     0.863495    0.021692
     0.882257    0.019831
     0.900876    0.017627
     0.919305    0.015096
     0.937474    0.012262
     0.955284    0.009163
     0.972610    0.005844
     0.989301    0.002370
     1.000000    0.000000
