     1.000000    0.000000
     0.992253    0.005852
     0.980532    0.014396
     0.968697    0.022658
     0.956759    0.030627
     0.944723    0.038296
     0.932590    0.045664
     0.920363    0.052730
     0.908040    0.059493
     0.895620    0.065954
     0.883099    0.072116
     0.870473    0.077979
     0.857737    0.083547
     0.844885    0.088821
     0.831912    0.093804
     0.818811    0.098498
     0.805575    0.102904
     0.792196    0.107024
     0.778666    0.110860
     0.764977    0.114413
     0.751120    0.117685
     0.737087    0.120674
     0.722868    0.123384
     0.708454    0.125812
     0.693836    0.127960
     0.679004    0.129828
     0.663948    0.131414
     0.648659    0.132719
     0.633127    0.133742
     0.617343    0.134482
     0.601299    0.134939
     0.584985    0.135112
     0.568394    0.135000
     0.551519    0.134605
     0.534354    0.133926
     0.516894    0.132963
     0.499137    0.131718
     0.481080    0.130193
     0.462726    0.128390
     0.444078    0.126314
     0.425145    0.123968
     0.405941    0.121361
     0.386484    0.118499
     0.366803    0.115392
     0.346936    0.112054
     0.326936    0.108501
     0.306873    0.104753
     0.286838    0.100835
     0.266950    0.096781
     0.247355    0.092629
     0.228226    0.088426
     0.209750    0.084226
     0.192116    0.080082
     0.175491    0.076048
     0.159997    0.072167
     0.145700    0.068470
     0.132606    0.064974
     0.120673    0.061684
     0.109825    0.058593
     0.099966    0.055689
     0.090997    0.052954
     0.082819    0.050371
     0.075340    0.047922
     0.068478    0.045589
     0.062161    0.043356
     0.056325    0.041209
     0.050917    0.039132
     0.045889    0.037115
     0.041203    0.035144
     0.036825    0.033209
     0.032725    0.031299
     0.028881    0.029404
     0.025271    0.027512
     0.021881    0.025613
     0.018698    0.023695
     0.015714    0.021745
     0.012926    0.019748
     0.010334    0.017688
     0.007951    0.015545
     0.005791    0.013300
     0.003887    0.010929
     0.002287    0.008413
     0.001054    0.005736
     0.000274    0.002927
     0.000073    0.001477
     0.000000    0.000000
     0.000038   -0.003077
     0.000212   -0.006141
     0.000516   -0.009147
     0.000951   -0.012107
     0.001533   -0.015011
     0.002281   -0.017848
     0.003213   -0.020607
     0.004343   -0.023270
     0.005685   -0.025821
     0.007247   -0.028238
     0.009036   -0.030498
     0.011051   -0.032581
     0.013281   -0.034468
     0.015714   -0.036149
     0.018332   -0.037622
     0.021122   -0.038888
     0.024068   -0.039956
     0.027163   -0.040836
     0.030402   -0.041539
     0.033784   -0.042077
     0.037314   -0.042458
     0.040997   -0.042690
     0.044844   -0.042780
     0.048871   -0.042730
     0.053093   -0.042544
     0.057533   -0.042220
     0.062214   -0.041757
     0.067169   -0.041150
     0.072432   -0.040392
     0.078046   -0.039473
     0.084062   -0.038381
     0.090541   -0.037099
     0.097558   -0.035607
     0.105203   -0.033880
     0.113582   -0.031887
     0.122827   -0.029592
     0.133090   -0.026952
     0.144547   -0.023920
     0.157379   -0.020453
     0.171748   -0.016517
     0.187714   -0.012120
     0.205155   -0.007332
     0.223782   -0.002276
     0.243252    0.002903
     0.263239    0.008075
     0.283490    0.013136
     0.303834    0.018015
     0.324167    0.022666
     0.344433    0.027062
     0.364605    0.031187
     0.384674    0.035034
     0.404639    0.038597
     0.424508    0.041874
     0.444286    0.044865
     0.463981    0.047569
     0.483600    0.049986
     0.503149    0.052115
     0.522632    0.053958
     0.542052    0.055514
     0.561411    0.056783
     0.580708    0.057765
     0.599944    0.058459
     0.619114    0.058867
     0.638217    0.058987
     0.657246    0.058819
     0.676196    0.058365
     0.695059    0.057624
     0.713828    0.056597
     0.732494    0.055283
     0.751046    0.053685
     0.769474    0.051803
     0.787766    0.049639
     0.805910    0.047194
     0.823891    0.044472
     0.841695    0.041474
     0.859306    0.038206
     0.876704    0.034673
     0.893869    0.030880
     0.910776    0.026837
     0.927396    0.022556
     0.943696    0.018051
     0.959635    0.013343
     0.975166    0.008456
     0.990234    0.003421
     1.000000    0.000000
