     1.000000    0.000000
     0.988978    0.005782
     0.970905    0.015381
     0.950976    0.026107
     0.929331    0.037867
     0.906293    0.050447
     0.882439    0.063471
     0.858374    0.076536
     0.834498    0.089356
     0.811018    0.101763
     0.788022    0.113664
     0.765532    0.125015
     0.743534    0.135797
     0.722003    0.146003
     0.700908    0.155635
     0.680219    0.164697
     0.659907    0.173195
     0.639948    0.181137
     0.620317    0.188530
     0.600996    0.195382
     0.581967    0.201698
     0.563214    0.207487
     0.544725    0.212756
     0.526488    0.217511
     0.508494    0.221760
     0.490734    0.225508
     0.473203    0.228763
     0.455894    0.231530
     0.438805    0.233816
     0.421933    0.235626
     0.405276    0.236968
     0.388835    0.237847
     0.372611    0.238270
     0.356609    0.238243
     0.340831    0.237772
     0.325284    0.236865
     0.309976    0.235530
     0.294915    0.233775
     0.280113    0.231608
     0.265580    0.229041
     0.251332    0.226085
     0.237382    0.222752
     0.223748    0.219056
     0.210446    0.215014
     0.197494    0.210642
     0.184911    0.205961
     0.172716    0.200991
     0.160926    0.195756
     0.149561    0.190280
     0.138636    0.184589
     0.128165    0.178711
     0.118162    0.172674
     0.108634    0.166507
     0.099590    0.160237
     0.091031    0.153894
     0.082959    0.147503
     0.075370    0.141090
     0.068257    0.134679
     0.061610    0.128291
     0.055419    0.121947
     0.049670    0.115662
     0.044345    0.109454
     0.039430    0.103333
     0.034905    0.097312
     0.030752    0.091400
     0.026953    0.085603
     0.023488    0.079928
     0.020340    0.074379
     0.017491    0.068959
     0.014922    0.063671
     0.012616    0.058517
     0.010557    0.053496
     0.008730    0.048610
     0.007119    0.043858
     0.005709    0.039239
     0.004487    0.034753
     0.003441    0.030397
     0.002556    0.026170
     0.001822    0.022070
     0.001228    0.018094
     0.000762    0.014241
     0.000417    0.010509
     0.000181    0.006895
     0.000045    0.003394
     0.000012    0.001698
     0.000000    0.000000
     0.000046   -0.002745
     0.000208   -0.005479
     0.000488   -0.008230
     0.000889   -0.010988
     0.001418   -0.013747
     0.002084   -0.016500
     0.002895   -0.019238
     0.003854   -0.021954
     0.004967   -0.024643
     0.006238   -0.027297
     0.007669   -0.029910
     0.009263   -0.032474
     0.011020   -0.034984
     0.012941   -0.037435
     0.015027   -0.039822
     0.017276   -0.042143
     0.019688   -0.044393
     0.022264   -0.046573
     0.025004   -0.048682
     0.027910   -0.050718
     0.030983   -0.052683
     0.034228   -0.054578
     0.037648   -0.056402
     0.041251   -0.058159
     0.045043   -0.059847
     0.049034   -0.061470
     0.053235   -0.063027
     0.057660   -0.064520
     0.062322   -0.065949
     0.067241   -0.067313
     0.072436   -0.068613
     0.077931   -0.069847
     0.083753   -0.071015
     0.089932   -0.072113
     0.096503   -0.073139
     0.103505   -0.074088
     0.110984   -0.074957
     0.118989   -0.075739
     0.127578   -0.076426
     0.136812   -0.077010
     0.146760   -0.077481
     0.157496   -0.077827
     0.169097   -0.078035
     0.181643   -0.078093
     0.195210   -0.077986
     0.209867   -0.077702
     0.225672   -0.077229
     0.242663   -0.076561
     0.260854   -0.075695
     0.280227   -0.074636
     0.300738   -0.073395
     0.322306   -0.071992
     0.344823   -0.070453
     0.368147   -0.068808
     0.392099   -0.067093
     0.416462   -0.065346
     0.441033   -0.063598
     0.465697   -0.061875
     0.490401   -0.060188
     0.515132   -0.058544
     0.539891   -0.056942
     0.564674   -0.055379
     0.589451   -0.053846
     0.614134   -0.052335
     0.638565   -0.050837
     0.662573   -0.049338
     0.686038   -0.047822
     0.708878   -0.046269
     0.731046   -0.044658
     0.752515   -0.042968
     0.773281   -0.041182
     0.793350   -0.039280
     0.812741   -0.037248
     0.831480   -0.035071
     0.849596   -0.032737
     0.867123   -0.030234
     0.884097   -0.027553
     0.900556   -0.024684
     0.916537   -0.021617
     0.932080   -0.018344
     0.947222   -0.014854
     0.962005   -0.011137
     0.976470   -0.007179
     0.990659   -0.002963
     1.000000    0.000000
