     1.000000    0.000000
     0.990839    0.007684
     0.976888    0.018653
     0.962652    0.028993
     0.948112    0.038714
     0.933258    0.047826
     0.918088    0.056336
     0.902601    0.064251
     0.886802    0.071580
     0.870701    0.078336
     0.854307    0.084533
     0.837631    0.090190
     0.820687    0.095330
     0.803487    0.099979
     0.786046    0.104163
     0.768378    0.107914
     0.750497    0.111262
     0.732416    0.114242
     0.714151    0.116884
     0.695714    0.119223
     0.677119    0.121290
     0.658381    0.123115
     0.639513    0.124728
     0.620529    0.126156
     0.601443    0.127423
     0.582267    0.128552
     0.563016    0.129562
     0.543702    0.130468
     0.524339    0.131285
     0.504941    0.132023
     0.485521    0.132687
     0.466091    0.133283
     0.446667    0.133811
     0.427262    0.134267
     0.407891    0.134647
     0.388569    0.134941
     0.369315    0.135137
     0.350148    0.135221
     0.331091    0.135174
     0.312169    0.134978
     0.293414    0.134610
     0.274864    0.134045
     0.256563    0.133258
     0.238566    0.132224
     0.220935    0.130919
     0.203743    0.129321
     0.187071    0.127412
     0.171005    0.125183
     0.155633    0.122632
     0.141035    0.119767
     0.127282    0.116606
     0.114426    0.113175
     0.102498    0.109509
     0.091504    0.105645
     0.081433    0.101622
     0.072255    0.097479
     0.063926    0.093251
     0.056396    0.088972
     0.049609    0.084669
     0.043509    0.080369
     0.038040    0.076091
     0.033148    0.071855
     0.028783    0.067677
     0.024897    0.063569
     0.021446    0.059541
     0.018388    0.055603
     0.015686    0.051762
     0.013306    0.048022
     0.011215    0.044388
     0.009385    0.040861
     0.007789    0.037442
     0.006403    0.034132
     0.005205    0.030930
     0.004176    0.027835
     0.003298    0.024844
     0.002554    0.021955
     0.001931    0.019164
     0.001417    0.016469
     0.000998    0.013866
     0.000665    0.011353
     0.000408    0.008927
     0.000219    0.006583
     0.000092    0.004317
     0.000021    0.002124
     0.000005    0.001063
     0.000000    0.000000
     0.001735   -0.000787
     0.003524   -0.001452
     0.005408   -0.002128
     0.007370   -0.002792
     0.009409   -0.003456
     0.011528   -0.004125
     0.013734   -0.004798
     0.016031   -0.005477
     0.018427   -0.006164
     0.020928   -0.006860
     0.023541   -0.007566
     0.026277   -0.008283
     0.029144   -0.009013
     0.032154   -0.009756
     0.035320   -0.010514
     0.038656   -0.011287
     0.042176   -0.012077
     0.045900   -0.012884
     0.049846   -0.013710
     0.054039   -0.014556
     0.058502   -0.015422
     0.063267   -0.016309
     0.068365   -0.017218
     0.073834   -0.018150
     0.079715   -0.019103
     0.086052   -0.020076
     0.092896   -0.021069
     0.100300   -0.022078
     0.108318   -0.023098
     0.117006   -0.024123
     0.126414   -0.025145
     0.136584   -0.026153
     0.147546   -0.027134
     0.159309   -0.028074
     0.171859   -0.028956
     0.185161   -0.029765
     0.199157   -0.030488
     0.213773   -0.031116
     0.228926   -0.031640
     0.244535   -0.032058
     0.260520   -0.032371
     0.276813   -0.032583
     0.293352   -0.032701
     0.310090   -0.032733
     0.326988   -0.032689
     0.344013   -0.032577
     0.361140   -0.032409
     0.378352   -0.032194
     0.395631   -0.031942
     0.412965   -0.031662
     0.430342   -0.031364
     0.447751   -0.031055
     0.465184   -0.030744
     0.482628   -0.030435
     0.500078   -0.030136
     0.517530   -0.029851
     0.534983   -0.029582
     0.552434   -0.029334
     0.569885   -0.029106
     0.587336   -0.028899
     0.604786   -0.028710
     0.622233   -0.028538
     0.639674   -0.028378
     0.657104   -0.028223
     0.674511   -0.028067
     0.691884   -0.027899
     0.709215   -0.027709
     0.726492   -0.027483
     0.743708   -0.027207
     0.760854   -0.026865
     0.777922   -0.026439
     0.794904   -0.025909
     0.811793   -0.025255
     0.828581   -0.024454
     0.845262   -0.023482
     0.861828   -0.022315
     0.878274   -0.020927
     0.894595   -0.019292
     0.910785   -0.017383
     0.926840   -0.015172
     0.942760   -0.012631
     0.958543   -0.009730
     0.974192   -0.006440
     0.989711   -0.002726
     1.000000    0.000000
