     1.000000    0.000000
     0.991027    0.005304
     0.977377    0.013021
     0.963459    0.020474
     0.949244    0.027677
     0.934704    0.034640
     0.919812    0.041376
     0.904537    0.047892
     0.888853    0.054196
     0.872730    0.060295
     0.856140    0.066194
     0.839056    0.071898
     0.821452    0.077412
     0.803306    0.082737
     0.784597    0.087876
     0.765312    0.092829
     0.745443    0.097595
     0.724993    0.102173
     0.703974    0.106560
     0.682410    0.110749
     0.660342    0.114736
     0.637822    0.118511
     0.614919    0.122065
     0.591713    0.125388
     0.568297    0.128468
     0.544770    0.131292
     0.521238    0.133850
     0.497806    0.136128
     0.474577    0.138118
     0.451649    0.139809
     0.429111    0.141196
     0.407045    0.142273
     0.385522    0.143038
     0.364603    0.143492
     0.344342    0.143639
     0.324780    0.143486
     0.305953    0.143040
     0.287884    0.142315
     0.270591    0.141324
     0.254084    0.140083
     0.238365    0.138610
     0.223427    0.136924
     0.209260    0.135043
     0.195847    0.132987
     0.183163    0.130774
     0.171185    0.128422
     0.159881    0.125948
     0.149220    0.123368
     0.139170    0.120694
     0.129697    0.117940
     0.120768    0.115116
     0.112350    0.112232
     0.104414    0.109295
     0.096928    0.106312
     0.089864    0.103288
     0.083197    0.100228
     0.076902    0.097136
     0.070956    0.094014
     0.065339    0.090864
     0.060032    0.087687
     0.055017    0.084486
     0.050279    0.081259
     0.045804    0.078008
     0.041580    0.074732
     0.037595    0.071431
     0.033840    0.068105
     0.030306    0.064754
     0.026985    0.061375
     0.023872    0.057970
     0.020961    0.054538
     0.018247    0.051077
     0.015727    0.047588
     0.013398    0.044071
     0.011257    0.040526
     0.009304    0.036953
     0.007538    0.033353
     0.005957    0.029726
     0.004562    0.026075
     0.003352    0.022401
     0.002328    0.018705
     0.001490    0.014990
     0.000838    0.011259
     0.000372    0.007518
     0.000093    0.003767
     0.000024    0.001885
     0.000000    0.000000
     0.000044   -0.003502
     0.000206   -0.006994
     0.000484   -0.010442
     0.000875   -0.013857
     0.001385   -0.017233
     0.002020   -0.020565
     0.002785   -0.023849
     0.003686   -0.027081
     0.004724   -0.030258
     0.005903   -0.033376
     0.007226   -0.036431
     0.008696   -0.039417
     0.010315   -0.042332
     0.012084   -0.045171
     0.014005   -0.047930
     0.016077   -0.050607
     0.018300   -0.053199
     0.020676   -0.055703
     0.023202   -0.058119
     0.025880   -0.060445
     0.028710   -0.062682
     0.031693   -0.064831
     0.034831   -0.066891
     0.038126   -0.068864
     0.041581   -0.070752
     0.045203   -0.072557
     0.048997   -0.074279
     0.052972   -0.075921
     0.057136   -0.077483
     0.061500   -0.078967
     0.066079   -0.080374
     0.070886   -0.081703
     0.075941   -0.082956
     0.081263   -0.084130
     0.086875   -0.085224
     0.092805   -0.086237
     0.099084   -0.087165
     0.105746   -0.088003
     0.112831   -0.088747
     0.120384   -0.089390
     0.128457   -0.089922
     0.137108   -0.090335
     0.146401   -0.090615
     0.156407   -0.090747
     0.167205   -0.090715
     0.178875   -0.090498
     0.191505   -0.090075
     0.205178   -0.089420
     0.219972   -0.088510
     0.235955   -0.087318
     0.253174   -0.085821
     0.271654   -0.084000
     0.291392   -0.081841
     0.312361   -0.079337
     0.334508   -0.076488
     0.357770   -0.073300
     0.382074   -0.069787
     0.407350   -0.065965
     0.433529   -0.061856
     0.460546   -0.057485
     0.488327   -0.052884
     0.516756   -0.048096
     0.545631   -0.043185
     0.574572   -0.038250
     0.603107   -0.033412
     0.630924   -0.028759
     0.657865   -0.024351
     0.683858   -0.020227
     0.708882   -0.016415
     0.732943   -0.012931
     0.756064   -0.009786
     0.778276   -0.006987
     0.799619   -0.004533
     0.820135   -0.002425
     0.839872   -0.000657
     0.858875    0.000774
     0.877192    0.001876
     0.894871    0.002656
     0.911961    0.003119
     0.928509    0.003272
     0.944562    0.003121
     0.960171    0.002669
     0.975382    0.001918
     0.990246    0.000867
     1.000000    0.000000
