     1.000000    0.000000
     0.990179    0.007084
     0.975133    0.017698
     0.959780    0.028224
     0.944185    0.038579
     0.928394    0.048703
     0.912439    0.058546
     0.896343    0.068072
     0.880119    0.077250
     0.863776    0.086057
     0.847318    0.094472
     0.830747    0.102482
     0.814063    0.110071
     0.797266    0.117230
     0.780354    0.123949
     0.763325    0.130222
     0.746177    0.136042
     0.728910    0.141406
     0.711521    0.146312
     0.694008    0.150758
     0.676371    0.154746
     0.658608    0.158278
     0.640718    0.161358
     0.622701    0.163991
     0.604557    0.166185
     0.586285    0.167948
     0.567886    0.169290
     0.549360    0.170221
     0.530708    0.170755
     0.511933    0.170906
     0.493036    0.170687
     0.474022    0.170116
     0.454894    0.169208
     0.435659    0.167981
     0.416325    0.166454
     0.396903    0.164645
     0.377407    0.162574
     0.357857    0.160259
     0.338279    0.157721
     0.318705    0.154981
     0.299179    0.152057
     0.279757    0.148970
     0.260511    0.145740
     0.241529    0.142389
     0.222917    0.138935
     0.204794    0.135400
     0.187291    0.131804
     0.170536    0.128164
     0.154647    0.124497
     0.139714    0.120815
     0.125797    0.117127
     0.112920    0.113437
     0.101071    0.109745
     0.090216    0.106047
     0.080301    0.102336
     0.071265    0.098605
     0.063044    0.094847
     0.055574    0.091054
     0.048800    0.087221
     0.042670    0.083347
     0.037137    0.079432
     0.032162    0.075481
     0.027708    0.071504
     0.023738    0.067511
     0.020221    0.063519
     0.017121    0.059543
     0.014407    0.055602
     0.012044    0.051713
     0.009999    0.047890
     0.008238    0.044148
     0.006731    0.040496
     0.005448    0.036942
     0.004361    0.033491
     0.003446    0.030147
     0.002682    0.026911
     0.002049    0.023781
     0.001529    0.020757
     0.001108    0.017836
     0.000771    0.015015
     0.000506    0.012292
     0.000304    0.009664
     0.000157    0.007125
     0.000060    0.004672
     0.000010    0.002298
    -0.000000    0.001149
     0.000000    0.000000
     0.000113   -0.001987
     0.000487   -0.003918
     0.001146   -0.005854
     0.002093   -0.007730
     0.003325   -0.009498
     0.004814   -0.011140
     0.006526   -0.012648
     0.008436   -0.014027
     0.010520   -0.015284
     0.012764   -0.016432
     0.015157   -0.017483
     0.017695   -0.018445
     0.020377   -0.019330
     0.023206   -0.020143
     0.026187   -0.020893
     0.029327   -0.021583
     0.032636   -0.022219
     0.036125   -0.022803
     0.039810   -0.023339
     0.043707   -0.023828
     0.047835   -0.024271
     0.052217   -0.024669
     0.056878   -0.025021
     0.061848   -0.025328
     0.067161   -0.025588
     0.072857   -0.025799
     0.078977   -0.025959
     0.085571   -0.026064
     0.092692   -0.026111
     0.100399   -0.026096
     0.108754   -0.026012
     0.117823   -0.025857
     0.127667   -0.025624
     0.138342   -0.025310
     0.149888   -0.024912
     0.162328   -0.024430
     0.175652   -0.023869
     0.189825   -0.023233
     0.204777   -0.022534
     0.220417   -0.021786
     0.236632   -0.021004
     0.253303   -0.020204
     0.270321   -0.019403
     0.287595   -0.018613
     0.305053   -0.017848
     0.322642   -0.017115
     0.340320   -0.016424
     0.358062   -0.015779
     0.375846   -0.015185
     0.393662   -0.014646
     0.411501   -0.014163
     0.429360   -0.013738
     0.447236   -0.013370
     0.465129   -0.013060
     0.483040   -0.012806
     0.500970   -0.012608
     0.518923   -0.012461
     0.536898   -0.012364
     0.554899   -0.012312
     0.572926   -0.012301
     0.590980   -0.012326
     0.609058   -0.012381
     0.627157   -0.012460
     0.645268   -0.012554
     0.663379   -0.012655
     0.681469   -0.012755
     0.699519   -0.012842
     0.717512   -0.012908
     0.735438   -0.012940
     0.753284   -0.012928
     0.771043   -0.012859
     0.788706   -0.012722
     0.806265   -0.012503
     0.823714   -0.012191
     0.841044   -0.011773
     0.858248   -0.011236
     0.875316   -0.010569
     0.892237   -0.009758
     0.908998   -0.008793
     0.925584   -0.007664
     0.941977   -0.006360
     0.958153   -0.004875
     0.974083   -0.003205
     0.989735   -0.001344
     1.000000    0.000000
