     1.000000    0.000000
     0.989512    0.005838
     0.972297    0.015400
     0.953503    0.025787
     0.933500    0.036744
     0.912716    0.047984
     0.891538    0.059245
     0.870251    0.070331
     0.849039    0.081109
     0.828006    0.091498
     0.807202    0.101454
     0.786646    0.110951
     0.766339    0.119978
     0.746272    0.128533
     0.726430    0.136615
     0.706799    0.144228
     0.687362    0.151375
     0.668104    0.158061
     0.649012    0.164291
     0.630072    0.170068
     0.611272    0.175399
     0.592603    0.180286
     0.574056    0.184734
     0.555624    0.188745
     0.537301    0.192324
     0.519083    0.195474
     0.500967    0.198196
     0.482954    0.200494
     0.465043    0.202370
     0.447238    0.203827
     0.429544    0.204867
     0.411969    0.205494
     0.394521    0.205709
     0.377215    0.205517
     0.360064    0.204923
     0.343087    0.203931
     0.326305    0.202549
     0.309743    0.200784
     0.293428    0.198646
     0.277389    0.196148
     0.261661    0.193302
     0.246278    0.190127
     0.231277    0.186642
     0.216694    0.182868
     0.202566    0.178830
     0.188928    0.174555
     0.175809    0.170070
     0.163237    0.165407
     0.151233    0.160593
     0.139811    0.155659
     0.128978    0.150633
     0.118737    0.145539
     0.109081    0.140403
     0.100002    0.135245
     0.091482    0.130082
     0.083504    0.124931
     0.076047    0.119803
     0.069087    0.114708
     0.062600    0.109654
     0.056563    0.104647
     0.050952    0.099692
     0.045743    0.094790
     0.040916    0.089946
     0.036450    0.085159
     0.032325    0.080431
     0.028523    0.075764
     0.025027    0.071157
     0.021822    0.066611
     0.018893    0.062127
     0.016226    0.057707
     0.013809    0.053350
     0.011628    0.049058
     0.009674    0.044834
     0.007933    0.040678
     0.006396    0.036591
     0.005053    0.032578
     0.003892    0.028638
     0.002903    0.024775
     0.002078    0.020990
     0.001405    0.017283
     0.000875    0.013659
     0.000479    0.010118
     0.000207    0.006663
     0.000050    0.003292
     0.000012    0.001647
     0.000000    0.000000
     0.000064   -0.003099
     0.000272   -0.006185
     0.000632   -0.009309
     0.001151   -0.012453
     0.001837   -0.015607
     0.002701   -0.018762
     0.003749   -0.021910
     0.004988   -0.025044
     0.006422   -0.028157
     0.008054   -0.031242
     0.009887   -0.034293
     0.011924   -0.037306
     0.014167   -0.040276
     0.016617   -0.043201
     0.019276   -0.046079
     0.022147   -0.048909
     0.025235   -0.051692
     0.028544   -0.054427
     0.032080   -0.057117
     0.035853   -0.059762
     0.039871   -0.062365
     0.044148   -0.064928
     0.048696   -0.067451
     0.053533   -0.069937
     0.058678   -0.072386
     0.064152   -0.074800
     0.069980   -0.077178
     0.076188   -0.079520
     0.082806   -0.081824
     0.089867   -0.084086
     0.097406   -0.086303
     0.105460   -0.088467
     0.114066   -0.090571
     0.123264   -0.092604
     0.133089   -0.094552
     0.143575   -0.096398
     0.154750   -0.098125
     0.166634   -0.099710
     0.179237   -0.101129
     0.192557   -0.102358
     0.206580   -0.103369
     0.221281   -0.104139
     0.236624   -0.104642
     0.252566   -0.104858
     0.269059   -0.104766
     0.286056   -0.104353
     0.303511   -0.103605
     0.321382   -0.102513
     0.339638   -0.101068
     0.358249   -0.099265
     0.377199   -0.097100
     0.396479   -0.094569
     0.416088   -0.091668
     0.436035   -0.088395
     0.456337   -0.084746
     0.477019   -0.080718
     0.498115   -0.076308
     0.519667   -0.071513
     0.541718   -0.066334
     0.564310   -0.060777
     0.587465   -0.054862
     0.611154   -0.048629
     0.635248   -0.042165
     0.659425   -0.035619
     0.683143   -0.029216
     0.705962   -0.023149
     0.727695   -0.017530
     0.748301   -0.012416
     0.767820   -0.007827
     0.786330   -0.003765
     0.803923   -0.000219
     0.820694    0.002826
     0.836733    0.005385
     0.852130    0.007475
     0.866968    0.009109
     0.881328    0.010297
     0.895287    0.011046
     0.908924    0.011356
     0.922321    0.011221
     0.935569    0.010624
     0.948774    0.009538
     0.962076    0.007911
     0.975670    0.005657
     0.989877    0.002616
     1.000000    0.000000
