     1.000000    0.000000
     0.992015    0.008659
     0.979741    0.021230
     0.967095    0.033310
     0.954066    0.044865
     0.940644    0.055866
     0.926827    0.066281
     0.912618    0.076080
     0.898022    0.085233
     0.883053    0.093716
     0.867725    0.101507
     0.852059    0.108592
     0.836081    0.114963
     0.819815    0.120619
     0.803290    0.125569
     0.786536    0.129826
     0.769579    0.133412
     0.752446    0.136355
     0.735162    0.138685
     0.717750    0.140439
     0.700230    0.141652
     0.682618    0.142364
     0.664930    0.142612
     0.647179    0.142437
     0.629375    0.141873
     0.611528    0.140959
     0.593644    0.139727
     0.575730    0.138209
     0.557791    0.136435
     0.539832    0.134434
     0.521856    0.132230
     0.503866    0.129847
     0.485867    0.127305
     0.467860    0.124624
     0.449850    0.121820
     0.431840    0.118909
     0.413835    0.115903
     0.395841    0.112813
     0.377865    0.109650
     0.359917    0.106422
     0.342010    0.103135
     0.324161    0.099796
     0.306393    0.096411
     0.288737    0.092985
     0.271235    0.089525
     0.253938    0.086038
     0.236916    0.082533
     0.220251    0.079023
     0.204043    0.075525
     0.188401    0.072058
     0.173437    0.068646
     0.159257    0.065311
     0.145945    0.062077
     0.133553    0.058963
     0.122103    0.055983
     0.111578    0.053144
     0.101940    0.050447
     0.093130    0.047889
     0.085078    0.045463
     0.077713    0.043159
     0.070966    0.040967
     0.064771    0.038877
     0.059068    0.036879
     0.053805    0.034962
     0.048935    0.033117
     0.044415    0.031336
     0.040211    0.029611
     0.036292    0.027933
     0.032630    0.026297
     0.029203    0.024695
     0.025991    0.023122
     0.022978    0.021571
     0.020148    0.020036
     0.017492    0.018511
     0.014998    0.016990
     0.012662    0.015465
     0.010478    0.013929
     0.008447    0.012373
     0.006569    0.010788
     0.004858    0.009160
     0.003331    0.007479
     0.002013    0.005725
     0.000955    0.003884
     0.000268    0.001971
     0.000085    0.001000
     0.000000    0.000000
     0.000823   -0.001636
     0.002397   -0.002672
     0.004183   -0.003453
     0.006092   -0.004088
     0.008113   -0.004635
     0.010223   -0.005122
     0.012424   -0.005564
     0.014720   -0.005974
     0.017117   -0.006357
     0.019618   -0.006720
     0.022231   -0.007067
     0.024965   -0.007400
     0.027828   -0.007722
     0.030832   -0.008035
     0.033989   -0.008341
     0.037312   -0.008641
     0.040817   -0.008937
     0.044521   -0.009230
     0.048445   -0.009522
     0.052611   -0.009812
     0.057045   -0.010103
     0.061777   -0.010395
     0.066840   -0.010690
     0.072272   -0.010988
     0.078115   -0.011291
     0.084418   -0.011599
     0.091232   -0.011914
     0.098613   -0.012236
     0.106622   -0.012566
     0.115317   -0.012905
     0.124755   -0.013253
     0.134982   -0.013610
     0.146031   -0.013975
     0.157910   -0.014346
     0.170604   -0.014723
     0.184069   -0.015101
     0.198234   -0.015478
     0.213014   -0.015852
     0.228313   -0.016217
     0.244036   -0.016572
     0.260097   -0.016914
     0.276420   -0.017241
     0.292942   -0.017549
     0.309614   -0.017838
     0.326397   -0.018106
     0.343261   -0.018351
     0.360183   -0.018572
     0.377148   -0.018767
     0.394144   -0.018936
     0.411160   -0.019075
     0.428192   -0.019185
     0.445233   -0.019263
     0.462281   -0.019309
     0.479333   -0.019321
     0.496388   -0.019297
     0.513444   -0.019237
     0.530500   -0.019138
     0.547555   -0.019001
     0.564609   -0.018822
     0.581662   -0.018603
     0.598713   -0.018340
     0.615763   -0.018034
     0.632811   -0.017684
     0.649857   -0.017289
     0.666902   -0.016848
     0.683944   -0.016362
     0.700984   -0.015829
     0.718023   -0.015250
     0.735060   -0.014626
     0.752095   -0.013955
     0.769127   -0.013240
     0.786157   -0.012481
     0.803183   -0.011679
     0.820204   -0.010835
     0.837219   -0.009952
     0.854225   -0.009031
     0.871219   -0.008075
     0.888196   -0.007087
     0.905149   -0.006070
     0.922067   -0.005029
     0.938937   -0.003967
     0.955740   -0.002891
     0.972450   -0.001807
     0.989033   -0.000721
     1.000000    0.000000
