     1.000000    0.000000
     0.990159    0.007171
     0.975060    0.017826
     0.959611    0.028300
     0.943867    0.038529
     0.927868    0.048471
     0.911646    0.058093
     0.895220    0.067370
     0.878606    0.076285
     0.861814    0.084827
     0.844850    0.092987
     0.827718    0.100759
     0.810420    0.108140
     0.792957    0.115126
     0.775329    0.121719
     0.757535    0.127917
     0.739576    0.133722
     0.721450    0.139137
     0.703158    0.144164
     0.684699    0.148806
     0.666072    0.153069
     0.647280    0.156956
     0.628323    0.160472
     0.609203    0.163625
     0.589925    0.166419
     0.570492    0.168862
     0.550910    0.170961
     0.531187    0.172722
     0.511333    0.174153
     0.491358    0.175262
     0.471277    0.176056
     0.451107    0.176543
     0.430869    0.176729
     0.410588    0.176622
     0.390294    0.176227
     0.370022    0.175551
     0.349815    0.174598
     0.329723    0.173374
     0.309805    0.171883
     0.290128    0.170130
     0.270767    0.168118
     0.251808    0.165854
     0.233341    0.163344
     0.215458    0.160596
     0.198247    0.157621
     0.181792    0.154432
     0.166158    0.151043
     0.151397    0.147469
     0.137537    0.143727
     0.124588    0.139832
     0.112543    0.135799
     0.101378    0.131641
     0.091060    0.127369
     0.081549    0.122994
     0.072804    0.118525
     0.064782    0.113973
     0.057440    0.109346
     0.050739    0.104655
     0.044642    0.099914
     0.039113    0.095136
     0.034119    0.090337
     0.029626    0.085533
     0.025602    0.080744
     0.022015    0.075987
     0.018832    0.071281
     0.016022    0.066643
     0.013553    0.062088
     0.011393    0.057629
     0.009513    0.053277
     0.007884    0.049041
     0.006479    0.044927
     0.005274    0.040939
     0.004245    0.037079
     0.003373    0.033347
     0.002638    0.029743
     0.002024    0.026265
     0.001518    0.022908
     0.001104    0.019671
     0.000771    0.016549
     0.000508    0.013539
     0.000307    0.010637
     0.000161    0.007837
     0.000064    0.005135
     0.000012    0.002524
     0.000001    0.001262
     0.000000    0.000000
     0.000045   -0.002163
     0.000281   -0.004300
     0.000720   -0.006454
     0.001394   -0.008585
     0.002368   -0.010633
     0.003690   -0.012529
     0.005357   -0.014194
     0.007337   -0.015574
     0.009565   -0.016654
     0.011987   -0.017452
     0.014560   -0.018004
     0.017263   -0.018343
     0.020085   -0.018503
     0.023026   -0.018504
     0.026087   -0.018367
     0.029279   -0.018102
     0.032611   -0.017720
     0.036097   -0.017226
     0.039753   -0.016623
     0.043597   -0.015913
     0.047652   -0.015096
     0.051942   -0.014168
     0.056494   -0.013126
     0.061343   -0.011966
     0.066525   -0.010679
     0.072085   -0.009257
     0.078070   -0.007692
     0.084538   -0.005972
     0.091548   -0.004087
     0.099168   -0.002026
     0.107462    0.000219
     0.116494    0.002652
     0.126316    0.005271
     0.136971    0.008067
     0.148477    0.011023
     0.160826    0.014109
     0.173982    0.017286
     0.187881    0.020511
     0.202441    0.023737
     0.217568    0.026916
     0.233171    0.030007
     0.249165    0.032976
     0.265476    0.035794
     0.282045    0.038442
     0.298825    0.040903
     0.315781    0.043169
     0.332885    0.045233
     0.350117    0.047093
     0.367465    0.048747
     0.384916    0.050197
     0.402465    0.051444
     0.420105    0.052491
     0.437831    0.053342
     0.455641    0.054001
     0.473532    0.054472
     0.491499    0.054761
     0.509541    0.054871
     0.527652    0.054809
     0.545830    0.054580
     0.564069    0.054188
     0.582364    0.053638
     0.600708    0.052937
     0.619094    0.052087
     0.637513    0.051094
     0.655956    0.049962
     0.674413    0.048694
     0.692872    0.047292
     0.711318    0.045760
     0.729740    0.044099
     0.748120    0.042309
     0.766443    0.040390
     0.784691    0.038342
     0.802846    0.036163
     0.820888    0.033850
     0.838796    0.031401
     0.856550    0.028810
     0.874125    0.026074
     0.891499    0.023190
     0.908644    0.020152
     0.925534    0.016958
     0.942139    0.013606
     0.958424    0.010096
     0.974352    0.006432
     0.989882    0.002619
     1.000000    0.000000
