     1.000000    0.000000
     0.990791    0.006830
     0.976652    0.016927
     0.962137    0.026823
     0.947272    0.036487
     0.932074    0.045902
     0.916555    0.055053
     0.900723    0.063932
     0.884585    0.072534
     0.868145    0.080853
     0.851408    0.088887
     0.834378    0.096634
     0.817062    0.104092
     0.799466    0.111259
     0.781599    0.118131
     0.763473    0.124706
     0.745101    0.130981
     0.726499    0.136952
     0.707686    0.142613
     0.688682    0.147961
     0.669511    0.152990
     0.650198    0.157694
     0.630770    0.162069
     0.611254    0.166107
     0.591680    0.169803
     0.572077    0.173153
     0.552475    0.176150
     0.532902    0.178790
     0.513389    0.181068
     0.493963    0.182980
     0.474651    0.184524
     0.455479    0.185697
     0.436473    0.186497
     0.417658    0.186923
     0.399056    0.186974
     0.380689    0.186652
     0.362582    0.185957
     0.344754    0.184895
     0.327228    0.183467
     0.310027    0.181680
     0.293171    0.179540
     0.276685    0.177057
     0.260591    0.174242
     0.244915    0.171107
     0.229681    0.167667
     0.214914    0.163942
     0.200640    0.159951
     0.186885    0.155719
     0.173671    0.151270
     0.161020    0.146634
     0.148949    0.141841
     0.137474    0.136922
     0.126602    0.131908
     0.116337    0.126830
     0.106676    0.121717
     0.097611    0.116596
     0.089128    0.111492
     0.081209    0.106426
     0.073830    0.101414
     0.066969    0.096470
     0.060597    0.091607
     0.054687    0.086830
     0.049213    0.082147
     0.044146    0.077559
     0.039460    0.073068
     0.035132    0.068674
     0.031137    0.064375
     0.027455    0.060169
     0.024065    0.056054
     0.020951    0.052025
     0.018095    0.048080
     0.015485    0.044214
     0.013107    0.040425
     0.010950    0.036709
     0.009005    0.033062
     0.007264    0.029482
     0.005720    0.025965
     0.004367    0.022510
     0.003202    0.019116
     0.002219    0.015780
     0.001417    0.012501
     0.000795    0.009283
     0.000356    0.006128
     0.000095    0.003035
     0.000028    0.001520
     0.000000    0.000000
     0.000050   -0.002852
     0.000246   -0.005690
     0.000592   -0.008530
     0.001094   -0.011362
     0.001770   -0.014172
     0.002642   -0.016943
     0.003723   -0.019660
     0.005027   -0.022303
     0.006561   -0.024854
     0.008328   -0.027293
     0.010331   -0.029602
     0.012562   -0.031767
     0.015014   -0.033779
     0.017676   -0.035632
     0.020541   -0.037327
     0.023600   -0.038866
     0.026850   -0.040254
     0.030290   -0.041499
     0.033923   -0.042607
     0.037754   -0.043584
     0.041795   -0.044436
     0.046060   -0.045167
     0.050567   -0.045783
     0.055338   -0.046283
     0.060403   -0.046671
     0.065794   -0.046946
     0.071554   -0.047105
     0.077729   -0.047145
     0.084380   -0.047062
     0.091578   -0.046847
     0.099407   -0.046492
     0.107971   -0.045986
     0.117391   -0.045315
     0.127812   -0.044466
     0.139394   -0.043425
     0.152303   -0.042182
     0.166679   -0.040739
     0.182569   -0.039118
     0.199849   -0.037375
     0.218256   -0.035587
     0.237478   -0.033842
     0.257219   -0.032218
     0.277253   -0.030780
     0.297429   -0.029569
     0.317662   -0.028617
     0.337917   -0.027941
     0.358190   -0.027552
     0.378502   -0.027456
     0.398884   -0.027658
     0.419381   -0.028158
     0.440041   -0.028957
     0.460920   -0.030053
     0.482077   -0.031443
     0.503569   -0.033121
     0.525451   -0.035075
     0.547757   -0.037286
     0.570481   -0.039722
     0.593534   -0.042326
     0.616680   -0.045012
     0.639492   -0.047658
     0.661547   -0.050141
     0.682637   -0.052374
     0.702698   -0.054300
     0.721750   -0.055885
     0.739850   -0.057111
     0.757074   -0.057968
     0.773503   -0.058454
     0.789213   -0.058568
     0.804280   -0.058312
     0.818769   -0.057687
     0.832744   -0.056696
     0.846261   -0.055338
     0.859373   -0.053611
     0.872129   -0.051513
     0.884574   -0.049037
     0.896753   -0.046175
     0.908709   -0.042912
     0.920490   -0.039231
     0.932146   -0.035105
     0.943732   -0.030498
     0.955321   -0.025358
     0.967006   -0.019605
     0.978924   -0.013115
     0.991300   -0.005680
     1.000000    0.000000
