     1.000000    0.000000
     0.991925    0.008999
     0.979681    0.022026
     0.967270    0.034516
     0.954682    0.046477
     0.941903    0.057919
     0.928923    0.068852
     0.915733    0.079281
     0.902325    0.089213
     0.888689    0.098654
     0.874815    0.107609
     0.860693    0.116084
     0.846313    0.124085
     0.831665    0.131618
     0.816738    0.138688
     0.801520    0.145300
     0.786000    0.151460
     0.770169    0.157175
     0.754016    0.162448
     0.737531    0.167286
     0.720705    0.171693
     0.703532    0.175677
     0.686005    0.179241
     0.668123    0.182393
     0.649885    0.185138
     0.631293    0.187482
     0.612355    0.189433
     0.593082    0.190998
     0.573489    0.192183
     0.553596    0.192998
     0.533430    0.193450
     0.513020    0.193548
     0.492402    0.193300
     0.471616    0.192715
     0.450708    0.191800
     0.429726    0.190564
     0.408724    0.189014
     0.387760    0.187157
     0.366895    0.184999
     0.346193    0.182546
     0.325724    0.179805
     0.305557    0.176783
     0.285769    0.173487
     0.266434    0.169929
     0.247632    0.166121
     0.229438    0.162078
     0.211926    0.157820
     0.195164    0.153370
     0.179211    0.148754
     0.164111    0.144001
     0.149897    0.139142
     0.136584    0.134205
     0.124170    0.129221
     0.112641    0.124214
     0.101970    0.119208
     0.092118    0.114221
     0.083043    0.109271
     0.074698    0.104367
     0.067035    0.099520
     0.060005    0.094736
     0.053564    0.090019
     0.047666    0.085372
     0.042272    0.080797
     0.037345    0.076294
     0.032851    0.071866
     0.028758    0.067512
     0.025039    0.063232
     0.021667    0.059027
     0.018620    0.054898
     0.015876    0.050845
     0.013414    0.046870
     0.011218    0.042974
     0.009268    0.039157
     0.007550    0.035422
     0.006048    0.031769
     0.004747    0.028201
     0.003634    0.024718
     0.002695    0.021322
     0.001918    0.018012
     0.001289    0.014790
     0.000799    0.011656
     0.000435    0.008613
     0.000187    0.005658
     0.000046    0.002789
     0.000011    0.001395
     0.000000    0.000000
     0.000061   -0.002362
     0.000279   -0.004704
     0.000662   -0.007074
     0.001221   -0.009449
     0.001971   -0.011811
     0.002931   -0.014139
     0.004106   -0.016415
     0.005501   -0.018622
     0.007115   -0.020742
     0.008943   -0.022762
     0.010978   -0.024670
     0.013212   -0.026461
     0.015637   -0.028132
     0.018244   -0.029682
     0.021028   -0.031113
     0.023988   -0.032428
     0.027121   -0.033632
     0.030432   -0.034727
     0.033923   -0.035717
     0.037603   -0.036605
     0.041481   -0.037393
     0.045571   -0.038082
     0.049888   -0.038673
     0.054449   -0.039164
     0.059278   -0.039555
     0.064400   -0.039843
     0.069843   -0.040022
     0.075643   -0.040089
     0.081840   -0.040035
     0.088479   -0.039853
     0.095612   -0.039530
     0.103300   -0.039056
     0.111609   -0.038416
     0.120614   -0.037593
     0.130396   -0.036570
     0.141043   -0.035328
     0.152639   -0.033850
     0.165263   -0.032120
     0.178976   -0.030131
     0.193809   -0.027883
     0.209742   -0.025394
     0.226689   -0.022699
     0.244477   -0.019854
     0.262866   -0.016934
     0.281623   -0.014010
     0.300565   -0.011146
     0.319563   -0.008390
     0.338537   -0.005779
     0.357440   -0.003340
     0.376250   -0.001093
     0.394960    0.000949
     0.413577    0.002776
     0.432112    0.004381
     0.450580    0.005759
     0.469000    0.006906
     0.487393    0.007821
     0.505782    0.008502
     0.524189    0.008950
     0.542639    0.009165
     0.561159    0.009150
     0.579774    0.008907
     0.598513    0.008442
     0.617402    0.007760
     0.636469    0.006871
     0.655736    0.005787
     0.675218    0.004523
     0.694914    0.003102
     0.714799    0.001555
     0.734802   -0.000077
     0.754787   -0.001741
     0.774543   -0.003371
     0.793899   -0.004903
     0.812754   -0.006284
     0.831061   -0.007466
     0.848810   -0.008413
     0.866016   -0.009094
     0.882710   -0.009482
     0.898934   -0.009554
     0.914740   -0.009289
     0.930187   -0.008664
     0.945344   -0.007654
     0.960292   -0.006227
     0.975129   -0.004342
     0.989983   -0.001935
     1.000000    0.000000
