     1.000000    0.000000
     0.989080    0.004561
     0.972667    0.011608
     0.956215    0.018871
     0.939727    0.026296
     0.923208    0.033836
     0.906660    0.041446
     0.890088    0.049082
     0.873500    0.056702
     0.856896    0.064266
     0.840274    0.071741
     0.823628    0.079094
     0.806952    0.086298
     0.790239    0.093325
     0.773481    0.100150
     0.756673    0.106747
     0.739807    0.113093
     0.722880    0.119166
     0.705887    0.124944
     0.688825    0.130406
     0.671692    0.135531
     0.654489    0.140300
     0.637215    0.144696
     0.619873    0.148702
     0.602466    0.152301
     0.584999    0.155479
     0.567477    0.158226
     0.549907    0.160529
     0.532297    0.162380
     0.514654    0.163772
     0.496989    0.164700
     0.479310    0.165163
     0.461628    0.165158
     0.443953    0.164688
     0.426297    0.163756
     0.408670    0.162368
     0.391085    0.160530
     0.373553    0.158251
     0.356088    0.155543
     0.338704    0.152418
     0.321419    0.148891
     0.304252    0.144979
     0.287227    0.140701
     0.270375    0.136081
     0.253734    0.131147
     0.237351    0.125933
     0.221286    0.120480
     0.205611    0.114837
     0.190412    0.109063
     0.175781    0.103224
     0.161815    0.097393
     0.148602    0.091644
     0.136214    0.086046
     0.124696    0.080656
     0.114063    0.075519
     0.104300    0.070662
     0.095368    0.066094
     0.087212    0.061816
     0.079767    0.057816
     0.072965    0.054077
     0.066740    0.050580
     0.061031    0.047305
     0.055780    0.044232
     0.050938    0.041340
     0.046459    0.038611
     0.042306    0.036030
     0.038443    0.033580
     0.034842    0.031249
     0.031476    0.029024
     0.028324    0.026893
     0.025366    0.024848
     0.022586    0.022878
     0.019970    0.020974
     0.017506    0.019130
     0.015184    0.017337
     0.012997    0.015587
     0.010938    0.013873
     0.009002    0.012186
     0.007188    0.010518
     0.005499    0.008858
     0.003950    0.007192
     0.002551    0.005502
     0.001323    0.003763
     0.000418    0.001938
     0.000149    0.000991
     0.000000    0.000000
     0.001860    0.000265
     0.003699    0.000705
     0.005633    0.001126
     0.007636    0.001571
     0.009715    0.002011
     0.011874    0.002443
     0.014120    0.002870
     0.016458    0.003294
     0.018894    0.003712
     0.021437    0.004123
     0.024095    0.004527
     0.026876    0.004923
     0.029790    0.005310
     0.032850    0.005686
     0.036068    0.006051
     0.039458    0.006402
     0.043037    0.006738
     0.046822    0.007056
     0.050834    0.007352
     0.055097    0.007624
     0.059636    0.007867
     0.064482    0.008076
     0.069669    0.008245
     0.075235    0.008366
     0.081222    0.008430
     0.087678    0.008428
     0.094653    0.008346
     0.102201    0.008170
     0.110381    0.007883
     0.119246    0.007468
     0.128849    0.006905
     0.139231    0.006173
     0.150416    0.005254
     0.162409    0.004132
     0.175189    0.002798
     0.188710    0.001249
     0.202903   -0.000510
     0.217687   -0.002465
     0.232972   -0.004596
     0.248671   -0.006877
     0.264701   -0.009279
     0.280993   -0.011771
     0.297483   -0.014322
     0.314119   -0.016900
     0.330857   -0.019476
     0.347664   -0.022021
     0.364518   -0.024509
     0.381402   -0.026916
     0.398305   -0.029219
     0.415220   -0.031399
     0.432143   -0.033436
     0.449070   -0.035311
     0.465999   -0.037009
     0.482930   -0.038514
     0.499862   -0.039812
     0.516793   -0.040891
     0.533724   -0.041740
     0.550653   -0.042350
     0.567581   -0.042713
     0.584506   -0.042822
     0.601428   -0.042676
     0.618346   -0.042271
     0.635260   -0.041609
     0.652170   -0.040691
     0.669075   -0.039525
     0.685978   -0.038116
     0.702879   -0.036477
     0.719778   -0.034620
     0.736679   -0.032561
     0.753583   -0.030321
     0.770491   -0.027921
     0.787404   -0.025388
     0.804323   -0.022754
     0.821243   -0.020052
     0.838156   -0.017322
     0.855049   -0.014610
     0.871911   -0.011964
     0.888734   -0.009435
     0.905516   -0.007078
     0.922259   -0.004951
     0.938964   -0.003116
     0.955637   -0.001639
     0.972283   -0.000588
     0.988911   -0.000047
     1.000000    0.000000
