     1.000000    0.000000
     0.990616    0.008151
     0.976367    0.020241
     0.961915    0.032151
     0.947263    0.043848
     0.932415    0.055305
     0.917369    0.066496
     0.902125    0.077399
     0.886680    0.087989
     0.871032    0.098244
     0.855179    0.108140
     0.839120    0.117656
     0.822854    0.126769
     0.806382    0.135457
     0.789706    0.143698
     0.772828    0.151471
     0.755754    0.158757
     0.738491    0.165537
     0.721046    0.171793
     0.703430    0.177512
     0.685653    0.182681
     0.667729    0.187290
     0.649670    0.191333
     0.631492    0.194806
     0.613210    0.197708
     0.594839    0.200042
     0.576395    0.201814
     0.557893    0.203033
     0.539348    0.203709
     0.520773    0.203857
     0.502182    0.203492
     0.483588    0.202631
     0.465001    0.201292
     0.446432    0.199496
     0.427891    0.197262
     0.409388    0.194611
     0.390930    0.191563
     0.372528    0.188140
     0.354192    0.184361
     0.335932    0.180246
     0.317763    0.175817
     0.299701    0.171093
     0.281770    0.166096
     0.263998    0.160848
     0.246424    0.155375
     0.229099    0.149703
     0.212086    0.143867
     0.195467    0.137903
     0.179337    0.131857
     0.163802    0.125781
     0.148974    0.119731
     0.134957    0.113762
     0.121839    0.107930
     0.109675    0.102279
     0.098489    0.096841
     0.088268    0.091637
     0.078973    0.086672
     0.070547    0.081944
     0.062921    0.077440
     0.056023    0.073146
     0.049782    0.069043
     0.044133    0.065113
     0.039018    0.061339
     0.034382    0.057703
     0.030182    0.054191
     0.026375    0.050789
     0.022928    0.047485
     0.019811    0.044269
     0.016998    0.041134
     0.014467    0.038072
     0.012199    0.035080
     0.010176    0.032152
     0.008382    0.029289
     0.006804    0.026487
     0.005428    0.023747
     0.004240    0.021071
     0.003229    0.018459
     0.002380    0.015912
     0.001683    0.013431
     0.001124    0.011018
     0.000692    0.008676
     0.000373    0.006405
     0.000158    0.004205
     0.000037    0.002071
     0.000009    0.001037
     0.000000    0.000000
     0.001876   -0.000173
     0.003777   -0.000099
     0.005764   -0.000036
     0.007824    0.000060
     0.009955    0.000152
     0.012163    0.000237
     0.014454    0.000319
     0.016834    0.000397
     0.019310    0.000469
     0.021888    0.000532
     0.024576    0.000586
     0.027384    0.000630
     0.030321    0.000663
     0.033398    0.000683
     0.036628    0.000689
     0.040024    0.000678
     0.043601    0.000649
     0.047377    0.000600
     0.051372    0.000527
     0.055608    0.000427
     0.060111    0.000298
     0.064908    0.000133
     0.070033   -0.000072
     0.075523   -0.000323
     0.081417   -0.000628
     0.087762   -0.000994
     0.094607   -0.001432
     0.102006   -0.001952
     0.110017   -0.002567
     0.118695   -0.003292
     0.128096   -0.004139
     0.138265   -0.005126
     0.149237   -0.006264
     0.161023   -0.007567
     0.173615   -0.009040
     0.186975   -0.010687
     0.201043   -0.012503
     0.215740   -0.014479
     0.230978   -0.016600
     0.246666   -0.018848
     0.262717   -0.021199
     0.279055   -0.023634
     0.295615   -0.026127
     0.312343   -0.028658
     0.329194   -0.031205
     0.346133   -0.033748
     0.363133   -0.036266
     0.380177   -0.038743
     0.397250   -0.041160
     0.414343   -0.043503
     0.431450   -0.045754
     0.448566   -0.047900
     0.465689   -0.049924
     0.482816   -0.051815
     0.499946   -0.053556
     0.517077   -0.055136
     0.534209   -0.056541
     0.551340   -0.057759
     0.568470   -0.058777
     0.585596   -0.059585
     0.602718   -0.060172
     0.619833   -0.060527
     0.636940   -0.060640
     0.654036   -0.060505
     0.671118   -0.060113
     0.688184   -0.059457
     0.705232   -0.058533
     0.722257   -0.057336
     0.739256   -0.055864
     0.756228   -0.054114
     0.773169   -0.052088
     0.790076   -0.049787
     0.806946   -0.047212
     0.823776   -0.044369
     0.840564   -0.041264
     0.857309   -0.037905
     0.874006   -0.034299
     0.890654   -0.030459
     0.907250   -0.026396
     0.923789   -0.022125
     0.940267   -0.017663
     0.956675   -0.013029
     0.973003   -0.008243
     0.989237   -0.003333
     1.000000    0.000000
