     1.000000    0.000000
     0.992224    0.004314
     0.980419    0.010624
     0.968447    0.016740
     0.956316    0.022653
     0.944029    0.028357
     0.931589    0.033849
     0.918994    0.039126
     0.906243    0.044188
     0.893333    0.049034
     0.880258    0.053664
     0.867013    0.058078
     0.853592    0.062276
     0.839988    0.066259
     0.826193    0.070028
     0.812199    0.073583
     0.797999    0.076924
     0.783583    0.080052
     0.768942    0.082967
     0.754068    0.085668
     0.738951    0.088157
     0.723583    0.090433
     0.707954    0.092496
     0.692057    0.094346
     0.675882    0.095983
     0.659423    0.097407
     0.642672    0.098618
     0.625624    0.099617
     0.608274    0.100404
     0.590618    0.100979
     0.572654    0.101344
     0.554384    0.101500
     0.535808    0.101449
     0.516933    0.101193
     0.497768    0.100735
     0.478325    0.100079
     0.458621    0.099228
     0.438680    0.098187
     0.418531    0.096962
     0.398213    0.095559
     0.377772    0.093986
     0.357268    0.092252
     0.336775    0.090366
     0.316382    0.088341
     0.296194    0.086191
     0.276336    0.083935
     0.256948    0.081593
     0.238177    0.079186
     0.220170    0.076742
     0.203060    0.074285
     0.186954    0.071840
     0.171919    0.069429
     0.157983    0.067068
     0.145131    0.064771
     0.133321    0.062542
     0.122485    0.060385
     0.112547    0.058299
     0.103423    0.056278
     0.095033    0.054318
     0.087299    0.052413
     0.080152    0.050555
     0.073528    0.048739
     0.067372    0.046956
     0.061635    0.045200
     0.056273    0.043465
     0.051250    0.041743
     0.046534    0.040029
     0.042096    0.038314
     0.037912    0.036593
     0.033963    0.034859
     0.030232    0.033103
     0.026703    0.031319
     0.023367    0.029496
     0.020214    0.027625
     0.017240    0.025694
     0.014444    0.023692
     0.011828    0.021605
     0.009400    0.019415
     0.007176    0.017107
     0.005179    0.014661
     0.003440    0.012062
     0.002003    0.009294
     0.000918    0.006353
     0.000235    0.003258
     0.000059    0.001639
     0.000000    0.000000
     0.000031   -0.003344
     0.000178   -0.006679
     0.000431   -0.009907
     0.000786   -0.013065
     0.001248   -0.016150
     0.001827   -0.019157
     0.002533   -0.022085
     0.003374   -0.024931
     0.004356   -0.027689
     0.005487   -0.030354
     0.006774   -0.032919
     0.008223   -0.035374
     0.009838   -0.037710
     0.011619   -0.039917
     0.013567   -0.041987
     0.015677   -0.043912
     0.017944   -0.045689
     0.020362   -0.047315
     0.022924   -0.048791
     0.025623   -0.050121
     0.028457   -0.051309
     0.031423   -0.052362
     0.034520   -0.053285
     0.037751   -0.054085
     0.041121   -0.054768
     0.044638   -0.055340
     0.048310   -0.055804
     0.052151   -0.056165
     0.056176   -0.056424
     0.060402   -0.056584
     0.064854   -0.056644
     0.069555   -0.056604
     0.074539   -0.056461
     0.079841   -0.056213
     0.085507   -0.055854
     0.091591   -0.055377
     0.098156   -0.054774
     0.105282   -0.054033
     0.113063   -0.053141
     0.121614   -0.052083
     0.131073   -0.050841
     0.141596   -0.049394
     0.153355   -0.047726
     0.166500   -0.045829
     0.181097   -0.043716
     0.197062   -0.041431
     0.214208   -0.039041
     0.232288   -0.036621
     0.251051   -0.034245
     0.270292   -0.031967
     0.289868   -0.029830
     0.309691   -0.027858
     0.329723   -0.026066
     0.349954   -0.024459
     0.370397   -0.023041
     0.391081   -0.021807
     0.412042   -0.020756
     0.433323   -0.019880
     0.454971   -0.019172
     0.477035   -0.018623
     0.499563   -0.018222
     0.522596   -0.017955
     0.546165   -0.017805
     0.570266   -0.017750
     0.594843   -0.017763
     0.619737   -0.017814
     0.644635   -0.017866
     0.669213   -0.017883
     0.693307   -0.017832
     0.716852   -0.017686
     0.739840   -0.017425
     0.762292   -0.017032
     0.784239   -0.016493
     0.805713   -0.015800
     0.826740   -0.014945
     0.847333   -0.013925
     0.867488   -0.012742
     0.887177   -0.011400
     0.906346   -0.009912
     0.924910   -0.008296
     0.942757   -0.006579
     0.959754   -0.004794
     0.975771   -0.002980
     0.990693   -0.001178
     1.000000    0.000000
