     1.000000    0.000000
     0.989326    0.003937
     0.971780    0.010544
     0.952282    0.018067
     0.930785    0.026536
     0.907335    0.035936
     0.882111    0.046174
     0.855511    0.057042
     0.828272    0.068173
     0.801170    0.079178
     0.774623    0.089822
     0.748800    0.099989
     0.723732    0.109631
     0.699394    0.118735
     0.675735    0.127302
     0.652702    0.135341
     0.630246    0.142864
     0.608322    0.149880
     0.586892    0.156403
     0.565926    0.162441
     0.545397    0.168004
     0.525286    0.173101
     0.505577    0.177740
     0.486258    0.181929
     0.467319    0.185677
     0.448757    0.188989
     0.430568    0.191876
     0.412753    0.194343
     0.395311    0.196400
     0.378248    0.198056
     0.361568    0.199319
     0.345277    0.200199
     0.329381    0.200708
     0.313887    0.200857
     0.298804    0.200657
     0.284137    0.200121
     0.269894    0.199264
     0.256080    0.198099
     0.242700    0.196641
     0.229757    0.194904
     0.217254    0.192905
     0.205190    0.190658
     0.193565    0.188179
     0.182376    0.185483
     0.171619    0.182585
     0.161288    0.179498
     0.151376    0.176237
     0.141876    0.172813
     0.132778    0.169239
     0.124072    0.165526
     0.115750    0.161685
     0.107800    0.157724
     0.100212    0.153653
     0.092975    0.149479
     0.086079    0.145211
     0.079514    0.140853
     0.073271    0.136414
     0.067339    0.131897
     0.061709    0.127308
     0.056375    0.122653
     0.051327    0.117936
     0.046557    0.113161
     0.042060    0.108333
     0.037829    0.103456
     0.033857    0.098536
     0.030138    0.093576
     0.026668    0.088581
     0.023440    0.083557
     0.020449    0.078510
     0.017691    0.073443
     0.015159    0.068365
     0.012849    0.063281
     0.010755    0.058198
     0.008871    0.053123
     0.007191    0.048063
     0.005708    0.043026
     0.004416    0.038020
     0.003308    0.033052
     0.002376    0.028130
     0.001612    0.023263
     0.001007    0.018456
     0.000552    0.013721
     0.000238    0.009063
     0.000056    0.004489
     0.000013    0.002246
     0.000000    0.000000
     0.000045   -0.004031
     0.000231   -0.008052
     0.000542   -0.011924
     0.000975   -0.015697
     0.001537   -0.019371
     0.002237   -0.022943
     0.003080   -0.026414
     0.004074   -0.029780
     0.005222   -0.033042
     0.006530   -0.036193
     0.008004   -0.039229
     0.009649   -0.042144
     0.011467   -0.044931
     0.013460   -0.047583
     0.015628   -0.050094
     0.017968   -0.052458
     0.020478   -0.054670
     0.023153   -0.056728
     0.025988   -0.058632
     0.028980   -0.060383
     0.032124   -0.061984
     0.035420   -0.063437
     0.038867   -0.064749
     0.042468   -0.065923
     0.046226   -0.066963
     0.050147   -0.067875
     0.054241   -0.068662
     0.058519   -0.069326
     0.062996   -0.069870
     0.067688   -0.070294
     0.072615   -0.070597
     0.077803   -0.070779
     0.083280   -0.070836
     0.089080   -0.070763
     0.095244   -0.070554
     0.101818   -0.070200
     0.108859   -0.069689
     0.116436   -0.069007
     0.124629   -0.068137
     0.133536   -0.067056
     0.143273   -0.065736
     0.153982   -0.064145
     0.165829   -0.062245
     0.179009   -0.059988
     0.193741   -0.057324
     0.210260   -0.054203
     0.228780   -0.050581
     0.249442   -0.046437
     0.272216   -0.041800
     0.296775   -0.036773
     0.322474   -0.031533
     0.348676   -0.026258
     0.374954   -0.021073
     0.401064   -0.016054
     0.426885   -0.011247
     0.452361   -0.006677
     0.477467   -0.002360
     0.502193    0.001695
     0.526529    0.005479
     0.550464    0.008985
     0.573988    0.012207
     0.597083    0.015138
     0.619735    0.017773
     0.641925    0.020108
     0.663639    0.022138
     0.684863    0.023860
     0.705585    0.025273
     0.725800    0.026376
     0.745503    0.027170
     0.764696    0.027657
     0.783386    0.027837
     0.801582    0.027715
     0.819298    0.027293
     0.836553    0.026573
     0.853366    0.025560
     0.869765    0.024254
     0.885775    0.022656
     0.901428    0.020766
     0.916761    0.018581
     0.931812    0.016093
     0.946628    0.013294
     0.961265    0.010168
     0.975788    0.006690
     0.990284    0.002822
     1.000000    0.000000
