     1.000000    0.000000
     0.989835    0.006960
     0.974342    0.017197
     0.958568    0.027174
     0.942540    0.036873
     0.926275    0.046278
     0.909790    0.055381
     0.893099    0.064175
     0.876213    0.072657
     0.859142    0.080824
     0.841896    0.088675
     0.824485    0.096211
     0.806916    0.103432
     0.789198    0.110340
     0.771340    0.116936
     0.753349    0.123222
     0.735233    0.129201
     0.717000    0.134873
     0.698659    0.140242
     0.680216    0.145308
     0.661680    0.150073
     0.643059    0.154538
     0.624360    0.158704
     0.605592    0.162571
     0.586762    0.166139
     0.567878    0.169407
     0.548948    0.172374
     0.529982    0.175037
     0.510987    0.177394
     0.491973    0.179443
     0.472949    0.181178
     0.453925    0.182594
     0.434913    0.183688
     0.415924    0.184451
     0.396971    0.184877
     0.378070    0.184959
     0.359236    0.184687
     0.340490    0.184053
     0.321853    0.183046
     0.303351    0.181659
     0.285015    0.179880
     0.266881    0.177701
     0.248993    0.175116
     0.231399    0.172119
     0.214159    0.168710
     0.197339    0.164892
     0.181015    0.160678
     0.165269    0.156087
     0.150183    0.151149
     0.135841    0.145903
     0.122317    0.140399
     0.109670    0.134693
     0.097942    0.128844
     0.087150    0.122914
     0.077293    0.116958
     0.068344    0.111030
     0.060263    0.105170
     0.052998    0.099413
     0.046490    0.093787
     0.040676    0.088309
     0.035495    0.082993
     0.030887    0.077847
     0.026795    0.072874
     0.023168    0.068076
     0.019958    0.063452
     0.017122    0.058999
     0.014620    0.054712
     0.012417    0.050589
     0.010483    0.046622
     0.008788    0.042808
     0.007308    0.039139
     0.006021    0.035610
     0.004906    0.032216
     0.003946    0.028950
     0.003123    0.025807
     0.002425    0.022782
     0.001839    0.019868
     0.001352    0.017060
     0.000954    0.014354
     0.000637    0.011745
     0.000392    0.009230
     0.000212    0.006803
     0.000091    0.004460
     0.000022    0.002193
     0.000005    0.001097
     0.000000    0.000000
     0.000287   -0.001974
     0.001024   -0.003802
     0.002166   -0.005544
     0.003575   -0.007155
     0.005193   -0.008660
     0.006983   -0.010085
     0.008924   -0.011448
     0.011002   -0.012764
     0.013215   -0.014045
     0.015561   -0.015302
     0.018042   -0.016542
     0.020664   -0.017772
     0.023432   -0.018999
     0.026355   -0.020228
     0.029446   -0.021464
     0.032715   -0.022712
     0.036177   -0.023977
     0.039851   -0.025263
     0.043755   -0.026575
     0.047911   -0.027917
     0.052346   -0.029294
     0.057088   -0.030711
     0.062171   -0.032173
     0.067633   -0.033685
     0.073515   -0.035251
     0.079864   -0.036877
     0.086731   -0.038567
     0.094172   -0.040323
     0.102243   -0.042146
     0.111001   -0.044037
     0.120501   -0.045991
     0.130785   -0.048000
     0.141883   -0.050049
     0.153802   -0.052119
     0.166528   -0.054187
     0.180016   -0.056222
     0.194202   -0.058193
     0.209004   -0.060069
     0.224331   -0.061819
     0.240095   -0.063417
     0.256209   -0.064840
     0.272602   -0.066071
     0.289210   -0.067094
     0.305982   -0.067901
     0.322880   -0.068481
     0.339872   -0.068832
     0.356934   -0.068948
     0.374050   -0.068828
     0.391205   -0.068471
     0.408390   -0.067878
     0.425600   -0.067050
     0.442828   -0.065990
     0.460073   -0.064701
     0.477333   -0.063187
     0.494608   -0.061453
     0.511899   -0.059506
     0.529207   -0.057353
     0.546535   -0.055003
     0.563886   -0.052464
     0.581262   -0.049749
     0.598667   -0.046870
     0.616104   -0.043841
     0.633574   -0.040678
     0.651077   -0.037401
     0.668612   -0.034032
     0.686169   -0.030594
     0.703734   -0.027117
     0.721283   -0.023635
     0.738780   -0.020185
     0.756202   -0.016804
     0.773531   -0.013530
     0.790755   -0.010401
     0.807868   -0.007454
     0.824863   -0.004727
     0.841739   -0.002259
     0.858495   -0.000089
     0.875134    0.001744
     0.891660    0.003200
     0.908079    0.004238
     0.924403    0.004815
     0.940645    0.004888
     0.956829    0.004409
     0.972987    0.003325
     0.989162    0.001573
     1.000000    0.000000
