     1.000000    0.000000
     0.992413    0.006385
     0.981064    0.015546
     0.969713    0.024260
     0.958329    0.032565
     0.946885    0.040488
     0.935361    0.048051
     0.923741    0.055271
     0.912010    0.062161
     0.900152    0.068731
     0.888157    0.074991
     0.876011    0.080948
     0.863703    0.086609
     0.851220    0.091979
     0.838551    0.097061
     0.825683    0.101861
     0.812605    0.106381
     0.799304    0.110622
     0.785768    0.114587
     0.771985    0.118278
     0.757942    0.121693
     0.743628    0.124835
     0.729030    0.127701
     0.714137    0.130293
     0.698938    0.132608
     0.683424    0.134645
     0.667585    0.136403
     0.651413    0.137881
     0.634904    0.139077
     0.618053    0.139988
     0.600860    0.140615
     0.583325    0.140956
     0.565453    0.141009
     0.547253    0.140777
     0.528737    0.140258
     0.509920    0.139455
     0.490822    0.138369
     0.471469    0.137004
     0.451889    0.135363
     0.432118    0.133452
     0.412195    0.131277
     0.392166    0.128846
     0.372081    0.126166
     0.351999    0.123248
     0.331986    0.120104
     0.312116    0.116750
     0.292473    0.113201
     0.273148    0.109481
     0.254247    0.105614
     0.235877    0.101631
     0.218154    0.097566
     0.201188    0.093458
     0.185077    0.089346
     0.169902    0.085270
     0.155714    0.081265
     0.142534    0.077362
     0.130354    0.073582
     0.119139    0.069940
     0.108837    0.066443
     0.099381    0.063091
     0.090702    0.059881
     0.082727    0.056806
     0.075389    0.053857
     0.068622    0.051024
     0.062368    0.048296
     0.056575    0.045663
     0.051196    0.043115
     0.046191    0.040641
     0.041524    0.038232
     0.037164    0.035878
     0.033083    0.033571
     0.029260    0.031301
     0.025674    0.029060
     0.022309    0.026838
     0.019153    0.024625
     0.016195    0.022412
     0.013430    0.020188
     0.010855    0.017939
     0.008473    0.015650
     0.006294    0.013305
     0.004342    0.010883
     0.002651    0.008360
     0.001281    0.005706
     0.000356    0.002920
     0.000106    0.001477
     0.000000    0.000000
     0.000039   -0.002868
     0.000195   -0.005726
     0.000467   -0.008570
     0.000856   -0.011400
     0.001371   -0.014209
     0.002022   -0.016989
     0.002820   -0.019730
     0.003773   -0.022426
     0.004887   -0.025067
     0.006169   -0.027644
     0.007621   -0.030147
     0.009247   -0.032567
     0.011048   -0.034895
     0.013023   -0.037122
     0.015170   -0.039244
     0.017484   -0.041257
     0.019964   -0.043156
     0.022605   -0.044944
     0.025406   -0.046620
     0.028367   -0.048186
     0.031487   -0.049646
     0.034769   -0.051003
     0.038218   -0.052260
     0.041841   -0.053420
     0.045646   -0.054487
     0.049646   -0.055464
     0.053854   -0.056351
     0.058288   -0.057152
     0.062969   -0.057867
     0.067922   -0.058496
     0.073174   -0.059038
     0.078762   -0.059491
     0.084726   -0.059853
     0.091113   -0.060119
     0.097983   -0.060284
     0.105404   -0.060341
     0.113457   -0.060282
     0.122240   -0.060095
     0.131869   -0.059768
     0.142482   -0.059286
     0.154235   -0.058632
     0.167302   -0.057791
     0.181865   -0.056747
     0.198078   -0.055495
     0.216023   -0.054043
     0.235616   -0.052425
     0.256517   -0.050707
     0.278280   -0.048971
     0.300522   -0.047287
     0.322986   -0.045709
     0.345526   -0.044270
     0.368083   -0.042991
     0.390650   -0.041883
     0.413252   -0.040950
     0.435934   -0.040193
     0.458750   -0.039610
     0.481760   -0.039194
     0.505025   -0.038937
     0.528600   -0.038829
     0.552521   -0.038852
     0.576789   -0.038986
     0.601327   -0.039198
     0.625927   -0.039450
     0.650197   -0.039690
     0.673793   -0.039869
     0.696536   -0.039943
     0.718358   -0.039874
     0.739254   -0.039637
     0.759259   -0.039209
     0.778423   -0.038576
     0.796805   -0.037724
     0.814466   -0.036645
     0.831469   -0.035333
     0.847870   -0.033782
     0.863728   -0.031986
     0.879097   -0.029940
     0.894029   -0.027638
     0.908576   -0.025072
     0.922790   -0.022233
     0.936723   -0.019109
     0.950433   -0.015681
     0.963985   -0.011926
     0.977453   -0.007811
     0.990933   -0.003284
     1.000000    0.000000
