     1.000000    0.000000
     0.988652    0.002846
     0.971868    0.007635
     0.955186    0.013036
     0.938487    0.019014
     0.921682    0.025546
     0.904707    0.032606
     0.887515    0.040167
     0.870072    0.048198
     0.852358    0.056659
     0.834363    0.065505
     0.816099    0.074674
     0.797599    0.084091
     0.778934    0.093659
     0.760225    0.103252
     0.741590    0.112749
     0.723101    0.122055
     0.704792    0.131103
     0.686678    0.139840
     0.668759    0.148228
     0.651028    0.156235
     0.633477    0.163835
     0.616095    0.171007
     0.598871    0.177731
     0.581794    0.183992
     0.564857    0.189774
     0.548050    0.195064
     0.531367    0.199851
     0.514802    0.204124
     0.498347    0.207873
     0.482001    0.211090
     0.465758    0.213768
     0.449615    0.215901
     0.433570    0.217482
     0.417622    0.218508
     0.401770    0.218975
     0.386014    0.218881
     0.370355    0.218223
     0.354795    0.217001
     0.339336    0.215215
     0.323984    0.212869
     0.308743    0.209963
     0.293621    0.206504
     0.278629    0.202499
     0.263778    0.197957
     0.249084    0.192892
     0.234567    0.187320
     0.220253    0.181264
     0.206173    0.174753
     0.192366    0.167826
     0.178878    0.160530
     0.165766    0.152925
     0.153090    0.145084
     0.140920    0.137092
     0.129322    0.129041
     0.118357    0.121030
     0.108077    0.113155
     0.098513    0.105502
     0.089674    0.098140
     0.081552    0.091120
     0.074116    0.084471
     0.067326    0.078206
     0.061131    0.072322
     0.055478    0.066806
     0.050314    0.061637
     0.045587    0.056794
     0.041251    0.052251
     0.037265    0.047983
     0.033589    0.043967
     0.030190    0.040179
     0.027041    0.036600
     0.024114    0.033210
     0.021387    0.029993
     0.018843    0.026931
     0.016463    0.024012
     0.014233    0.021223
     0.012143    0.018552
     0.010182    0.015987
     0.008339    0.013519
     0.006606    0.011139
     0.004989    0.008834
     0.003493    0.006591
     0.002096    0.004403
     0.000836    0.002247
     0.000354    0.001150
     0.000000    0.000000
     0.000088   -0.002123
     0.000376   -0.004211
     0.000884   -0.006330
     0.001619   -0.008440
     0.002591   -0.010512
     0.003800   -0.012523
     0.005234   -0.014462
     0.006881   -0.016318
     0.008727   -0.018090
     0.010761   -0.019776
     0.012973   -0.021383
     0.015356   -0.022915
     0.017909   -0.024378
     0.020628   -0.025779
     0.023519   -0.027124
     0.026586   -0.028419
     0.029836   -0.029669
     0.033279   -0.030879
     0.036929   -0.032052
     0.040800   -0.033193
     0.044911   -0.034306
     0.049282   -0.035392
     0.053937   -0.036455
     0.058905   -0.037497
     0.064219   -0.038518
     0.069913   -0.039521
     0.076030   -0.040506
     0.082613   -0.041473
     0.089714   -0.042420
     0.097386   -0.043346
     0.105687   -0.044247
     0.114676   -0.045119
     0.124410   -0.045957
     0.134938   -0.046751
     0.146299   -0.047492
     0.158510   -0.048169
     0.171570   -0.048770
     0.185448   -0.049282
     0.200089   -0.049693
     0.215418   -0.049991
     0.231345   -0.050169
     0.247779   -0.050218
     0.264627   -0.050135
     0.281809   -0.049916
     0.299253   -0.049561
     0.316903   -0.049069
     0.334710   -0.048441
     0.352640   -0.047678
     0.370667   -0.046780
     0.388770   -0.045751
     0.406936   -0.044590
     0.425157   -0.043301
     0.443427   -0.041886
     0.461745   -0.040347
     0.480110   -0.038688
     0.498526   -0.036912
     0.516995   -0.035023
     0.535520   -0.033027
     0.554108   -0.030929
     0.572760   -0.028737
     0.591479   -0.026460
     0.610263   -0.024109
     0.629104   -0.021697
     0.647986   -0.019241
     0.666876   -0.016762
     0.685726   -0.014285
     0.704471   -0.011838
     0.723067   -0.009449
     0.741478   -0.007146
     0.759678   -0.004954
     0.777650   -0.002898
     0.795381   -0.001002
     0.812861    0.000709
     0.830086    0.002214
     0.847055    0.003491
     0.863769    0.004519
     0.880234    0.005278
     0.896457    0.005749
     0.912453    0.005913
     0.928237    0.005750
     0.943833    0.005241
     0.959270    0.004362
     0.974586    0.003089
     0.989831    0.001388
     1.000000    0.000000
