     1.000000    0.000000
     0.988638    0.003826
     0.971298    0.009874
     0.953636    0.016264
     0.935697    0.022939
     0.917523    0.029850
     0.899151    0.036943
     0.880625    0.044161
     0.861995    0.051445
     0.843323    0.058734
     0.824653    0.065973
     0.806011    0.073120
     0.787410    0.080140
     0.768853    0.087004
     0.750338    0.093688
     0.731861    0.100172
     0.713416    0.106437
     0.694996    0.112469
     0.676594    0.118252
     0.658206    0.123774
     0.639824    0.129022
     0.621444    0.133986
     0.603064    0.138655
     0.584679    0.143021
     0.566288    0.147075
     0.547890    0.150809
     0.529485    0.154215
     0.511074    0.157287
     0.492659    0.160019
     0.474243    0.162404
     0.455831    0.164439
     0.437429    0.166117
     0.419043    0.167435
     0.400683    0.168388
     0.382360    0.168972
     0.364087    0.169186
     0.345881    0.169024
     0.327760    0.168485
     0.309749    0.167567
     0.291876    0.166269
     0.274176    0.164590
     0.256688    0.162533
     0.239461    0.160102
     0.222553    0.157303
     0.206026    0.154149
     0.189952    0.150656
     0.174409    0.146845
     0.159474    0.142744
     0.145222    0.138389
     0.131722    0.133817
     0.119028    0.129072
     0.107175    0.124196
     0.096183    0.119232
     0.086050    0.114218
     0.076756    0.109188
     0.068271    0.104172
     0.060553    0.099192
     0.053556    0.094268
     0.047228    0.089414
     0.041520    0.084642
     0.036384    0.079959
     0.031772    0.075374
     0.027641    0.070891
     0.023949    0.066515
     0.020659    0.062249
     0.017734    0.058096
     0.015142    0.054058
     0.012852    0.050136
     0.010836    0.046332
     0.009069    0.042644
     0.007525    0.039073
     0.006184    0.035617
     0.005024    0.032276
     0.004027    0.029046
     0.003177    0.025926
     0.002458    0.022911
     0.001857    0.020000
     0.001360    0.017188
     0.000957    0.014472
     0.000636    0.011850
     0.000389    0.009318
     0.000208    0.006871
     0.000087    0.004506
     0.000019    0.002217
     0.000004    0.001109
     0.000000    0.000000
     0.000097   -0.002026
     0.000517   -0.003984
     0.001297   -0.005922
     0.002483   -0.007705
     0.004075   -0.009232
     0.005976   -0.010479
     0.008107   -0.011469
     0.010410   -0.012251
     0.012859   -0.012866
     0.015439   -0.013353
     0.018148   -0.013736
     0.020988   -0.014035
     0.023966   -0.014265
     0.027091   -0.014439
     0.030376   -0.014565
     0.033834   -0.014652
     0.037483   -0.014705
     0.041341   -0.014732
     0.045430   -0.014737
     0.049775   -0.014726
     0.054403   -0.014703
     0.059347   -0.014675
     0.064641   -0.014647
     0.070324   -0.014628
     0.076442   -0.014623
     0.083043   -0.014644
     0.090180   -0.014700
     0.097911   -0.014804
     0.106297   -0.014970
     0.115396   -0.015216
     0.125264   -0.015560
     0.135949   -0.016020
     0.147483   -0.016615
     0.159878   -0.017362
     0.173124   -0.018275
     0.187183   -0.019359
     0.201997   -0.020614
     0.217487   -0.022032
     0.233567   -0.023595
     0.250142   -0.025278
     0.267113   -0.027051
     0.284383   -0.028880
     0.301847   -0.030725
     0.319414   -0.032549
     0.337020   -0.034316
     0.354618   -0.035994
     0.372178   -0.037555
     0.389681   -0.038973
     0.407119   -0.040226
     0.424487   -0.041295
     0.441786   -0.042162
     0.459018   -0.042812
     0.476189   -0.043232
     0.493305   -0.043411
     0.510374   -0.043340
     0.527405   -0.043010
     0.544406   -0.042418
     0.561387   -0.041559
     0.578360   -0.040432
     0.595334   -0.039038
     0.612322   -0.037380
     0.629335   -0.035463
     0.646384   -0.033296
     0.663480   -0.030891
     0.680633   -0.028265
     0.697849   -0.025436
     0.715127   -0.022434
     0.732460   -0.019290
     0.749822   -0.016049
     0.767169   -0.012764
     0.784424   -0.009500
     0.801509   -0.006329
     0.818376   -0.003315
     0.834995   -0.000523
     0.851351    0.001987
     0.867444    0.004158
     0.883281    0.005935
     0.898880    0.007264
     0.914267    0.008090
     0.929476    0.008358
     0.944553    0.008005
     0.959558    0.006960
     0.974576    0.005134
     0.989720    0.002403
     1.000000    0.000000
