     1.000000    0.000000
     0.991953    0.009383
     0.979764    0.023027
     0.967471    0.036134
     0.955093    0.048683
     0.942637    0.060679
     0.930103    0.072131
     0.917491    0.083049
     0.904793    0.093452
     0.892001    0.103355
     0.879102    0.112776
     0.866084    0.121732
     0.852930    0.130239
     0.839624    0.138312
     0.826148    0.145965
     0.812483    0.153211
     0.798607    0.160060
     0.784498    0.166523
     0.770132    0.172607
     0.755484    0.178320
     0.740525    0.183666
     0.725228    0.188649
     0.709561    0.193271
     0.693493    0.197533
     0.676988    0.201432
     0.660012    0.204967
     0.642530    0.208132
     0.624504    0.210920
     0.605901    0.213323
     0.586689    0.215331
     0.566842    0.216934
     0.546340    0.218117
     0.525179    0.218870
     0.503369    0.219179
     0.480947    0.219034
     0.457974    0.218428
     0.434551    0.217357
     0.410814    0.215826
     0.386941    0.213848
     0.363141    0.211445
     0.339647    0.208648
     0.316697    0.205500
     0.294514    0.202048
     0.273289    0.198345
     0.253163    0.194442
     0.234227    0.190386
     0.216516    0.186219
     0.200026    0.181974
     0.184716    0.177679
     0.170523    0.173353
     0.157373    0.169009
     0.145186    0.164654
     0.133880    0.160293
     0.123379    0.155927
     0.113611    0.151555
     0.104511    0.147174
     0.096020    0.142780
     0.088085    0.138369
     0.080662    0.133936
     0.073709    0.129475
     0.067191    0.124981
     0.061078    0.120449
     0.055344    0.115874
     0.049966    0.111250
     0.044924    0.106575
     0.040202    0.101842
     0.035787    0.097050
     0.031665    0.092194
     0.027827    0.087272
     0.024264    0.082282
     0.020969    0.077224
     0.017934    0.072096
     0.015156    0.066898
     0.012628    0.061630
     0.010345    0.056295
     0.008304    0.050894
     0.006499    0.045430
     0.004927    0.039905
     0.003582    0.034324
     0.002460    0.028693
     0.001557    0.023014
     0.000865    0.017297
     0.000378    0.011549
     0.000089    0.005782
     0.000020    0.002893
     0.000000    0.000000
     0.000068   -0.004963
     0.000291   -0.009916
     0.000660   -0.014749
     0.001172   -0.019497
     0.001827   -0.024158
     0.002626   -0.028730
     0.003570   -0.033210
     0.004657   -0.037600
     0.005888   -0.041898
     0.007261   -0.046103
     0.008777   -0.050214
     0.010437   -0.054230
     0.012240   -0.058149
     0.014186   -0.061971
     0.016276   -0.065693
     0.018509   -0.069315
     0.020887   -0.072836
     0.023410   -0.076252
     0.026077   -0.079564
     0.028890   -0.082770
     0.031848   -0.085867
     0.034953   -0.088856
     0.038205   -0.091735
     0.041606   -0.094502
     0.045157   -0.097157
     0.048860   -0.099699
     0.052718   -0.102127
     0.056733   -0.104441
     0.060910   -0.106640
     0.065254   -0.108722
     0.069771   -0.110688
     0.074467   -0.112537
     0.079350   -0.114266
     0.084432   -0.115875
     0.089721   -0.117362
     0.095233   -0.118724
     0.100981   -0.119958
     0.106984   -0.121060
     0.113262   -0.122026
     0.119839   -0.122850
     0.126741   -0.123526
     0.134000   -0.124044
     0.141654   -0.124396
     0.149743   -0.124569
     0.158320   -0.124549
     0.167441   -0.124318
     0.177179   -0.123857
     0.187614   -0.123140
     0.198847   -0.122137
     0.210998   -0.120814
     0.224213   -0.119126
     0.238669   -0.117022
     0.254584   -0.114441
     0.272222   -0.111311
     0.291897   -0.107553
     0.313954   -0.103086
     0.338683   -0.097862
     0.366073   -0.091931
     0.395285   -0.085574
     0.424782   -0.079249
     0.453634   -0.073263
     0.481570   -0.067740
     0.508654   -0.062704
     0.535075   -0.058138
     0.561061   -0.054012
     0.586850   -0.050294
     0.612680   -0.046949
     0.638801   -0.043946
     0.665465   -0.041252
     0.692910   -0.038831
     0.721284   -0.036638
     0.750432   -0.034618
     0.779520   -0.032713
     0.807024   -0.030874
     0.832091   -0.029030
     0.854766   -0.027107
     0.875399   -0.025045
     0.894378   -0.022801
     0.912044   -0.020338
     0.928686   -0.017621
     0.944554   -0.014613
     0.959879   -0.011263
     0.974890   -0.007505
     0.989853   -0.003227
     1.000000    0.000000
