     1.000000    0.000000
     0.989998    0.003359
     0.973666    0.008976
     0.955661    0.015346
     0.935951    0.022513
     0.914537    0.030499
     0.891460    0.039304
     0.866800    0.048892
     0.840714    0.059180
     0.813546    0.069983
     0.785990    0.080959
     0.758890    0.091695
     0.732713    0.101939
     0.707616    0.111581
     0.683600    0.120586
     0.660603    0.128957
     0.638543    0.136713
     0.617337    0.143878
     0.596910    0.150477
     0.577191    0.156536
     0.558121    0.162078
     0.539648    0.167126
     0.521726    0.171700
     0.504313    0.175819
     0.487376    0.179500
     0.470881    0.182760
     0.454803    0.185615
     0.439114    0.188078
     0.423795    0.190162
     0.408824    0.191880
     0.394185    0.193243
     0.379861    0.194262
     0.365840    0.194947
     0.352107    0.195308
     0.338653    0.195353
     0.325469    0.195091
     0.312545    0.194530
     0.299876    0.193679
     0.287455    0.192544
     0.275279    0.191133
     0.263344    0.189454
     0.251648    0.187515
     0.240190    0.185322
     0.228971    0.182884
     0.217990    0.180210
     0.207251    0.177307
     0.196756    0.174185
     0.186509    0.170853
     0.176514    0.167323
     0.166777    0.163605
     0.157303    0.159710
     0.148099    0.155652
     0.139169    0.151443
     0.130519    0.147098
     0.122156    0.142629
     0.114084    0.138053
     0.106308    0.133383
     0.098831    0.128636
     0.091654    0.123824
     0.084780    0.118962
     0.078207    0.114065
     0.071936    0.109143
     0.065962    0.104210
     0.060281    0.099275
     0.054891    0.094348
     0.049783    0.089437
     0.044952    0.084548
     0.040392    0.079686
     0.036094    0.074855
     0.032051    0.070057
     0.028257    0.065294
     0.024705    0.060565
     0.021387    0.055870
     0.018300    0.051206
     0.015439    0.046569
     0.012800    0.041954
     0.010383    0.037357
     0.008189    0.032769
     0.006220    0.028183
     0.004485    0.023588
     0.002995    0.018974
     0.001766    0.014324
     0.000827    0.009627
     0.000228    0.004865
     0.000066    0.002438
     0.000000    0.000000
     0.000047   -0.004511
     0.000229   -0.009014
     0.000529   -0.013318
     0.000943   -0.017496
     0.001471   -0.021549
     0.002118   -0.025482
     0.002886   -0.029299
     0.003777   -0.033004
     0.004792   -0.036598
     0.005933   -0.040084
     0.007203   -0.043462
     0.008604   -0.046733
     0.010139   -0.049896
     0.011810   -0.052949
     0.013618   -0.055892
     0.015564   -0.058723
     0.017649   -0.061439
     0.019874   -0.064038
     0.022237   -0.066519
     0.024738   -0.068881
     0.027377   -0.071123
     0.030152   -0.073245
     0.033062   -0.075247
     0.036107   -0.077131
     0.039288   -0.078898
     0.042606   -0.080549
     0.046064   -0.082088
     0.049664   -0.083517
     0.053411   -0.084837
     0.057313   -0.086051
     0.061376   -0.087161
     0.065610   -0.088168
     0.070028   -0.089073
     0.074643   -0.089877
     0.079471   -0.090578
     0.084530   -0.091177
     0.089844   -0.091671
     0.095438   -0.092057
     0.101342   -0.092332
     0.107592   -0.092488
     0.114227   -0.092521
     0.121297   -0.092421
     0.128857   -0.092177
     0.136976   -0.091775
     0.145732   -0.091199
     0.155220   -0.090429
     0.165551   -0.089442
     0.176856   -0.088207
     0.189291   -0.086691
     0.203032   -0.084855
     0.218279   -0.082657
     0.235245   -0.080051
     0.254138   -0.076996
     0.275126   -0.073465
     0.298273   -0.069459
     0.323448   -0.065028
     0.350203   -0.060290
     0.377777   -0.055430
     0.405541   -0.050604
     0.433149   -0.045906
     0.460450   -0.041390
     0.487402   -0.037077
     0.514012   -0.032981
     0.540305   -0.029105
     0.566309   -0.025450
     0.592050   -0.022017
     0.617545   -0.018807
     0.642805   -0.015822
     0.667833   -0.013062
     0.692624   -0.010530
     0.717164   -0.008229
     0.741431   -0.006162
     0.765397   -0.004332
     0.789021   -0.002742
     0.812253   -0.001394
     0.835035   -0.000292
     0.857291    0.000566
     0.878936    0.001181
     0.899869    0.001559
     0.919982    0.001711
     0.939160    0.001650
     0.957298    0.001399
     0.974306    0.000983
     0.990123    0.000429
     1.000000    0.000000
