     1.000000    0.000000
     0.992714    0.009042
     0.981626    0.022205
     0.970353    0.034900
     0.958894    0.047111
     0.947244    0.058831
     0.935399    0.070055
     0.923359    0.080776
     0.911120    0.090988
     0.898679    0.100687
     0.886033    0.109871
     0.873178    0.118536
     0.860110    0.126680
     0.846826    0.134302
     0.833319    0.141403
     0.819587    0.147982
     0.805624    0.154042
     0.791424    0.159582
     0.776984    0.164607
     0.762298    0.169118
     0.747361    0.173120
     0.732168    0.176617
     0.716715    0.179613
     0.700997    0.182116
     0.685010    0.184130
     0.668753    0.185664
     0.652222    0.186726
     0.635417    0.187324
     0.618338    0.187468
     0.600987    0.187169
     0.583368    0.186439
     0.565487    0.185291
     0.547350    0.183740
     0.528967    0.181800
     0.510349    0.179488
     0.491511    0.176821
     0.472467    0.173815
     0.453235    0.170491
     0.433837    0.166865
     0.414294    0.162958
     0.394633    0.158789
     0.374884    0.154376
     0.355082    0.149741
     0.335268    0.144902
     0.315492    0.139882
     0.295813    0.134703
     0.276303    0.129391
     0.257052    0.123975
     0.238166    0.118488
     0.219766    0.112971
     0.201989    0.107469
     0.184976    0.102030
     0.168858    0.096706
     0.153745    0.091542
     0.139709    0.086578
     0.126779    0.081841
     0.114943    0.077346
     0.104153    0.073095
     0.094338    0.069083
     0.085417    0.065295
     0.077302    0.061715
     0.069908    0.058323
     0.063157    0.055100
     0.056978    0.052027
     0.051308    0.049088
     0.046093    0.046264
     0.041283    0.043542
     0.036839    0.040908
     0.032726    0.038348
     0.028913    0.035851
     0.025376    0.033406
     0.022094    0.031003
     0.019050    0.028632
     0.016232    0.026283
     0.013629    0.023949
     0.011235    0.021620
     0.009048    0.019288
     0.007068    0.016944
     0.005301    0.014582
     0.003757    0.012196
     0.002451    0.009783
     0.001399    0.007342
     0.000628    0.004887
     0.000166    0.002438
     0.000048    0.001226
     0.000000    0.000000
     0.000097   -0.002184
     0.000384   -0.004336
     0.000881   -0.006523
     0.001590   -0.008711
     0.002512   -0.010878
     0.003646   -0.013009
     0.004985   -0.015094
     0.006523   -0.017125
     0.008253   -0.019098
     0.010168   -0.021009
     0.012264   -0.022858
     0.014536   -0.024645
     0.016985   -0.026370
     0.019609   -0.028036
     0.022411   -0.029644
     0.025396   -0.031197
     0.028569   -0.032695
     0.031939   -0.034140
     0.035517   -0.035534
     0.039314   -0.036876
     0.043346   -0.038168
     0.047629   -0.039408
     0.052185   -0.040596
     0.057036   -0.041730
     0.062209   -0.042807
     0.067733   -0.043824
     0.073644   -0.044777
     0.079977   -0.045659
     0.086776   -0.046465
     0.094086   -0.047185
     0.101958   -0.047811
     0.110444   -0.048330
     0.119601   -0.048729
     0.129482   -0.048995
     0.140140   -0.049113
     0.151618   -0.049068
     0.163951   -0.048847
     0.177157   -0.048439
     0.191235   -0.047838
     0.206165   -0.047043
     0.221905   -0.046059
     0.238396   -0.044899
     0.255565   -0.043584
     0.273326   -0.042136
     0.291583   -0.040588
     0.310227   -0.038972
     0.329135   -0.037325
     0.348184   -0.035682
     0.367281   -0.034075
     0.386370   -0.032529
     0.405417   -0.031064
     0.424407   -0.029699
     0.443336   -0.028444
     0.462210   -0.027311
     0.481037   -0.026306
     0.499831   -0.025435
     0.518608   -0.024701
     0.537385   -0.024106
     0.556179   -0.023649
     0.575009   -0.023328
     0.593891   -0.023137
     0.612841   -0.023070
     0.631869   -0.023117
     0.650981   -0.023264
     0.670168   -0.023495
     0.689405   -0.023786
     0.708639   -0.024112
     0.727772   -0.024440
     0.746696   -0.024735
     0.765333   -0.024960
     0.783629   -0.025078
     0.801553   -0.025057
     0.819086   -0.024861
     0.836225   -0.024461
     0.852972   -0.023827
     0.869340   -0.022933
     0.885347   -0.021751
     0.901017   -0.020258
     0.916379   -0.018426
     0.931471   -0.016229
     0.946337   -0.013636
     0.961031   -0.010610
     0.975623   -0.007103
     0.990205   -0.003050
     1.000000    0.000000
