     1.000000    0.000000
     0.988674    0.004952
     0.971774    0.012748
     0.954947    0.020939
     0.938167    0.029442
     0.921414    0.038195
     0.904670    0.047131
     0.887922    0.056194
     0.871161    0.065324
     0.854388    0.074464
     0.837602    0.083560
     0.820796    0.092565
     0.803961    0.101435
     0.787087    0.110133
     0.770160    0.118624
     0.753170    0.126873
     0.736105    0.134849
     0.718956    0.142521
     0.701715    0.149859
     0.684375    0.156835
     0.666932    0.163422
     0.649382    0.169592
     0.631725    0.175321
     0.613962    0.180584
     0.596096    0.185360
     0.578131    0.189630
     0.560076    0.193376
     0.541938    0.196583
     0.523727    0.199239
     0.505456    0.201336
     0.487136    0.202868
     0.468781    0.203833
     0.450405    0.204232
     0.432023    0.204068
     0.413648    0.203349
     0.395296    0.202083
     0.376983    0.200282
     0.358723    0.197961
     0.340534    0.195135
     0.322433    0.191821
     0.304439    0.188039
     0.286577    0.183809
     0.268873    0.179156
     0.251361    0.174105
     0.234084    0.168685
     0.217094    0.162932
     0.200456    0.156886
     0.184251    0.150596
     0.168568    0.144119
     0.153510    0.137520
     0.139180    0.130873
     0.125673    0.124252
     0.113067    0.117728
     0.101411    0.111364
     0.090721    0.105209
     0.080983    0.099296
     0.072155    0.093641
     0.064179    0.088248
     0.056988    0.083112
     0.050511    0.078221
     0.044678    0.073557
     0.039424    0.069104
     0.034692    0.064844
     0.030430    0.060760
     0.026589    0.056836
     0.023132    0.053058
     0.020022    0.049414
     0.017228    0.045892
     0.014725    0.042484
     0.012487    0.039181
     0.010495    0.035979
     0.008730    0.032871
     0.007175    0.029854
     0.005814    0.026925
     0.004632    0.024082
     0.003616    0.021322
     0.002752    0.018643
     0.002030    0.016045
     0.001436    0.013526
     0.000960    0.011084
     0.000592    0.008721
     0.000320    0.006435
     0.000137    0.004223
     0.000033    0.002079
     0.000008    0.001040
     0.000000    0.000000
     0.000677   -0.001740
     0.002243   -0.002819
     0.004108   -0.003474
     0.006103   -0.003899
     0.008199   -0.004195
     0.010379   -0.004402
     0.012644   -0.004543
     0.015000   -0.004635
     0.017450   -0.004689
     0.020002   -0.004712
     0.022662   -0.004707
     0.025439   -0.004679
     0.028343   -0.004632
     0.031385   -0.004567
     0.034576   -0.004487
     0.037930   -0.004393
     0.041464   -0.004287
     0.045193   -0.004170
     0.049138   -0.004044
     0.053320   -0.003910
     0.057766   -0.003770
     0.062502   -0.003626
     0.067562   -0.003479
     0.072980   -0.003333
     0.078799   -0.003189
     0.085064   -0.003053
     0.091823   -0.002928
     0.099130   -0.002820
     0.107042   -0.002736
     0.115617   -0.002685
     0.124909   -0.002676
     0.134966   -0.002721
     0.145823   -0.002831
     0.157496   -0.003021
     0.169976   -0.003302
     0.183232   -0.003686
     0.197205   -0.004181
     0.211819   -0.004792
     0.226986   -0.005520
     0.242615   -0.006363
     0.258621   -0.007314
     0.274927   -0.008365
     0.291468   -0.009507
     0.308192   -0.010727
     0.325055   -0.012014
     0.342024   -0.013356
     0.359075   -0.014739
     0.376186   -0.016151
     0.393339   -0.017578
     0.410521   -0.019009
     0.427719   -0.020430
     0.444923   -0.021829
     0.462128   -0.023193
     0.479329   -0.024511
     0.496524   -0.025772
     0.513711   -0.026963
     0.530889   -0.028073
     0.548057   -0.029093
     0.565215   -0.030012
     0.582363   -0.030819
     0.599500   -0.031506
     0.616627   -0.032062
     0.633743   -0.032480
     0.650848   -0.032751
     0.667943   -0.032867
     0.685025   -0.032822
     0.702096   -0.032609
     0.719155   -0.032222
     0.736200   -0.031658
     0.753232   -0.030912
     0.770249   -0.029982
     0.787250   -0.028865
     0.804236   -0.027561
     0.821203   -0.026071
     0.838151   -0.024396
     0.855078   -0.022539
     0.871980   -0.020505
     0.888856   -0.018300
     0.905699   -0.015931
     0.922502   -0.013407
     0.939257   -0.010741
     0.955950   -0.007947
     0.972562   -0.005039
     0.989067   -0.002041
     1.000000    0.000000
