     1.000000    0.000000
     0.990717    0.005629
     0.976098    0.014333
     0.960737    0.023270
     0.944759    0.032343
     0.928285    0.041467
     0.911424    0.050565
     0.894269    0.059574
     0.876901    0.068443
     0.859381    0.077131
     0.841761    0.085607
     0.824083    0.093844
     0.806379    0.101822
     0.788677    0.109523
     0.770999    0.116931
     0.753366    0.124034
     0.735792    0.130822
     0.718291    0.137284
     0.700876    0.143411
     0.683555    0.149196
     0.666337    0.154634
     0.649228    0.159717
     0.632235    0.164442
     0.615362    0.168805
     0.598612    0.172801
     0.581989    0.176429
     0.565493    0.179687
     0.549125    0.182572
     0.532888    0.185084
     0.516779    0.187222
     0.500799    0.188986
     0.484947    0.190375
     0.469222    0.191389
     0.453622    0.192029
     0.438146    0.192295
     0.422793    0.192188
     0.407560    0.191708
     0.392448    0.190855
     0.377454    0.189632
     0.362579    0.188038
     0.347823    0.186075
     0.333186    0.183745
     0.318670    0.181048
     0.304280    0.177989
     0.290018    0.174570
     0.275892    0.170795
     0.261911    0.166670
     0.248086    0.162203
     0.234433    0.157404
     0.220971    0.152288
     0.207725    0.146872
     0.194725    0.141180
     0.182007    0.135240
     0.169611    0.129090
     0.157585    0.122774
     0.145979    0.116342
     0.134844    0.109852
     0.124227    0.103365
     0.114169    0.096942
     0.104700    0.090640
     0.095838    0.084510
     0.087584    0.078593
     0.079927    0.072918
     0.072845    0.067505
     0.066306    0.062360
     0.060273    0.057485
     0.054707    0.052874
     0.049568    0.048514
     0.044816    0.044394
     0.040416    0.040499
     0.036333    0.036813
     0.032537    0.033320
     0.029000    0.030007
     0.025697    0.026858
     0.022605    0.023862
     0.019706    0.021006
     0.016982    0.018279
     0.014417    0.015670
     0.011998    0.013171
     0.009714    0.010772
     0.007553    0.008465
     0.005506    0.006243
     0.003568    0.004098
     0.001731    0.002022
     0.000859    0.001016
     0.000000    0.000000
     0.000068   -0.002685
     0.000293   -0.005352
     0.000684   -0.008051
     0.001249   -0.010761
     0.002000   -0.013466
     0.002949   -0.016152
     0.004104   -0.018807
     0.005468   -0.021417
     0.007044   -0.023969
     0.008832   -0.026453
     0.010832   -0.028859
     0.013041   -0.031177
     0.015456   -0.033403
     0.018074   -0.035532
     0.020893   -0.037561
     0.023912   -0.039489
     0.027132   -0.041316
     0.030555   -0.043041
     0.034186   -0.044666
     0.038030   -0.046189
     0.042097   -0.047612
     0.046398   -0.048933
     0.050947   -0.050152
     0.055758   -0.051266
     0.060853   -0.052273
     0.066252   -0.053169
     0.071982   -0.053948
     0.078072   -0.054603
     0.084555   -0.055127
     0.091469   -0.055508
     0.098855   -0.055734
     0.106762   -0.055790
     0.115239   -0.055659
     0.124343   -0.055321
     0.134134   -0.054753
     0.144671   -0.053929
     0.156017   -0.052822
     0.168231   -0.051404
     0.181363   -0.049647
     0.195458   -0.047525
     0.210544   -0.045016
     0.226634   -0.042104
     0.243724   -0.038783
     0.261792   -0.035055
     0.280798   -0.030934
     0.300689   -0.026445
     0.321388   -0.021627
     0.342791   -0.016533
     0.364750   -0.011236
     0.387042   -0.005832
     0.409376   -0.000438
     0.431529    0.004851
     0.453373    0.009964
     0.474843    0.014853
     0.495914    0.019483
     0.516582    0.023830
     0.536854    0.027876
     0.556745    0.031608
     0.576271    0.035014
     0.595451    0.038087
     0.614301    0.040820
     0.632840    0.043208
     0.651083    0.045247
     0.669048    0.046933
     0.686749    0.048263
     0.704202    0.049236
     0.721420    0.049850
     0.738418    0.050102
     0.755209    0.049993
     0.771805    0.049520
     0.788219    0.048683
     0.804464    0.047480
     0.820550    0.045911
     0.836489    0.043974
     0.852292    0.041669
     0.867969    0.038993
     0.883531    0.035945
     0.898986    0.032524
     0.914346    0.028727
     0.929618    0.024552
     0.944811    0.019998
     0.959936    0.015061
     0.975000    0.009738
     0.990012    0.004028
     1.000000    0.000000
