     1.000000    0.000000
     0.991245    0.006109
     0.978463    0.014483
     0.965851    0.022150
     0.953233    0.029270
     0.940487    0.035944
     0.927513    0.042244
     0.914224    0.048220
     0.900536    0.053914
     0.886365    0.059359
     0.871624    0.064583
     0.856217    0.069613
     0.840039    0.074474
     0.822971    0.079191
     0.804883    0.083792
     0.785630    0.088304
     0.765057    0.092762
     0.743006    0.097200
     0.719335    0.101658
     0.693952    0.106174
     0.666851    0.110781
     0.638177    0.115493
     0.608259    0.120298
     0.577611    0.125144
     0.546855    0.129942
     0.516604    0.134588
     0.487350    0.138975
     0.459421    0.143018
     0.432987    0.146655
     0.408098    0.149853
     0.384729    0.152596
     0.362808    0.154884
     0.342243    0.156729
     0.322934    0.158146
     0.304784    0.159157
     0.287698    0.159783
     0.271589    0.160046
     0.256379    0.159970
     0.241997    0.159576
     0.228376    0.158884
     0.215461    0.157913
     0.203198    0.156681
     0.191543    0.155205
     0.180453    0.153500
     0.169892    0.151582
     0.159826    0.149462
     0.150226    0.147154
     0.141066    0.144669
     0.132321    0.142018
     0.123971    0.139212
     0.115996    0.136260
     0.108380    0.133171
     0.101106    0.129955
     0.094162    0.126619
     0.087533    0.123172
     0.081209    0.119622
     0.075180    0.115976
     0.069435    0.112242
     0.063967    0.108428
     0.058766    0.104539
     0.053826    0.100584
     0.049140    0.096568
     0.044700    0.092498
     0.040501    0.088381
     0.036538    0.084223
     0.032804    0.080029
     0.029295    0.075806
     0.026005    0.071558
     0.022929    0.067292
     0.020065    0.063012
     0.017406    0.058723
     0.014949    0.054430
     0.012691    0.050137
     0.010627    0.045848
     0.008755    0.041568
     0.007071    0.037301
     0.005572    0.033048
     0.004256    0.028816
     0.003120    0.024606
     0.002163    0.020422
     0.001381    0.016266
     0.000776    0.012143
     0.000346    0.008059
     0.000090    0.004012
     0.000024    0.002008
     0.000000    0.000000
     0.000045   -0.003522
     0.000208   -0.007036
     0.000486   -0.010495
     0.000877   -0.013913
     0.001385   -0.017288
     0.002015   -0.020613
     0.002772   -0.023885
     0.003660   -0.027100
     0.004681   -0.030255
     0.005839   -0.033346
     0.007135   -0.036369
     0.008572   -0.039320
     0.010153   -0.042194
     0.011878   -0.044987
     0.013749   -0.047696
     0.015765   -0.050315
     0.017926   -0.052843
     0.020232   -0.055276
     0.022683   -0.057612
     0.025278   -0.059849
     0.028015   -0.061986
     0.030896   -0.064024
     0.033920   -0.065961
     0.037090   -0.067799
     0.040406   -0.069538
     0.043871   -0.071179
     0.047491   -0.072723
     0.051271   -0.074172
     0.055217   -0.075525
     0.059338   -0.076785
     0.063644   -0.077950
     0.068147   -0.079022
     0.072861   -0.079999
     0.077804   -0.080880
     0.082993   -0.081663
     0.088451   -0.082346
     0.094205   -0.082925
     0.100283   -0.083395
     0.106721   -0.083750
     0.113559   -0.083983
     0.120843   -0.084085
     0.128630   -0.084043
     0.136982   -0.083846
     0.145974   -0.083477
     0.155695   -0.082916
     0.166246   -0.082140
     0.177748   -0.081123
     0.190338   -0.079835
     0.204173   -0.078240
     0.219426   -0.076303
     0.236281   -0.073986
     0.254909   -0.071260
     0.275440   -0.068110
     0.297885   -0.064556
     0.322022   -0.060670
     0.347245   -0.056607
     0.372806   -0.052548
     0.398234   -0.048621
     0.423316   -0.044898
     0.447996   -0.041415
     0.472305   -0.038184
     0.496312   -0.035209
     0.520104   -0.032487
     0.543774   -0.030010
     0.567421   -0.027771
     0.591145   -0.025761
     0.615051   -0.023970
     0.639248   -0.022387
     0.663845   -0.020997
     0.688941   -0.019782
     0.714601   -0.018720
     0.740804   -0.017780
     0.767336   -0.016922
     0.793660   -0.016100
     0.819031   -0.015264
     0.843033   -0.014365
     0.865562   -0.013359
     0.886669   -0.012216
     0.906469   -0.010912
     0.925095   -0.009433
     0.942678   -0.007769
     0.959336   -0.005914
     0.975174   -0.003863
     0.990281   -0.001611
     1.000000    0.000000
