     1.000000    0.000000
     0.990485    0.008186
     0.976035    0.020298
     0.961374    0.032197
     0.946504    0.043856
     0.931425    0.055253
     0.916137    0.066366
     0.900640    0.077175
     0.884932    0.087659
     0.869012    0.097799
     0.852880    0.107575
     0.836537    0.116967
     0.819984    0.125956
     0.803223    0.134524
     0.786258    0.142653
     0.769093    0.150326
     0.751737    0.157527
     0.734195    0.164242
     0.716478    0.170458
     0.698595    0.176165
     0.680559    0.181354
     0.662382    0.186019
     0.644076    0.190157
     0.625656    0.193766
     0.607137    0.196848
     0.588531    0.199407
     0.569854    0.201449
     0.551120    0.202982
     0.532341    0.204016
     0.513530    0.204563
     0.494701    0.204637
     0.475863    0.204251
     0.457029    0.203421
     0.438209    0.202161
     0.419412    0.200488
     0.400648    0.198417
     0.381928    0.195963
     0.363262    0.193141
     0.344661    0.189966
     0.326139    0.186451
     0.307713    0.182611
     0.289403    0.178458
     0.271235    0.174007
     0.253242    0.169271
     0.235470    0.164267
     0.217972    0.159013
     0.200821    0.153534
     0.184101    0.147857
     0.167912    0.142020
     0.152367    0.136066
     0.137577    0.130046
     0.123649    0.124015
     0.110665    0.118026
     0.098681    0.112129
     0.087715    0.106365
     0.077753    0.100764
     0.068753    0.095342
     0.060655    0.090109
     0.053388    0.085065
     0.046880    0.080205
     0.041058    0.075522
     0.035856    0.071006
     0.031212    0.066647
     0.027070    0.062438
     0.023381    0.058370
     0.020101    0.054434
     0.017190    0.050626
     0.014614    0.046941
     0.012341    0.043373
     0.010342    0.039919
     0.008592    0.036577
     0.007067    0.033344
     0.005746    0.030217
     0.004609    0.027195
     0.003637    0.024273
     0.002814    0.021451
     0.002125    0.018724
     0.001556    0.016089
     0.001094    0.013545
     0.000728    0.011089
     0.000445    0.008718
     0.000239    0.006428
     0.000100    0.004215
     0.000022    0.002074
     0.000005    0.001038
     0.000000    0.000000
     0.001845   -0.000351
     0.003764   -0.000310
     0.005758   -0.000265
     0.007832   -0.000163
     0.009976   -0.000052
     0.012196    0.000061
     0.014499    0.000181
     0.016893    0.000308
     0.019382    0.000436
     0.021974    0.000565
     0.024677    0.000693
     0.027501    0.000821
     0.030454    0.000947
     0.033550    0.001069
     0.036799    0.001188
     0.040216    0.001302
     0.043817    0.001409
     0.047619    0.001508
     0.051643    0.001597
     0.055910    0.001674
     0.060448    0.001736
     0.065285    0.001781
     0.070454    0.001804
     0.075992    0.001801
     0.081941    0.001767
     0.088348    0.001694
     0.095263    0.001576
     0.102741    0.001402
     0.110839    0.001161
     0.119616    0.000841
     0.129126    0.000426
     0.139416   -0.000099
     0.150516   -0.000752
     0.162440   -0.001549
     0.175175   -0.002504
     0.188680   -0.003630
     0.202893   -0.004933
     0.217731   -0.006416
     0.233102   -0.008076
     0.248914   -0.009905
     0.265079   -0.011895
     0.281520   -0.014032
     0.298175   -0.016302
     0.314992   -0.018691
     0.331930   -0.021183
     0.348959   -0.023763
     0.366055   -0.026415
     0.383203   -0.029125
     0.400387   -0.031876
     0.417599   -0.034652
     0.434829   -0.037437
     0.452070   -0.040215
     0.469316   -0.042967
     0.486563   -0.045677
     0.503811   -0.048328
     0.521057   -0.050900
     0.538302   -0.053375
     0.555545   -0.055735
     0.572786   -0.057958
     0.590026   -0.060026
     0.607264   -0.061915
     0.624499   -0.063605
     0.641730   -0.065074
     0.658956   -0.066297
     0.676173   -0.067251
     0.693378   -0.067912
     0.710566   -0.068255
     0.727732   -0.068256
     0.744868   -0.067890
     0.761967   -0.067133
     0.779017   -0.065960
     0.796009   -0.064351
     0.812929   -0.062282
     0.829764   -0.059735
     0.846498   -0.056692
     0.863117   -0.053138
     0.879604   -0.049061
     0.895943   -0.044452
     0.912116   -0.039305
     0.928109   -0.033618
     0.943907   -0.027390
     0.959499   -0.020625
     0.974873   -0.013327
     0.990021   -0.005507
     1.000000    0.000000
