     1.000000    0.000000
     0.990328    0.006241
     0.975562    0.015728
     0.960563    0.025291
     0.945397    0.034844
     0.930110    0.044320
     0.914733    0.053660
     0.899284    0.062820
     0.883775    0.071758
     0.868210    0.080443
     0.852589    0.088844
     0.836912    0.096935
     0.821174    0.104694
     0.805373    0.112096
     0.789506    0.119123
     0.773570    0.125755
     0.757562    0.131974
     0.741480    0.137763
     0.725324    0.143108
     0.709093    0.147995
     0.692789    0.152411
     0.676412    0.156347
     0.659965    0.159792
     0.643450    0.162741
     0.626873    0.165189
     0.610236    0.167133
     0.593544    0.168572
     0.576803    0.169507
     0.560016    0.169943
     0.543189    0.169885
     0.526328    0.169340
     0.509436    0.168318
     0.492518    0.166829
     0.475579    0.164886
     0.458623    0.162504
     0.441654    0.159697
     0.424676    0.156482
     0.407693    0.152877
     0.390709    0.148900
     0.373729    0.144571
     0.356760    0.139912
     0.339810    0.134946
     0.322889    0.129695
     0.306014    0.124188
     0.289207    0.118455
     0.272498    0.112530
     0.255929    0.106454
     0.239557    0.100273
     0.223457    0.094042
     0.207722    0.087824
     0.192459    0.081691
     0.177787    0.075716
     0.163822    0.069971
     0.150665    0.064519
     0.138388    0.059407
     0.127023    0.054663
     0.116568    0.050294
     0.106989    0.046294
     0.098229    0.042641
     0.090219    0.039308
     0.082885    0.036264
     0.076157    0.033480
     0.069967    0.030927
     0.064255    0.028579
     0.058968    0.026412
     0.054058    0.024406
     0.049484    0.022541
     0.045209    0.020802
     0.041202    0.019175
     0.037436    0.017647
     0.033888    0.016208
     0.030536    0.014847
     0.027364    0.013557
     0.024355    0.012329
     0.021496    0.011156
     0.018775    0.010031
     0.016181    0.008947
     0.013706    0.007898
     0.011344    0.006876
     0.009089    0.005871
     0.006931    0.004875
     0.004883    0.003866
     0.002967    0.002806
     0.001156    0.001649
     0.000443    0.000930
     0.000000    0.000000
     0.000206   -0.001995
     0.000839   -0.003867
     0.001905   -0.005656
     0.003324   -0.007262
     0.005019   -0.008686
     0.006921   -0.009960
     0.008997   -0.011112
     0.011224   -0.012168
     0.013592   -0.013150
     0.016098   -0.014073
     0.018743   -0.014951
     0.021532   -0.015796
     0.024471   -0.016617
     0.027572   -0.017420
     0.030845   -0.018214
     0.034305   -0.019006
     0.037969   -0.019800
     0.041856   -0.020604
     0.045990   -0.021425
     0.050397   -0.022267
     0.055107   -0.023140
     0.060154   -0.024050
     0.065578   -0.025007
     0.071426   -0.026020
     0.077748   -0.027099
     0.084600   -0.028259
     0.092047   -0.029511
     0.100153   -0.030872
     0.108987   -0.032358
     0.118613   -0.033984
     0.129089   -0.035768
     0.140455   -0.037722
     0.152727   -0.039857
     0.165893   -0.042176
     0.179907   -0.044676
     0.194695   -0.047345
     0.210161   -0.050167
     0.226197   -0.053117
     0.242691   -0.056167
     0.259538   -0.059288
     0.276640   -0.062449
     0.293916   -0.065621
     0.311303   -0.068777
     0.328754   -0.071892
     0.346235   -0.074944
     0.363722   -0.077911
     0.381196   -0.080774
     0.398645   -0.083515
     0.416063   -0.086115
     0.433442   -0.088559
     0.450780   -0.090830
     0.468074   -0.092911
     0.485322   -0.094789
     0.502524   -0.096448
     0.519678   -0.097875
     0.536783   -0.099055
     0.553839   -0.099975
     0.570845   -0.100623
     0.587800   -0.100988
     0.604703   -0.101058
     0.621552   -0.100822
     0.638347   -0.100273
     0.655085   -0.099401
     0.671766   -0.098199
     0.688388   -0.096662
     0.704948   -0.094783
     0.721447   -0.092559
     0.737881   -0.089987
     0.754249   -0.087067
     0.770550   -0.083797
     0.786783   -0.080179
     0.802945   -0.076216
     0.819036   -0.071912
     0.835055   -0.067271
     0.850998   -0.062301
     0.866865   -0.057010
     0.882652   -0.051409
     0.898355   -0.045508
     0.913967   -0.039324
     0.929480   -0.032873
     0.944879   -0.026177
     0.960148   -0.019261
     0.975260   -0.012155
     0.990180   -0.004901
     1.000000    0.000000
