     1.000000    0.000000
     0.992373    0.006843
     0.980700    0.017005
     0.968808    0.026983
     0.956756    0.036712
     0.944582    0.046148
     0.932318    0.055263
     0.919987    0.064038
     0.907603    0.072459
     0.895175    0.080523
     0.882707    0.088228
     0.870200    0.095574
     0.857654    0.102566
     0.845065    0.109207
     0.832427    0.115502
     0.819734    0.121458
     0.806979    0.127078
     0.794153    0.132368
     0.781247    0.137333
     0.768252    0.141978
     0.755156    0.146306
     0.741948    0.150320
     0.728618    0.154024
     0.715151    0.157419
     0.701536    0.160507
     0.687758    0.163290
     0.673803    0.165766
     0.659656    0.167937
     0.645302    0.169799
     0.630723    0.171353
     0.615904    0.172594
     0.600827    0.173520
     0.585473    0.174127
     0.569824    0.174411
     0.553861    0.174365
     0.537565    0.173986
     0.520915    0.173265
     0.503895    0.172199
     0.486487    0.170779
     0.468673    0.169000
     0.450442    0.166857
     0.431783    0.164344
     0.412695    0.161459
     0.393181    0.158200
     0.373260    0.154572
     0.352965    0.150582
     0.332352    0.146244
     0.311507    0.141583
     0.290553    0.136634
     0.269652    0.131448
     0.249012    0.126088
     0.228875    0.120634
     0.209496    0.115173
     0.191114    0.109792
     0.173915    0.104568
     0.158014    0.099559
     0.143446    0.094798
     0.130179    0.090298
     0.118135    0.086056
     0.107206    0.082054
     0.097280    0.078270
     0.088242    0.074680
     0.079988    0.071258
     0.072425    0.067980
     0.065471    0.064821
     0.059055    0.061762
     0.053117    0.058783
     0.047605    0.055864
     0.042478    0.052990
     0.037698    0.050143
     0.033235    0.047309
     0.029067    0.044471
     0.025174    0.041614
     0.021542    0.038723
     0.018163    0.035781
     0.015032    0.032771
     0.012150    0.029677
     0.009524    0.026480
     0.007168    0.023164
     0.005099    0.019712
     0.003342    0.016112
     0.001924    0.012349
     0.000875    0.008415
     0.000222    0.004309
     0.000053    0.002162
     0.000000    0.000000
     0.000052   -0.004407
     0.000259   -0.008804
     0.000602   -0.013011
     0.001079   -0.017093
     0.001695   -0.021052
     0.002460   -0.024888
     0.003378   -0.028604
     0.004455   -0.032198
     0.005696   -0.035671
     0.007107   -0.039019
     0.008694   -0.042237
     0.010460   -0.045322
     0.012410   -0.048267
     0.014545   -0.051065
     0.016865   -0.053711
     0.019370   -0.056199
     0.022055   -0.058526
     0.024918   -0.060691
     0.027955   -0.062692
     0.031164   -0.064533
     0.034542   -0.066217
     0.038090   -0.067747
     0.041812   -0.069129
     0.045711   -0.070368
     0.049797   -0.071470
     0.054080   -0.072437
     0.058575   -0.073275
     0.063301   -0.073987
     0.068281   -0.074573
     0.073543   -0.075034
     0.079120   -0.075371
     0.085054   -0.075579
     0.091396   -0.075655
     0.098206   -0.075593
     0.105559   -0.075383
     0.113550   -0.075014
     0.122294   -0.074471
     0.131937   -0.073735
     0.142659   -0.072783
     0.154686   -0.071587
     0.168283   -0.070119
     0.183732   -0.068356
     0.201242   -0.066299
     0.220741   -0.064004
     0.241804   -0.061591
     0.263876   -0.059200
     0.286475   -0.056950
     0.309287   -0.054927
     0.332157   -0.053177
     0.355043   -0.051725
     0.377974   -0.050582
     0.401019   -0.049752
     0.424273   -0.049234
     0.447848   -0.049027
     0.471870   -0.049126
     0.496473   -0.049526
     0.521785   -0.050215
     0.547901   -0.051172
     0.574802   -0.052354
     0.602203   -0.053682
     0.629353   -0.055028
     0.655315   -0.056248
     0.679645   -0.057237
     0.702291   -0.057943
     0.723373   -0.058339
     0.743064   -0.058418
     0.761538   -0.058181
     0.778955   -0.057632
     0.795456   -0.056777
     0.811160   -0.055621
     0.826171   -0.054168
     0.840580   -0.052422
     0.854464   -0.050382
     0.867895   -0.048048
     0.880936   -0.045416
     0.893644   -0.042480
     0.906077   -0.039228
     0.918291   -0.035645
     0.930344   -0.031710
     0.942301   -0.027391
     0.954237   -0.022645
     0.966252   -0.017405
     0.978481   -0.011572
     0.991139   -0.004974
     1.000000    0.000000
