     1.000000    0.000000
     0.988051    0.003442
     0.970291    0.009159
     0.952659    0.015484
     0.935108    0.022325
     0.917604    0.029613
     0.900119    0.037279
     0.882633    0.045257
     0.865130    0.053488
     0.847598    0.061912
     0.830034    0.070472
     0.812439    0.079107
     0.794825    0.087757
     0.777207    0.096365
     0.759587    0.104881
     0.741965    0.113262
     0.724332    0.121468
     0.706682    0.129465
     0.689006    0.137221
     0.671293    0.144705
     0.653538    0.151890
     0.635731    0.158748
     0.617868    0.165252
     0.599944    0.171379
     0.581956    0.177103
     0.563903    0.182401
     0.545786    0.187253
     0.527608    0.191636
     0.509371    0.195533
     0.491082    0.198924
     0.472747    0.201795
     0.454377    0.204132
     0.435981    0.205921
     0.417572    0.207152
     0.399164    0.207819
     0.380771    0.207915
     0.362412    0.207436
     0.344105    0.206381
     0.325871    0.204751
     0.307734    0.202549
     0.289723    0.199782
     0.271867    0.196457
     0.254205    0.192589
     0.236780    0.188194
     0.219643    0.183293
     0.202856    0.177915
     0.186489    0.172099
     0.170624    0.165891
     0.155352    0.159351
     0.140766    0.152549
     0.126958    0.145563
     0.114011    0.138480
     0.101984    0.131386
     0.090915    0.124360
     0.080810    0.117471
     0.071648    0.110772
     0.063387    0.104302
     0.055967    0.098082
     0.049322    0.092123
     0.043382    0.086425
     0.038077    0.080983
     0.033343    0.075787
     0.029121    0.070824
     0.025356    0.066082
     0.022001    0.061547
     0.019013    0.057206
     0.016354    0.053046
     0.013992    0.049057
     0.011898    0.045228
     0.010045    0.041549
     0.008411    0.038011
     0.006975    0.034608
     0.005719    0.031332
     0.004626    0.028176
     0.003683    0.025135
     0.002875    0.022203
     0.002190    0.019376
     0.001617    0.016647
     0.001146    0.014013
     0.000768    0.011472
     0.000475    0.009018
     0.000259    0.006650
     0.000112    0.004360
     0.000028    0.002145
     0.000007    0.001073
     0.000000    0.000000
     0.000652   -0.001851
     0.001844   -0.003423
     0.003288   -0.004911
     0.004862   -0.006346
     0.006567   -0.007750
     0.008391   -0.009139
     0.010321   -0.010525
     0.012359   -0.011915
     0.014510   -0.013315
     0.016777   -0.014730
     0.019167   -0.016165
     0.021687   -0.017624
     0.024345   -0.019110
     0.027153   -0.020628
     0.030122   -0.022182
     0.033265   -0.023774
     0.036599   -0.025409
     0.040140   -0.027090
     0.043910   -0.028823
     0.047930   -0.030610
     0.052227   -0.032456
     0.056830   -0.034365
     0.061774   -0.036341
     0.067094   -0.038387
     0.072833   -0.040506
     0.079038   -0.042700
     0.085759   -0.044969
     0.093049   -0.047311
     0.100964   -0.049719
     0.109559   -0.052184
     0.118886   -0.054689
     0.128985   -0.057214
     0.139886   -0.059727
     0.151595   -0.062195
     0.164100   -0.064574
     0.177360   -0.066820
     0.191319   -0.068890
     0.205900   -0.070741
     0.221020   -0.072339
     0.236595   -0.073654
     0.252546   -0.074666
     0.268800   -0.075363
     0.285296   -0.075736
     0.301982   -0.075786
     0.318818   -0.075515
     0.335771   -0.074930
     0.352813   -0.074038
     0.369927   -0.072850
     0.387096   -0.071379
     0.404309   -0.069637
     0.421558   -0.067638
     0.438838   -0.065397
     0.456145   -0.062930
     0.473475   -0.060251
     0.490829   -0.057377
     0.508205   -0.054327
     0.525604   -0.051118
     0.543027   -0.047769
     0.560473   -0.044299
     0.577943   -0.040731
     0.595433   -0.037086
     0.612938   -0.033389
     0.630450   -0.029667
     0.647955   -0.025946
     0.665436   -0.022257
     0.682886   -0.018630
     0.700296   -0.015092
     0.717665   -0.011673
     0.734988   -0.008402
     0.752266   -0.005308
     0.769497   -0.002421
     0.786682    0.000228
     0.803820    0.002609
     0.820909    0.004692
     0.837950    0.006444
     0.854940    0.007834
     0.871878    0.008831
     0.888761    0.009403
     0.905590    0.009518
     0.922362    0.009144
     0.939078    0.008251
     0.955741    0.006807
     0.972359    0.004778
     0.988942    0.002129
     1.000000    0.000000
