     1.000000    0.000000
     0.992354    0.003649
     0.980425    0.009206
     0.967987    0.014826
     0.955112    0.020459
     0.941863    0.026059
     0.928301    0.031589
     0.914480    0.037016
     0.900444    0.042313
     0.886231    0.047459
     0.871869    0.052439
     0.857381    0.057241
     0.842786    0.061857
     0.828096    0.066278
     0.813320    0.070502
     0.798467    0.074524
     0.783540    0.078343
     0.768545    0.081956
     0.753482    0.085362
     0.738354    0.088562
     0.723162    0.091553
     0.707906    0.094336
     0.692587    0.096910
     0.677204    0.099276
     0.661758    0.101432
     0.646247    0.103379
     0.630673    0.105117
     0.615035    0.106646
     0.599332    0.107964
     0.583566    0.109073
     0.567737    0.109972
     0.551845    0.110661
     0.535891    0.111139
     0.519877    0.111407
     0.503805    0.111465
     0.487676    0.111312
     0.471493    0.110948
     0.455260    0.110375
     0.438982    0.109591
     0.422663    0.108598
     0.406310    0.107396
     0.389931    0.105986
     0.373535    0.104370
     0.357135    0.102550
     0.340745    0.100528
     0.324383    0.098308
     0.308072    0.095895
     0.291840    0.093295
     0.275721    0.090518
     0.259756    0.087573
     0.243995    0.084477
     0.228497    0.081246
     0.213329    0.077903
     0.198567    0.074475
     0.184288    0.070992
     0.170570    0.067487
     0.157483    0.063993
     0.145084    0.060543
     0.133413    0.057167
     0.122490    0.053888
     0.112312    0.050725
     0.102861    0.047688
     0.094104    0.044783
     0.085998    0.042011
     0.078495    0.039369
     0.071545    0.036851
     0.065100    0.034449
     0.059113    0.032156
     0.053541    0.029963
     0.048344    0.027860
     0.043486    0.025840
     0.038935    0.023892
     0.034663    0.022010
     0.030645    0.020184
     0.026859    0.018407
     0.023285    0.016670
     0.019908    0.014965
     0.016712    0.013281
     0.013688    0.011609
     0.010828    0.009933
     0.008128    0.008234
     0.005592    0.006486
     0.003263    0.004636
     0.001184    0.002579
     0.000409    0.001383
     0.000000    0.000000
     0.000033   -0.003064
     0.000169   -0.006120
     0.000402   -0.009130
     0.000733   -0.012108
     0.001164   -0.015048
     0.001701   -0.017948
     0.002351   -0.020801
     0.003120   -0.023605
     0.004011   -0.026356
     0.005029   -0.029050
     0.006177   -0.031681
     0.007457   -0.034245
     0.008874   -0.036737
     0.010428   -0.039151
     0.012120   -0.041483
     0.013951   -0.043728
     0.015920   -0.045883
     0.018024   -0.047946
     0.020264   -0.049913
     0.022636   -0.051785
     0.025141   -0.053561
     0.027776   -0.055242
     0.030542   -0.056830
     0.033440   -0.058326
     0.036471   -0.059732
     0.039639   -0.061051
     0.042948   -0.062285
     0.046403   -0.063436
     0.050013   -0.064507
     0.053786   -0.065499
     0.057733   -0.066413
     0.061867   -0.067251
     0.066203   -0.068014
     0.070759   -0.068700
     0.075555   -0.069310
     0.080615   -0.069842
     0.085967   -0.070294
     0.091644   -0.070662
     0.097684   -0.070944
     0.104129   -0.071134
     0.111033   -0.071225
     0.118455   -0.071209
     0.126468   -0.071076
     0.135152   -0.070815
     0.144607   -0.070411
     0.154944   -0.069848
     0.166291   -0.069106
     0.178791   -0.068166
     0.192594   -0.067005
     0.207854   -0.065604
     0.224703   -0.063947
     0.243228   -0.062029
     0.263431   -0.059861
     0.285185   -0.057477
     0.308190   -0.054936
     0.331988   -0.052320
     0.356182   -0.049699
     0.380523   -0.047124
     0.404885   -0.044623
     0.429222   -0.042213
     0.453534   -0.039900
     0.477845   -0.037686
     0.502190   -0.035569
     0.526610   -0.033544
     0.551147   -0.031606
     0.575841   -0.029747
     0.600731   -0.027959
     0.625847   -0.026231
     0.651211   -0.024554
     0.676828   -0.022915
     0.702671   -0.021302
     0.728662   -0.019706
     0.754643   -0.018118
     0.780389   -0.016535
     0.805717   -0.014950
     0.830487   -0.013355
     0.854570   -0.011748
     0.877825   -0.010128
     0.900090   -0.008502
     0.921184   -0.006882
     0.940924   -0.005289
     0.959158   -0.003744
     0.975801   -0.002268
     0.990836   -0.000876
     1.000000    0.000000
