     1.000000    0.000000
     0.991416    0.007504
     0.978292    0.018227
     0.964847    0.028336
     0.951070    0.037823
     0.936956    0.046680
     0.922511    0.054901
     0.907742    0.062481
     0.892662    0.069419
     0.877288    0.075718
     0.861639    0.081387
     0.845735    0.086440
     0.829596    0.090897
     0.813244    0.094781
     0.796699    0.098121
     0.779980    0.100947
     0.763104    0.103294
     0.746088    0.105195
     0.728947    0.106685
     0.711694    0.107799
     0.694342    0.108571
     0.676902    0.109034
     0.659383    0.109219
     0.641794    0.109156
     0.624145    0.108871
     0.606442    0.108389
     0.588693    0.107733
     0.570904    0.106923
     0.553082    0.105978
     0.535233    0.104911
     0.517363    0.103736
     0.499477    0.102465
     0.481582    0.101104
     0.463684    0.099662
     0.445788    0.098141
     0.427902    0.096545
     0.410034    0.094874
     0.392192    0.093127
     0.374387    0.091302
     0.356630    0.089394
     0.338938    0.087400
     0.321331    0.085314
     0.303833    0.083130
     0.286479    0.080844
     0.269309    0.078451
     0.252377    0.075950
     0.235749    0.073343
     0.219506    0.070636
     0.203740    0.067841
     0.188550    0.064976
     0.174040    0.062065
     0.160300    0.059137
     0.147404    0.056223
     0.135396    0.053350
     0.124290    0.050545
     0.114070    0.047828
     0.104698    0.045211
     0.096117    0.042702
     0.088263    0.040303
     0.081069    0.038013
     0.074468    0.035829
     0.068398    0.033744
     0.062802    0.031753
     0.057630    0.029849
     0.052835    0.028026
     0.048378    0.026276
     0.044223    0.024595
     0.040340    0.022975
     0.036702    0.021412
     0.033285    0.019901
     0.030069    0.018437
     0.027036    0.017015
     0.024171    0.015632
     0.021460    0.014283
     0.018892    0.012965
     0.016455    0.011674
     0.014141    0.010406
     0.011943    0.009156
     0.009856    0.007919
     0.007872    0.006692
     0.005988    0.005468
     0.004222    0.004226
     0.002572    0.002955
     0.001032    0.001631
     0.000424    0.000881
     0.000000    0.000000
     0.000436   -0.001825
     0.001650   -0.003236
     0.003336   -0.004246
     0.005239   -0.004929
     0.007273   -0.005423
     0.009412   -0.005780
     0.011647   -0.006035
     0.013977   -0.006212
     0.016406   -0.006327
     0.018938   -0.006387
     0.021581   -0.006400
     0.024344   -0.006371
     0.027235   -0.006303
     0.030266   -0.006198
     0.033450   -0.006058
     0.036801   -0.005883
     0.040334   -0.005675
     0.044070   -0.005433
     0.048028   -0.005156
     0.052232   -0.004843
     0.056710   -0.004494
     0.061493   -0.004107
     0.066616   -0.003678
     0.072119   -0.003208
     0.078047   -0.002691
     0.084450   -0.002127
     0.091383   -0.001513
     0.098904   -0.000846
     0.107075   -0.000123
     0.115956    0.000654
     0.125601    0.001487
     0.136055    0.002372
     0.147343    0.003304
     0.159466    0.004274
     0.172398    0.005273
     0.186082    0.006288
     0.200443    0.007304
     0.215389    0.008310
     0.230822    0.009292
     0.246651    0.010243
     0.262792    0.011154
     0.279175    0.012020
     0.295743    0.012839
     0.312452    0.013609
     0.329267    0.014331
     0.346161    0.015005
     0.363115    0.015633
     0.380114    0.016216
     0.397147    0.016757
     0.414207    0.017259
     0.431288    0.017722
     0.448383    0.018150
     0.465491    0.018544
     0.482608    0.018907
     0.499732    0.019238
     0.516860    0.019540
     0.533991    0.019813
     0.551123    0.020057
     0.568255    0.020272
     0.585384    0.020458
     0.602510    0.020613
     0.619630    0.020735
     0.636743    0.020822
     0.653846    0.020871
     0.670939    0.020878
     0.688018    0.020838
     0.705082    0.020746
     0.722128    0.020596
     0.739154    0.020381
     0.756157    0.020092
     0.773133    0.019721
     0.790081    0.019259
     0.806995    0.018695
     0.823873    0.018016
     0.840710    0.017212
     0.857502    0.016268
     0.874242    0.015170
     0.890925    0.013904
     0.907543    0.012455
     0.924088    0.010806
     0.940551    0.008941
     0.956919    0.006844
     0.973180    0.004499
     0.989316    0.001891
     1.000000    0.000000
