     1.000000    0.000000
     0.990816    0.006286
     0.976213    0.016070
     0.960748    0.026148
     0.944598    0.036360
     0.927931    0.046558
     0.910900    0.056621
     0.893627    0.066453
     0.876205    0.075988
     0.858698    0.085179
     0.841152    0.093998
     0.823597    0.102425
     0.806051    0.110452
     0.788526    0.118074
     0.771027    0.125289
     0.753556    0.132098
     0.736114    0.138503
     0.718698    0.144509
     0.701305    0.150117
     0.683931    0.155332
     0.666573    0.160156
     0.649227    0.164595
     0.631888    0.168650
     0.614553    0.172324
     0.597219    0.175620
     0.579882    0.178540
     0.562541    0.181086
     0.545195    0.183260
     0.527842    0.185062
     0.510484    0.186494
     0.493123    0.187557
     0.475761    0.188251
     0.458404    0.188578
     0.441058    0.188539
     0.423733    0.188135
     0.406440    0.187367
     0.389194    0.186239
     0.372011    0.184753
     0.354912    0.182914
     0.337922    0.180728
     0.321069    0.178203
     0.304388    0.175350
     0.287916    0.172179
     0.271695    0.168709
     0.255773    0.164958
     0.240199    0.160949
     0.225026    0.156709
     0.210306    0.152268
     0.196090    0.147659
     0.182427    0.142918
     0.169357    0.138080
     0.156910    0.133182
     0.145110    0.128258
     0.133966    0.123337
     0.123478    0.118446
     0.113636    0.113608
     0.104421    0.108840
     0.095808    0.104154
     0.087768    0.099558
     0.080267    0.095057
     0.073272    0.090652
     0.066750    0.086343
     0.060668    0.082126
     0.054994    0.077997
     0.049701    0.073951
     0.044761    0.069981
     0.040150    0.066081
     0.035847    0.062244
     0.031832    0.058463
     0.028089    0.054730
     0.024602    0.051039
     0.021361    0.047382
     0.018354    0.043751
     0.015574    0.040140
     0.013015    0.036542
     0.010675    0.032949
     0.008551    0.029356
     0.006644    0.025755
     0.004960    0.022142
     0.003503    0.018511
     0.002281    0.014858
     0.001306    0.011180
     0.000591    0.007478
     0.000155    0.003756
     0.000042    0.001882
     0.000000    0.000000
     0.000057   -0.003688
     0.000248   -0.007367
     0.000575   -0.011054
     0.001040   -0.014742
     0.001650   -0.018424
     0.002413   -0.022094
     0.003333   -0.025746
     0.004416   -0.029377
     0.005666   -0.032982
     0.007086   -0.036557
     0.008680   -0.040097
     0.010452   -0.043599
     0.012404   -0.047059
     0.014540   -0.050476
     0.016861   -0.053846
     0.019370   -0.057169
     0.022071   -0.060443
     0.024968   -0.063669
     0.028064   -0.066846
     0.031365   -0.069976
     0.034878   -0.073060
     0.038609   -0.076099
     0.042567   -0.079096
     0.046765   -0.082053
     0.051212   -0.084972
     0.055926   -0.087857
     0.060922   -0.090710
     0.066221   -0.093534
     0.071844   -0.096332
     0.077818   -0.099106
     0.084171   -0.101859
     0.090937   -0.104592
     0.098152   -0.107307
     0.105859   -0.110006
     0.114103   -0.112687
     0.122936   -0.115350
     0.132410   -0.117993
     0.142586   -0.120612
     0.153523   -0.123199
     0.165280   -0.125747
     0.177915   -0.128242
     0.191476   -0.130671
     0.206001   -0.133013
     0.221509   -0.135249
     0.237997   -0.137352
     0.255440   -0.139296
     0.273781   -0.141055
     0.292945   -0.142604
     0.312833   -0.143916
     0.333335   -0.144974
     0.354335   -0.145758
     0.375716   -0.146255
     0.397369   -0.146457
     0.419194   -0.146355
     0.441100   -0.145947
     0.463013   -0.145228
     0.484867   -0.144199
     0.506611   -0.142860
     0.528201   -0.141212
     0.549607   -0.139255
     0.570801   -0.136992
     0.591768   -0.134424
     0.612495   -0.131553
     0.632975   -0.128380
     0.653204   -0.124907
     0.673183   -0.121133
     0.692913   -0.117061
     0.712399   -0.112690
     0.731647   -0.108020
     0.750663   -0.103052
     0.769452   -0.097786
     0.788022   -0.092222
     0.806375   -0.086360
     0.824516   -0.080202
     0.842445   -0.073752
     0.860156   -0.067013
     0.877640   -0.059996
     0.894879   -0.052713
     0.911845   -0.045183
     0.928497   -0.037438
     0.944779   -0.029516
     0.960619   -0.021473
     0.975930   -0.013378
     0.990610   -0.005315
     1.000000    0.000000
