     1.000000    0.000000
     0.992477    0.009582
     0.980934    0.023766
     0.969154    0.037629
     0.957199    0.051069
     0.945105    0.064027
     0.932902    0.076463
     0.920612    0.088350
     0.908247    0.099674
     0.895816    0.110429
     0.883323    0.120614
     0.870767    0.130232
     0.858146    0.139290
     0.845455    0.147796
     0.832687    0.155757
     0.819833    0.163183
     0.806884    0.170083
     0.793828    0.176465
     0.780652    0.182338
     0.767343    0.187709
     0.753886    0.192583
     0.740264    0.196967
     0.726459    0.200865
     0.712454    0.204280
     0.698227    0.207213
     0.683757    0.209667
     0.669020    0.211641
     0.653990    0.213133
     0.638641    0.214141
     0.622942    0.214661
     0.606862    0.214688
     0.590367    0.214217
     0.573421    0.213241
     0.555985    0.211754
     0.538019    0.209747
     0.519480    0.207214
     0.500325    0.204149
     0.480509    0.200549
     0.459990    0.196411
     0.438725    0.191741
     0.416683    0.186547
     0.393841    0.180850
     0.370203    0.174681
     0.345808    0.168089
     0.320761    0.161150
     0.295260    0.153967
     0.269631    0.146681
     0.244344    0.139464
     0.219974    0.132503
     0.197091    0.125959
     0.176126    0.119937
     0.157284    0.114467
     0.140550    0.109521
     0.125763    0.105033
     0.112693    0.100924
     0.101100    0.097119
     0.090765    0.093551
     0.081497    0.090162
     0.073139    0.086907
     0.065561    0.083744
     0.058659    0.080640
     0.052348    0.077569
     0.046562    0.074505
     0.041246    0.071429
     0.036360    0.068325
     0.031869    0.065177
     0.027748    0.061976
     0.023978    0.058715
     0.020543    0.055388
     0.017431    0.051997
     0.014632    0.048545
     0.012133    0.045040
     0.009925    0.041491
     0.007992    0.037912
     0.006321    0.034315
     0.004893    0.030715
     0.003691    0.027126
     0.002696    0.023560
     0.001890    0.020028
     0.001253    0.016539
     0.000765    0.013102
     0.000407    0.009726
     0.000165    0.006417
     0.000032    0.003175
     0.000004    0.001588
     0.000000    0.000000
     0.000036   -0.002521
     0.000191   -0.005030
     0.000468   -0.007546
     0.000870   -0.010059
     0.001409   -0.012562
     0.002104   -0.015040
     0.002970   -0.017482
     0.004017   -0.019873
     0.005256   -0.022198
     0.006692   -0.024441
     0.008326   -0.026587
     0.010157   -0.028622
     0.012180   -0.030537
     0.014387   -0.032324
     0.016770   -0.033983
     0.019321   -0.035514
     0.022034   -0.036920
     0.024906   -0.038208
     0.027936   -0.039382
     0.031125   -0.040449
     0.034476   -0.041416
     0.037999   -0.042288
     0.041700   -0.043071
     0.045594   -0.043768
     0.049695   -0.044384
     0.054023   -0.044921
     0.058600   -0.045381
     0.063451   -0.045766
     0.068609   -0.046077
     0.074110   -0.046311
     0.079998   -0.046470
     0.086324   -0.046550
     0.093149   -0.046550
     0.100545   -0.046464
     0.108595   -0.046289
     0.117399   -0.046020
     0.127067   -0.045652
     0.137726   -0.045180
     0.149504   -0.044601
     0.162519   -0.043917
     0.176853   -0.043136
     0.192499   -0.042279
     0.209349   -0.041376
     0.227223   -0.040465
     0.245916   -0.039583
     0.265233   -0.038765
     0.285014   -0.038037
     0.305142   -0.037418
     0.325541   -0.036918
     0.346168   -0.036545
     0.367005   -0.036300
     0.388049   -0.036179
     0.409308   -0.036179
     0.430793   -0.036291
     0.452514   -0.036505
     0.474474   -0.036807
     0.496654   -0.037182
     0.519010   -0.037607
     0.541445   -0.038059
     0.563797   -0.038508
     0.585905   -0.038923
     0.607664   -0.039278
     0.629014   -0.039546
     0.649927   -0.039706
     0.670391   -0.039737
     0.690408   -0.039622
     0.709988   -0.039348
     0.729144   -0.038900
     0.747892   -0.038268
     0.766250   -0.037442
     0.784236   -0.036415
     0.801868   -0.035178
     0.819162   -0.033727
     0.836134   -0.032055
     0.852801   -0.030159
     0.869176   -0.028035
     0.885271   -0.025681
     0.901096   -0.023094
     0.916660   -0.020274
     0.931969   -0.017221
     0.947024   -0.013937
     0.961825   -0.010425
     0.976366   -0.006692
     0.990637   -0.002745
     1.000000    0.000000
