     1.000000    0.000000
     0.991369    0.002248
     0.977414    0.005902
     0.962255    0.009895
     0.945992    0.014192
     0.928818    0.018726
     0.910993    0.023415
     0.892760    0.028172
     0.874323    0.032926
     0.855833    0.037617
     0.837396    0.042204
     0.819073    0.046655
     0.800902    0.050951
     0.782900    0.055075
     0.765073    0.059019
     0.747419    0.062776
     0.729931    0.066341
     0.712600    0.069711
     0.695417    0.072884
     0.678371    0.075858
     0.661452    0.078632
     0.644651    0.081206
     0.627957    0.083577
     0.611362    0.085747
     0.594858    0.087714
     0.578437    0.089478
     0.562092    0.091039
     0.545816    0.092397
     0.529605    0.093551
     0.513453    0.094501
     0.497355    0.095246
     0.481308    0.095788
     0.465309    0.096125
     0.449355    0.096258
     0.433445    0.096186
     0.417578    0.095910
     0.401755    0.095430
     0.385977    0.094747
     0.370248    0.093860
     0.354573    0.092772
     0.338960    0.091484
     0.323418    0.089998
     0.307961    0.088317
     0.292607    0.086445
     0.277378    0.084389
     0.262305    0.082155
     0.247421    0.079755
     0.232771    0.077201
     0.218405    0.074510
     0.204381    0.071702
     0.190762    0.068801
     0.177614    0.065834
     0.165000    0.062832
     0.152977    0.059824
     0.141588    0.056839
     0.130864    0.053904
     0.120816    0.051040
     0.111439    0.048264
     0.102715    0.045589
     0.094613    0.043019
     0.087097    0.040559
     0.080123    0.038207
     0.073649    0.035960
     0.067632    0.033814
     0.062031    0.031761
     0.056808    0.029797
     0.051928    0.027915
     0.047359    0.026107
     0.043073    0.024368
     0.039044    0.022691
     0.035249    0.021071
     0.031669    0.019501
     0.028284    0.017977
     0.025080    0.016491
     0.022043    0.015040
     0.019160    0.013617
     0.016421    0.012217
     0.013817    0.010832
     0.011345    0.009454
     0.008996    0.008073
     0.006768    0.006678
     0.004679    0.005244
     0.002749    0.003734
     0.001006    0.002078
     0.000367    0.001116
     0.000000    0.000000
     0.000050   -0.002607
     0.000220   -0.005202
     0.000515   -0.007817
     0.000938   -0.010441
     0.001497   -0.013066
     0.002200   -0.015684
     0.003055   -0.018285
     0.004067   -0.020863
     0.005239   -0.023409
     0.006575   -0.025916
     0.008077   -0.028377
     0.009747   -0.030784
     0.011584   -0.033131
     0.013588   -0.035414
     0.015759   -0.037627
     0.018097   -0.039768
     0.020600   -0.041835
     0.023269   -0.043825
     0.026106   -0.045740
     0.029113   -0.047577
     0.032293   -0.049338
     0.035649   -0.051022
     0.039190   -0.052631
     0.042922   -0.054165
     0.046854   -0.055623
     0.050999   -0.057006
     0.055369   -0.058314
     0.059980   -0.059545
     0.064850   -0.060699
     0.070000   -0.061773
     0.075455   -0.062764
     0.081242   -0.063669
     0.087392   -0.064483
     0.093940   -0.065201
     0.100928   -0.065814
     0.108400   -0.066315
     0.116407   -0.066693
     0.125006   -0.066936
     0.134259   -0.067031
     0.144232   -0.066963
     0.154997   -0.066713
     0.166628   -0.066265
     0.179196   -0.065599
     0.192770   -0.064698
     0.207409   -0.063547
     0.223158   -0.062134
     0.240040   -0.060455
     0.258055   -0.058515
     0.277166   -0.056329
     0.297298   -0.053923
     0.318318   -0.051341
     0.340023   -0.048638
     0.362111   -0.045888
     0.384291   -0.043161
     0.406390   -0.040508
     0.428321   -0.037963
     0.450058   -0.035549
     0.471604   -0.033281
     0.492984   -0.031167
     0.514234   -0.029211
     0.535395   -0.027416
     0.556510   -0.025783
     0.577626   -0.024308
     0.598791   -0.022989
     0.620053   -0.021820
     0.641460   -0.020794
     0.663057   -0.019901
     0.684877   -0.019129
     0.706936   -0.018460
     0.729210   -0.017874
     0.751607   -0.017344
     0.773926   -0.016837
     0.795850   -0.016319
     0.817153   -0.015753
     0.837716   -0.015104
     0.857491   -0.014340
     0.876477   -0.013436
     0.894696   -0.012367
     0.912189   -0.011117
     0.929003   -0.009671
     0.945188   -0.008017
     0.960798   -0.006143
     0.975882   -0.004041
     0.990489   -0.001698
     1.000000    0.000000
