     1.000000    0.000000
     0.989259    0.005309
     0.972942    0.012902
     0.956365    0.020076
     0.939539    0.026861
     0.922470    0.033285
     0.905172    0.039375
     0.887654    0.045162
     0.869932    0.050674
     0.852019    0.055940
     0.833930    0.060989
     0.815680    0.065846
     0.797284    0.070537
     0.778759    0.075085
     0.760119    0.079511
     0.741380    0.083833
     0.722556    0.088067
     0.703662    0.092225
     0.684712    0.096316
     0.665719    0.100349
     0.646695    0.104325
     0.627651    0.108246
     0.608598    0.112109
     0.589546    0.115910
     0.570504    0.119642
     0.551479    0.123295
     0.532479    0.126856
     0.513512    0.130313
     0.494583    0.133649
     0.475700    0.136845
     0.456869    0.139884
     0.438096    0.142743
     0.419389    0.145400
     0.400756    0.147831
     0.382207    0.150010
     0.363753    0.151911
     0.345408    0.153507
     0.327187    0.154768
     0.309111    0.155667
     0.291202    0.156174
     0.273490    0.156260
     0.256009    0.155900
     0.238800    0.155069
     0.221912    0.153746
     0.205399    0.151917
     0.189327    0.149574
     0.173766    0.146721
     0.158789    0.143372
     0.144474    0.139554
     0.130892    0.135311
     0.118108    0.130695
     0.106170    0.125773
     0.095110    0.120615
     0.084940    0.115294
     0.075649    0.109881
     0.067210    0.104439
     0.059582    0.099022
     0.052711    0.093676
     0.046541    0.088433
     0.041011    0.083320
     0.036063    0.078352
     0.031639    0.073541
     0.027687    0.068892
     0.024159    0.064407
     0.021011    0.060084
     0.018204    0.055920
     0.015704    0.051911
     0.013479    0.048052
     0.011501    0.044336
     0.009748    0.040757
     0.008196    0.037311
     0.006827    0.033990
     0.005625    0.030789
     0.004575    0.027702
     0.003662    0.024725
     0.002875    0.021852
     0.002203    0.019079
     0.001636    0.016400
     0.001167    0.013812
     0.000787    0.011313
     0.000490    0.008897
     0.000270    0.006563
     0.000120    0.004305
     0.000032    0.002119
     0.000009    0.001060
     0.000000    0.000000
     0.000244   -0.001967
     0.000997   -0.003768
     0.002238   -0.005412
     0.003844   -0.006789
     0.005707   -0.007930
     0.007758   -0.008880
     0.009959   -0.009675
     0.012293   -0.010344
     0.014752   -0.010908
     0.017334   -0.011384
     0.020041   -0.011781
     0.022878   -0.012109
     0.025853   -0.012373
     0.028976   -0.012577
     0.032256   -0.012723
     0.035708   -0.012814
     0.039348   -0.012849
     0.043191   -0.012829
     0.047259   -0.012752
     0.051574   -0.012615
     0.056163   -0.012415
     0.061056   -0.012149
     0.066286   -0.011811
     0.071894   -0.011394
     0.077922   -0.010892
     0.084419   -0.010295
     0.091439   -0.009594
     0.099042   -0.008775
     0.107289   -0.007828
     0.116243   -0.006738
     0.125966   -0.005492
     0.136508   -0.004077
     0.147906   -0.002483
     0.160175   -0.000704
     0.173303    0.001260
     0.187248    0.003404
     0.201941    0.005716
     0.217292    0.008177
     0.233204    0.010765
     0.249575    0.013458
     0.266310    0.016231
     0.283326    0.019060
     0.300547    0.021924
     0.317912    0.024801
     0.335375    0.027676
     0.352900    0.030530
     0.370461    0.033351
     0.388041    0.036126
     0.405626    0.038843
     0.423206    0.041489
     0.440775    0.044055
     0.458327    0.046530
     0.475859    0.048901
     0.493367    0.051159
     0.510849    0.053293
     0.528302    0.055290
     0.545725    0.057140
     0.563115    0.058830
     0.580468    0.060348
     0.597784    0.061682
     0.615059    0.062818
     0.632289    0.063744
     0.649472    0.064447
     0.666604    0.064912
     0.683680    0.065126
     0.700696    0.065076
     0.717648    0.064747
     0.734530    0.064127
     0.751337    0.063200
     0.768062    0.061954
     0.784700    0.060375
     0.801244    0.058451
     0.817687    0.056171
     0.834023    0.053521
     0.850244    0.050493
     0.866344    0.047075
     0.882316    0.043258
     0.898153    0.039036
     0.913849    0.034399
     0.929400    0.029342
     0.944802    0.023858
     0.960052    0.017942
     0.975152    0.011587
     0.990104    0.004788
     1.000000    0.000000
