     1.000000    0.000000
     0.989990    0.005912
     0.974741    0.014542
     0.959218    0.022880
     0.943439    0.030916
     0.927419    0.038645
     0.911171    0.046063
     0.894705    0.053171
     0.878032    0.059971
     0.861159    0.066466
     0.844096    0.072659
     0.826851    0.078556
     0.809433    0.084162
     0.791850    0.089483
     0.774110    0.094526
     0.756223    0.099295
     0.738197    0.103797
     0.720042    0.108038
     0.701766    0.112024
     0.683379    0.115760
     0.664892    0.119251
     0.646312    0.122501
     0.627651    0.125514
     0.608918    0.128294
     0.590122    0.130843
     0.571275    0.133163
     0.552386    0.135256
     0.533466    0.137122
     0.514526    0.138761
     0.495575    0.140172
     0.476626    0.141353
     0.457690    0.142302
     0.438781    0.143016
     0.419911    0.143490
     0.401095    0.143721
     0.382350    0.143701
     0.363695    0.143427
     0.345150    0.142891
     0.326741    0.142087
     0.308496    0.141008
     0.290448    0.139650
     0.272638    0.138008
     0.255111    0.136077
     0.237922    0.133859
     0.221131    0.131357
     0.204807    0.128579
     0.189022    0.125538
     0.173851    0.122255
     0.159366    0.118756
     0.145629    0.115071
     0.132691    0.111238
     0.120586    0.107291
     0.109326    0.103269
     0.098907    0.099205
     0.089306    0.095128
     0.080488    0.091063
     0.072409    0.087030
     0.065019    0.083042
     0.058268    0.079110
     0.052105    0.075241
     0.046480    0.071438
     0.041350    0.067704
     0.036672    0.064039
     0.032409    0.060443
     0.028527    0.056916
     0.024996    0.053455
     0.021789    0.050061
     0.018881    0.046731
     0.016251    0.043465
     0.013879    0.040263
     0.011749    0.037123
     0.009844    0.034045
     0.008149    0.031031
     0.006652    0.028080
     0.005340    0.025193
     0.004200    0.022371
     0.003221    0.019615
     0.002394    0.016925
     0.001706    0.014302
     0.001149    0.011746
     0.000713    0.009260
     0.000389    0.006844
     0.000169    0.004498
     0.000042    0.002218
     0.000011    0.001110
     0.000000    0.000000
     0.000083   -0.002107
     0.000462   -0.004159
     0.001170   -0.006209
     0.002272   -0.008134
     0.003810   -0.009816
     0.005714   -0.011185
     0.007896   -0.012231
     0.010278   -0.012998
     0.012820   -0.013532
     0.015495   -0.013878
     0.018300   -0.014069
     0.021234   -0.014130
     0.024304   -0.014078
     0.027520   -0.013925
     0.030895   -0.013681
     0.034444   -0.013353
     0.038186   -0.012944
     0.042141   -0.012458
     0.046334   -0.011897
     0.050793   -0.011262
     0.055549   -0.010552
     0.060638   -0.009767
     0.066103   -0.008906
     0.071986   -0.007970
     0.078339   -0.006959
     0.085215   -0.005875
     0.092670   -0.004721
     0.100764   -0.003504
     0.109556   -0.002235
     0.119101   -0.000930
     0.129439    0.000391
     0.140598    0.001699
     0.152582    0.002961
     0.165369    0.004138
     0.178913    0.005190
     0.193145    0.006076
     0.207987    0.006761
     0.223351    0.007215
     0.239155    0.007414
     0.255324    0.007343
     0.271796    0.006992
     0.288518    0.006358
     0.305452    0.005443
     0.322567    0.004250
     0.339842    0.002788
     0.357262    0.001067
     0.374817   -0.000901
     0.392502   -0.003102
     0.410313   -0.005519
     0.428248   -0.008135
     0.446306   -0.010930
     0.464482   -0.013881
     0.482768   -0.016963
     0.501150   -0.020147
     0.519601   -0.023400
     0.538078   -0.026682
     0.556517   -0.029949
     0.574861   -0.033158
     0.593072   -0.036268
     0.611125   -0.039242
     0.629003   -0.042046
     0.646698   -0.044647
     0.664204   -0.047015
     0.681518   -0.049122
     0.698639   -0.050940
     0.715567   -0.052446
     0.732303   -0.053615
     0.748848   -0.054425
     0.765205   -0.054855
     0.781374   -0.054885
     0.797358   -0.054499
     0.813160   -0.053679
     0.828780   -0.052411
     0.844223   -0.050679
     0.859492   -0.048472
     0.874591   -0.045777
     0.889524   -0.042583
     0.904299   -0.038880
     0.918926   -0.034655
     0.933416   -0.029897
     0.947788   -0.024590
     0.962065   -0.018715
     0.976282   -0.012242
     0.990490   -0.005131
     1.000000    0.000000
