     1.000000    0.000000
     0.991347    0.005182
     0.978625    0.012363
     0.966057    0.018967
     0.953531    0.025088
     0.940966    0.030786
     0.928301    0.036104
     0.915486    0.041071
     0.902475    0.045710
     0.889228    0.050038
     0.875705    0.054068
     0.861869    0.057809
     0.847680    0.061269
     0.833097    0.064453
     0.818078    0.067368
     0.802576    0.070015
     0.786543    0.072399
     0.769927    0.074523
     0.752670    0.076389
     0.734713    0.078000
     0.715992    0.079362
     0.696439    0.080480
     0.675986    0.081363
     0.654567    0.082023
     0.632121    0.082476
     0.608605    0.082743
     0.584006    0.082852
     0.558367    0.082839
     0.531823    0.082747
     0.504653    0.082623
     0.477277    0.082514
     0.449979    0.082460
     0.422860    0.082488
     0.395935    0.082613
     0.369193    0.082841
     0.342658    0.083168
     0.316446    0.083576
     0.290832    0.084031
     0.266292    0.084486
     0.243375    0.084885
     0.222398    0.085183
     0.203435    0.085353
     0.186402    0.085381
     0.171133    0.085267
     0.157427    0.085015
     0.145086    0.084635
     0.133925    0.084134
     0.123783    0.083524
     0.114519    0.082810
     0.106017    0.081999
     0.098177    0.081097
     0.090916    0.080107
     0.084163    0.079031
     0.077862    0.077872
     0.071962    0.076629
     0.066423    0.075302
     0.061209    0.073891
     0.056293    0.072394
     0.051650    0.070808
     0.047259    0.069133
     0.043105    0.067364
     0.039175    0.065500
     0.035458    0.063538
     0.031946    0.061475
     0.028634    0.059309
     0.025517    0.057040
     0.022593    0.054667
     0.019862    0.052191
     0.017321    0.049615
     0.014971    0.046941
     0.012811    0.044175
     0.010838    0.041323
     0.009052    0.038392
     0.007447    0.035390
     0.006021    0.032325
     0.004767    0.029206
     0.003679    0.026042
     0.002749    0.022840
     0.001970    0.019608
     0.001335    0.016354
     0.000834    0.013085
     0.000455    0.009809
     0.000191    0.006535
     0.000039    0.003264
     0.000006    0.001633
     0.000000    0.000000
     0.000029   -0.002793
     0.000156   -0.005578
     0.000381   -0.008329
     0.000701   -0.011054
     0.001120   -0.013750
     0.001648   -0.016409
     0.002293   -0.019027
     0.003064   -0.021599
     0.003966   -0.024117
     0.005006   -0.026576
     0.006187   -0.028967
     0.007515   -0.031284
     0.008992   -0.033516
     0.010619   -0.035658
     0.012396   -0.037703
     0.014320   -0.039643
     0.016388   -0.041477
     0.018597   -0.043201
     0.020942   -0.044814
     0.023421   -0.046319
     0.026030   -0.047717
     0.028769   -0.049010
     0.031637   -0.050203
     0.034636   -0.051298
     0.037769   -0.052301
     0.041041   -0.053215
     0.044458   -0.054043
     0.048030   -0.054787
     0.051767   -0.055451
     0.055681   -0.056037
     0.059788   -0.056544
     0.064106   -0.056975
     0.068655   -0.057329
     0.073461   -0.057605
     0.078552   -0.057801
     0.083962   -0.057915
     0.089731   -0.057944
     0.095906   -0.057881
     0.102541   -0.057722
     0.109704   -0.057459
     0.117473   -0.057081
     0.125940   -0.056580
     0.135215   -0.055940
     0.145424   -0.055147
     0.156713   -0.054185
     0.169236   -0.053039
     0.183152   -0.051693
     0.198590   -0.050142
     0.215604   -0.048392
     0.234111   -0.046473
     0.253845   -0.044438
     0.274471   -0.042351
     0.295690   -0.040265
     0.317282   -0.038224
     0.339109   -0.036255
     0.361092   -0.034374
     0.383201   -0.032590
     0.405429   -0.030905
     0.427790   -0.029317
     0.450303   -0.027823
     0.472992   -0.026417
     0.495882   -0.025093
     0.518998   -0.023841
     0.542358   -0.022653
     0.565977   -0.021519
     0.589860   -0.020428
     0.613996   -0.019367
     0.638354   -0.018326
     0.662867   -0.017295
     0.687425   -0.016263
     0.711911   -0.015222
     0.736254   -0.014165
     0.760418   -0.013083
     0.784380   -0.011969
     0.808117   -0.010819
     0.831587   -0.009634
     0.854717   -0.008417
     0.877381   -0.007179
     0.899393   -0.005937
     0.920503   -0.004714
     0.940423   -0.003540
     0.958887   -0.002440
     0.975710   -0.001436
     0.990830   -0.000540
     1.000000    0.000000
