     1.000000    0.000000
     0.990696    0.004332
     0.976475    0.010695
     0.961948    0.016880
     0.947145    0.022876
     0.932090    0.028673
     0.916800    0.034266
     0.901293    0.039652
     0.885584    0.044830
     0.869685    0.049799
     0.853611    0.054562
     0.837371    0.059120
     0.820979    0.063475
     0.804444    0.067628
     0.787779    0.071582
     0.770993    0.075339
     0.754099    0.078900
     0.737108    0.082267
     0.720029    0.085440
     0.702875    0.088422
     0.685656    0.091211
     0.668382    0.093808
     0.651063    0.096212
     0.633711    0.098423
     0.616333    0.100439
     0.598940    0.102259
     0.581540    0.103881
     0.564142    0.105303
     0.546755    0.106522
     0.529385    0.107537
     0.512042    0.108344
     0.494731    0.108940
     0.477461    0.109322
     0.460239    0.109487
     0.443071    0.109431
     0.425965    0.109153
     0.408928    0.108648
     0.391969    0.107913
     0.375096    0.106946
     0.358320    0.105745
     0.341653    0.104307
     0.325107    0.102632
     0.308701    0.100719
     0.292455    0.098570
     0.276394    0.096188
     0.260550    0.093580
     0.244960    0.090754
     0.229670    0.087725
     0.214735    0.084509
     0.200216    0.081132
     0.186179    0.077623
     0.172695    0.074018
     0.159829    0.070355
     0.147639    0.066677
     0.136167    0.063023
     0.125439    0.059431
     0.115459    0.055930
     0.106213    0.052545
     0.097671    0.049292
     0.089793    0.046180
     0.082530    0.043211
     0.075833    0.040386
     0.069650    0.037700
     0.063933    0.035147
     0.058636    0.032719
     0.053718    0.030409
     0.049141    0.028209
     0.044871    0.026110
     0.040877    0.024105
     0.037134    0.022187
     0.033617    0.020349
     0.030306    0.018584
     0.027182    0.016888
     0.024228    0.015254
     0.021431    0.013677
     0.018778    0.012154
     0.016257    0.010679
     0.013858    0.009249
     0.011573    0.007859
     0.009395    0.006505
     0.007314    0.005185
     0.005328    0.003892
     0.003442    0.002610
     0.001633    0.001354
     0.000781    0.000719
     0.000000    0.000000
     0.000046   -0.002057
     0.000274   -0.004086
     0.000695   -0.006138
     0.001332   -0.008176
     0.002235   -0.010153
     0.003437   -0.012018
     0.004937   -0.013719
     0.006713   -0.015219
     0.008726   -0.016506
     0.010940   -0.017584
     0.013323   -0.018475
     0.015857   -0.019199
     0.018530   -0.019780
     0.021341   -0.020236
     0.024291   -0.020582
     0.027387   -0.020832
     0.030637   -0.020994
     0.034056   -0.021077
     0.037658   -0.021086
     0.041461   -0.021026
     0.045487   -0.020900
     0.049763   -0.020710
     0.054316   -0.020459
     0.059181   -0.020147
     0.064397   -0.019775
     0.070008   -0.019343
     0.076063   -0.018852
     0.082619   -0.018303
     0.089735   -0.017696
     0.097475   -0.017036
     0.105902   -0.016328
     0.115076   -0.015579
     0.125048   -0.014802
     0.135859   -0.014012
     0.147525   -0.013226
     0.160041   -0.012468
     0.173375   -0.011760
     0.187469   -0.011126
     0.202252   -0.010584
     0.217643   -0.010150
     0.233561   -0.009837
     0.249931   -0.009649
     0.266689   -0.009586
     0.283781   -0.009645
     0.301165   -0.009819
     0.318804   -0.010098
     0.336671   -0.010468
     0.354739   -0.010916
     0.372979   -0.011426
     0.391361   -0.011979
     0.409843   -0.012558
     0.428369   -0.013142
     0.446882   -0.013712
     0.465340   -0.014250
     0.483722   -0.014739
     0.502015   -0.015165
     0.520216   -0.015515
     0.538329   -0.015777
     0.556361   -0.015942
     0.574321   -0.016001
     0.592221   -0.015948
     0.610076   -0.015777
     0.627900   -0.015484
     0.645708   -0.015067
     0.663518   -0.014524
     0.681344   -0.013857
     0.699204   -0.013068
     0.717111   -0.012162
     0.735076   -0.011147
     0.753104   -0.010034
     0.771193   -0.008838
     0.789322   -0.007579
     0.807452   -0.006283
     0.825507   -0.004981
     0.843391   -0.003712
     0.861027   -0.002514
     0.878364   -0.001422
     0.895367   -0.000473
     0.912020    0.000302
     0.928318    0.000871
     0.944262    0.001206
     0.959868    0.001279
     0.975153    0.001067
     0.990143    0.000536
     1.000000    0.000000
