     1.000000    0.000000
     0.990046    0.007041
     0.974890    0.017238
     0.959457    0.026998
     0.943755    0.036310
     0.927795    0.045167
     0.911586    0.053563
     0.895141    0.061495
     0.878473    0.068964
     0.861595    0.075970
     0.844522    0.082520
     0.827268    0.088622
     0.809848    0.094284
     0.792276    0.099519
     0.774567    0.104342
     0.756732    0.108768
     0.738785    0.112813
     0.720738    0.116497
     0.702602    0.119838
     0.684385    0.122855
     0.666099    0.125566
     0.647750    0.127992
     0.629346    0.130151
     0.610895    0.132060
     0.592402    0.133738
     0.573873    0.135200
     0.555312    0.136462
     0.536725    0.137539
     0.518115    0.138443
     0.499488    0.139185
     0.480846    0.139777
     0.462194    0.140227
     0.443535    0.140541
     0.424876    0.140726
     0.406219    0.140786
     0.387572    0.140720
     0.368942    0.140531
     0.350337    0.140214
     0.331768    0.139765
     0.313250    0.139177
     0.294802    0.138440
     0.276448    0.137542
     0.258220    0.136466
     0.240161    0.135196
     0.222323    0.133711
     0.204774    0.131990
     0.187598    0.130012
     0.170891    0.127757
     0.154763    0.125212
     0.139331    0.122367
     0.124706    0.119223
     0.110987    0.115791
     0.098249    0.112091
     0.086535    0.108151
     0.075859    0.104005
     0.066207    0.099690
     0.057542    0.095244
     0.049812    0.090705
     0.042955    0.086110
     0.036904    0.081494
     0.031591    0.076892
     0.026946    0.072333
     0.022904    0.067846
     0.019398    0.063452
     0.016369    0.059171
     0.013760    0.055016
     0.011517    0.050997
     0.009595    0.047118
     0.007951    0.043384
     0.006549    0.039793
     0.005355    0.036343
     0.004342    0.033031
     0.003485    0.029852
     0.002763    0.026800
     0.002159    0.023870
     0.001656    0.021055
     0.001242    0.018349
     0.000903    0.015748
     0.000631    0.013245
     0.000416    0.010835
     0.000251    0.008514
     0.000131    0.006275
     0.000052    0.004113
     0.000009    0.002023
     0.000001    0.001012
     0.000000    0.000000
     0.001307   -0.001254
     0.003145   -0.001786
     0.005052   -0.002196
     0.007065   -0.002507
     0.009163   -0.002761
     0.011334   -0.002982
     0.013590   -0.003175
     0.015938   -0.003344
     0.018382   -0.003494
     0.020928   -0.003630
     0.023584   -0.003751
     0.026359   -0.003860
     0.029263   -0.003957
     0.032307   -0.004044
     0.035503   -0.004120
     0.038864   -0.004187
     0.042407   -0.004244
     0.046150   -0.004290
     0.050111   -0.004326
     0.054314   -0.004352
     0.058785   -0.004366
     0.063553   -0.004368
     0.068651   -0.004356
     0.074116   -0.004329
     0.079992   -0.004286
     0.086324   -0.004223
     0.093164   -0.004139
     0.100569   -0.004030
     0.108596   -0.003893
     0.117304   -0.003723
     0.126751   -0.003516
     0.136981   -0.003266
     0.148029   -0.002968
     0.159906   -0.002617
     0.172596   -0.002209
     0.186060   -0.001740
     0.200229   -0.001206
     0.215021   -0.000609
     0.230341    0.000053
     0.246095    0.000779
     0.262195    0.001566
     0.278567    0.002412
     0.295146    0.003314
     0.311881    0.004270
     0.328733    0.005276
     0.345671    0.006330
     0.362673    0.007428
     0.379723    0.008568
     0.396806    0.009744
     0.413916    0.010954
     0.431045    0.012194
     0.448188    0.013458
     0.465341    0.014741
     0.482502    0.016038
     0.499667    0.017343
     0.516833    0.018649
     0.533998    0.019947
     0.551158    0.021230
     0.568312    0.022490
     0.585458    0.023715
     0.602596    0.024897
     0.619725    0.026023
     0.636843    0.027082
     0.653949    0.028061
     0.671043    0.028946
     0.688123    0.029722
     0.705189    0.030374
     0.722238    0.030885
     0.739268    0.031238
     0.756278    0.031413
     0.773264    0.031393
     0.790223    0.031155
     0.807151    0.030680
     0.824043    0.029945
     0.840894    0.028929
     0.857697    0.027607
     0.874445    0.025957
     0.891129    0.023956
     0.907740    0.021581
     0.924269    0.018808
     0.940704    0.015617
     0.957035    0.011985
     0.973252    0.007894
     0.989341    0.003323
     1.000000    0.000000
