     1.000000    0.000000
     0.990822    0.007303
     0.976713    0.018104
     0.962191    0.028708
     0.947261    0.039097
     0.931922    0.049263
     0.916164    0.059200
     0.899975    0.068909
     0.883340    0.078389
     0.866244    0.087642
     0.848671    0.096669
     0.830608    0.105470
     0.812042    0.114044
     0.792970    0.122387
     0.773393    0.130493
     0.753321    0.138351
     0.732776    0.145950
     0.711790    0.153273
     0.690412    0.160302
     0.668699    0.167014
     0.646724    0.173387
     0.624568    0.179397
     0.602322    0.185019
     0.580079    0.190233
     0.557931    0.195018
     0.535969    0.199359
     0.514276    0.203244
     0.492925    0.206666
     0.471981    0.209624
     0.451495    0.212117
     0.431510    0.214153
     0.412058    0.215739
     0.393160    0.216887
     0.374831    0.217611
     0.357079    0.217925
     0.339906    0.217846
     0.323310    0.217390
     0.307286    0.216576
     0.291824    0.215420
     0.276914    0.213939
     0.262545    0.212151
     0.248704    0.210073
     0.235376    0.207720
     0.222549    0.205109
     0.210209    0.202254
     0.198341    0.199170
     0.186933    0.195871
     0.175971    0.192371
     0.165442    0.188681
     0.155334    0.184815
     0.145635    0.180784
     0.136333    0.176600
     0.127417    0.172272
     0.118876    0.167811
     0.110701    0.163226
     0.102882    0.158528
     0.095408    0.153724
     0.088272    0.148823
     0.081464    0.143832
     0.074976    0.138759
     0.068801    0.133612
     0.062931    0.128396
     0.057359    0.123119
     0.052077    0.117785
     0.047080    0.112401
     0.042362    0.106972
     0.037916    0.101502
     0.033737    0.095997
     0.029821    0.090460
     0.026161    0.084895
     0.022754    0.079306
     0.019596    0.073697
     0.016682    0.068070
     0.014010    0.062428
     0.011577    0.056775
     0.009379    0.051112
     0.007415    0.045441
     0.005682    0.039765
     0.004181    0.034086
     0.002909    0.028404
     0.001866    0.022721
     0.001052    0.017038
     0.000469    0.011359
     0.000119    0.005682
     0.000031    0.002843
     0.000000    0.000000
     0.000081   -0.005623
     0.000355   -0.011235
     0.000803   -0.016630
     0.001422   -0.021880
     0.002216   -0.026986
     0.003185   -0.031950
     0.004328   -0.036773
     0.005645   -0.041460
     0.007138   -0.046010
     0.008805   -0.050423
     0.010649   -0.054702
     0.012669   -0.058844
     0.014868   -0.062849
     0.017243   -0.066717
     0.019798   -0.070446
     0.022531   -0.074034
     0.025442   -0.077480
     0.028532   -0.080782
     0.031801   -0.083940
     0.035248   -0.086952
     0.038874   -0.089818
     0.042679   -0.092537
     0.046667   -0.095109
     0.050838   -0.097534
     0.055197   -0.099812
     0.059748   -0.101943
     0.064497   -0.103928
     0.069452   -0.105766
     0.074622   -0.107456
     0.080019   -0.108997
     0.085656   -0.110387
     0.091550   -0.111623
     0.097718   -0.112702
     0.104184   -0.113618
     0.110971   -0.114364
     0.118109   -0.114933
     0.125631   -0.115314
     0.133576   -0.115495
     0.141988   -0.115460
     0.150918   -0.115191
     0.160426   -0.114665
     0.170578   -0.113857
     0.181454   -0.112734
     0.193143   -0.111259
     0.205748   -0.109388
     0.219390   -0.107069
     0.234204   -0.104243
     0.250345   -0.100841
     0.267989   -0.096785
     0.287334   -0.091988
     0.308602   -0.086359
     0.332028   -0.079804
     0.357845   -0.072241
     0.386215   -0.063633
     0.417029   -0.054063
     0.449460   -0.043892
     0.481745   -0.033818
     0.512582   -0.024379
     0.541580   -0.015780
     0.568773   -0.008055
     0.594333   -0.001170
     0.618448    0.004925
     0.641296    0.010286
     0.663030    0.014964
     0.683779    0.019004
     0.703656    0.022447
     0.722757    0.025329
     0.741167    0.027680
     0.758958    0.029529
     0.776195    0.030898
     0.792939    0.031808
     0.809242    0.032274
     0.825154    0.032311
     0.840723    0.031928
     0.855994    0.031134
     0.871011    0.029931
     0.885821    0.028319
     0.900471    0.026294
     0.915017    0.023844
     0.929520    0.020950
     0.944060    0.017583
     0.958740    0.013694
     0.973706    0.009208
     0.989191    0.003994
     1.000000    0.000000
