     1.000000    0.000000
     0.989982    0.004738
     0.973911    0.012263
     0.956740    0.020194
     0.938694    0.028392
     0.920011    0.036718
     0.900906    0.045045
     0.881551    0.053276
     0.862073    0.061335
     0.842557    0.069170
     0.823059    0.076745
     0.803613    0.084037
     0.784239    0.091028
     0.764946    0.097709
     0.745740    0.104073
     0.726619    0.110113
     0.707583    0.115827
     0.688628    0.121212
     0.669751    0.126266
     0.650948    0.130988
     0.632216    0.135378
     0.613552    0.139433
     0.594953    0.143153
     0.576418    0.146538
     0.557945    0.149587
     0.539535    0.152299
     0.521189    0.154674
     0.502908    0.156711
     0.484695    0.158410
     0.466555    0.159771
     0.448495    0.160793
     0.430521    0.161477
     0.412644    0.161824
     0.394874    0.161834
     0.377227    0.161509
     0.359718    0.160850
     0.342368    0.159861
     0.325201    0.158546
     0.308242    0.156911
     0.291524    0.154963
     0.275081    0.152713
     0.258953    0.150171
     0.243182    0.147354
     0.227815    0.144279
     0.212899    0.140969
     0.198483    0.137449
     0.184610    0.133746
     0.171325    0.129890
     0.158659    0.125913
     0.146640    0.121847
     0.135282    0.117721
     0.124592    0.113563
     0.114562    0.109399
     0.105179    0.105248
     0.096421    0.101128
     0.088260    0.097053
     0.080664    0.093031
     0.073600    0.089069
     0.067034    0.085171
     0.060931    0.081337
     0.055261    0.077569
     0.049992    0.073864
     0.045095    0.070220
     0.040546    0.066634
     0.036321    0.063102
     0.032398    0.059621
     0.028758    0.056187
     0.025386    0.052796
     0.022266    0.049444
     0.019386    0.046129
     0.016734    0.042847
     0.014301    0.039595
     0.012079    0.036373
     0.010061    0.033177
     0.008241    0.030007
     0.006615    0.026863
     0.005177    0.023745
     0.003924    0.020654
     0.002852    0.017591
     0.001958    0.014560
     0.001237    0.011562
     0.000687    0.008604
     0.000302    0.005691
     0.000077    0.002824
     0.000020    0.001414
     0.000000    0.000000
     0.000064   -0.002634
     0.000258   -0.005254
     0.000592   -0.007912
     0.001069   -0.010590
     0.001694   -0.013280
     0.002473   -0.015974
     0.003408   -0.018665
     0.004504   -0.021347
     0.005763   -0.024015
     0.007187   -0.026662
     0.008778   -0.029283
     0.010536   -0.031874
     0.012464   -0.034428
     0.014562   -0.036943
     0.016832   -0.039415
     0.019276   -0.041841
     0.021896   -0.044218
     0.024695   -0.046544
     0.027676   -0.048817
     0.030844   -0.051035
     0.034204   -0.053196
     0.037762   -0.055298
     0.041525   -0.057339
     0.045503   -0.059319
     0.049706   -0.061233
     0.054144   -0.063081
     0.058832   -0.064859
     0.063783   -0.066563
     0.069016   -0.068190
     0.074548   -0.069736
     0.080401   -0.071194
     0.086597   -0.072560
     0.093164   -0.073824
     0.100128   -0.074980
     0.107522   -0.076016
     0.115379   -0.076924
     0.123735   -0.077689
     0.132630   -0.078297
     0.142104   -0.078735
     0.152201   -0.078983
     0.162964   -0.079025
     0.174436   -0.078842
     0.186661   -0.078413
     0.199677   -0.077721
     0.213522   -0.076749
     0.228228   -0.075480
     0.243818   -0.073903
     0.260311   -0.072011
     0.277716   -0.069803
     0.296031   -0.067285
     0.315239   -0.064472
     0.335303   -0.061388
     0.356153   -0.058073
     0.377666   -0.054579
     0.399640   -0.050977
     0.421783   -0.047359
     0.443853   -0.043803
     0.465718   -0.040363
     0.487325   -0.037078
     0.508663   -0.033971
     0.529751   -0.031057
     0.550623   -0.028344
     0.571321   -0.025837
     0.591891   -0.023539
     0.612383   -0.021449
     0.632847   -0.019566
     0.653338   -0.017885
     0.673907   -0.016401
     0.694610   -0.015107
     0.715499   -0.013992
     0.736617   -0.013044
     0.757995   -0.012245
     0.779629   -0.011572
     0.801453   -0.010993
     0.823303   -0.010469
     0.844870   -0.009957
     0.865838   -0.009407
     0.886020   -0.008773
     0.905344   -0.008015
     0.923805   -0.007096
     0.941437   -0.005989
     0.958298   -0.004672
     0.974452   -0.003128
     0.989966   -0.001335
     1.000000    0.000000
