     1.000000    0.000000
     0.992439    0.008242
     0.980829    0.020523
     0.968949    0.032637
     0.956852    0.044503
     0.944572    0.056066
     0.932137    0.067285
     0.919571    0.078126
     0.906888    0.088568
     0.894102    0.098593
     0.881220    0.108188
     0.868247    0.117346
     0.855188    0.126061
     0.842044    0.134327
     0.828816    0.142144
     0.815503    0.149509
     0.802104    0.156424
     0.788617    0.162886
     0.775037    0.168899
     0.761363    0.174462
     0.747589    0.179577
     0.733712    0.184245
     0.719725    0.188467
     0.705624    0.192246
     0.691403    0.195581
     0.677056    0.198474
     0.662577    0.200927
     0.647960    0.202939
     0.633198    0.204513
     0.618285    0.205648
     0.603213    0.206345
     0.587978    0.206604
     0.572573    0.206427
     0.556991    0.205813
     0.541227    0.204765
     0.525276    0.203282
     0.509133    0.201366
     0.492794    0.199020
     0.476256    0.196246
     0.459516    0.193048
     0.442574    0.189429
     0.425430    0.185395
     0.408085    0.180954
     0.390542    0.176112
     0.372809    0.170880
     0.354895    0.165270
     0.336814    0.159298
     0.318586    0.152982
     0.300241    0.146345
     0.281821    0.139418
     0.263383    0.132239
     0.245010    0.124859
     0.226810    0.117342
     0.208924    0.109768
     0.191523    0.102235
     0.174799    0.094852
     0.158942    0.087728
     0.144115    0.080961
     0.130423    0.074624
     0.117912    0.068757
     0.106559    0.063368
     0.096300    0.058441
     0.087040    0.053943
     0.078675    0.049832
     0.071100    0.046066
     0.064218    0.042603
     0.057942    0.039403
     0.052196    0.036434
     0.046914    0.033664
     0.042041    0.031068
     0.037529    0.028622
     0.033338    0.026305
     0.029433    0.024101
     0.025786    0.021991
     0.022374    0.019962
     0.019175    0.017999
     0.016174    0.016089
     0.013359    0.014216
     0.010723    0.012365
     0.008261    0.010517
     0.005978    0.008648
     0.003903    0.006727
     0.002077    0.004698
     0.000638    0.002481
     0.000207    0.001283
     0.000000    0.000000
     0.000067   -0.002299
     0.000276   -0.004578
     0.000639   -0.006897
     0.001161   -0.009232
     0.001848   -0.011572
     0.002708   -0.013906
     0.003743   -0.016223
     0.004955   -0.018517
     0.006343   -0.020780
     0.007907   -0.023006
     0.009645   -0.025190
     0.011556   -0.027329
     0.013638   -0.029419
     0.015892   -0.031461
     0.018317   -0.033454
     0.020915   -0.035397
     0.023689   -0.037291
     0.026642   -0.039138
     0.029781   -0.040939
     0.033112   -0.042694
     0.036644   -0.044405
     0.040388   -0.046073
     0.044357   -0.047698
     0.048565   -0.049281
     0.053028   -0.050822
     0.057767   -0.052321
     0.062803   -0.053776
     0.068161   -0.055186
     0.073869   -0.056549
     0.079958   -0.057862
     0.086463   -0.059121
     0.093422   -0.060321
     0.100875   -0.061456
     0.108867   -0.062519
     0.117445   -0.063500
     0.126656   -0.064389
     0.136546   -0.065175
     0.147161   -0.065845
     0.158537   -0.066386
     0.170706   -0.066784
     0.183685   -0.067026
     0.197480   -0.067102
     0.212081   -0.067003
     0.227463   -0.066724
     0.243590   -0.066265
     0.260413   -0.065628
     0.277879   -0.064822
     0.295930   -0.063857
     0.314510   -0.062747
     0.333562   -0.061508
     0.353033   -0.060158
     0.372869   -0.058715
     0.393021   -0.057198
     0.413434   -0.055626
     0.434052   -0.054018
     0.454810   -0.052392
     0.475636   -0.050766
     0.496483   -0.049154
     0.517328   -0.047566
     0.538163   -0.046008
     0.558988   -0.044485
     0.579811   -0.042997
     0.600638   -0.041545
     0.621475   -0.040126
     0.642320   -0.038734
     0.663157   -0.037364
     0.683951   -0.036009
     0.704636   -0.034659
     0.725142   -0.033304
     0.745409   -0.031933
     0.765392   -0.030530
     0.785052   -0.029078
     0.804362   -0.027562
     0.823298   -0.025964
     0.841844   -0.024266
     0.859989   -0.022453
     0.877725   -0.020510
     0.895048   -0.018421
     0.911956   -0.016174
     0.928450   -0.013757
     0.944530   -0.011162
     0.960201   -0.008378
     0.975463   -0.005402
     0.990316   -0.002227
     1.000000    0.000000
