     1.000000    0.000000
     0.989700    0.005830
     0.973886    0.014525
     0.957688    0.023118
     0.941167    0.031571
     0.924370    0.039855
     0.907336    0.047947
     0.890096    0.055833
     0.872675    0.063501
     0.855092    0.070945
     0.837364    0.078158
     0.819505    0.085136
     0.801527    0.091875
     0.783441    0.098372
     0.765258    0.104624
     0.746987    0.110628
     0.728637    0.116381
     0.710216    0.121880
     0.691732    0.127121
     0.673195    0.132099
     0.654611    0.136811
     0.635989    0.141252
     0.617337    0.145416
     0.598663    0.149300
     0.579974    0.152896
     0.561278    0.156199
     0.542585    0.159203
     0.523902    0.161902
     0.505239    0.164288
     0.486604    0.166355
     0.468007    0.168096
     0.449458    0.169505
     0.430969    0.170573
     0.412551    0.171293
     0.394218    0.171659
     0.375985    0.171664
     0.357866    0.171302
     0.339882    0.170566
     0.322052    0.169450
     0.304401    0.167952
     0.286957    0.166068
     0.269752    0.163798
     0.252822    0.161144
     0.236211    0.158111
     0.219966    0.154710
     0.204143    0.150956
     0.188799    0.146871
     0.173998    0.142484
     0.159803    0.137831
     0.146273    0.132955
     0.133463    0.127905
     0.121414    0.122731
     0.110154    0.117485
     0.099693    0.112216
     0.090026    0.106968
     0.081133    0.101778
     0.072979    0.096677
     0.065525    0.091686
     0.058724    0.086821
     0.052526    0.082090
     0.046883    0.077499
     0.041747    0.073049
     0.037076    0.068738
     0.032827    0.064563
     0.028965    0.060518
     0.025455    0.056599
     0.022268    0.052800
     0.019376    0.049114
     0.016757    0.045538
     0.014390    0.042064
     0.012255    0.038688
     0.010336    0.035406
     0.008619    0.032214
     0.007090    0.029108
     0.005739    0.026084
     0.004554    0.023141
     0.003525    0.020276
     0.002645    0.017487
     0.001903    0.014772
     0.001294    0.012130
     0.000811    0.009561
     0.000448    0.007066
     0.000199    0.004643
     0.000052    0.002289
     0.000015    0.001146
     0.000000    0.000000
     0.000179   -0.002095
     0.000613   -0.004134
     0.001318   -0.006194
     0.002254   -0.008237
     0.003381   -0.010255
     0.004685   -0.012249
     0.006156   -0.014224
     0.007787   -0.016181
     0.009573   -0.018125
     0.011511   -0.020056
     0.013604   -0.021979
     0.015853   -0.023896
     0.018265   -0.025810
     0.020844   -0.027721
     0.023599   -0.029631
     0.026539   -0.031542
     0.029677   -0.033455
     0.033025   -0.035370
     0.036598   -0.037287
     0.040413   -0.039206
     0.044490   -0.041125
     0.048849   -0.043043
     0.053516   -0.044956
     0.058516   -0.046862
     0.063880   -0.048755
     0.069639   -0.050629
     0.075828   -0.052474
     0.082483   -0.054280
     0.089644   -0.056035
     0.097348   -0.057722
     0.105636   -0.059323
     0.114544   -0.060816
     0.124103   -0.062178
     0.134338   -0.063382
     0.145265   -0.064400
     0.156890   -0.065205
     0.169204   -0.065771
     0.182188   -0.066075
     0.195812   -0.066098
     0.210036   -0.065829
     0.224815   -0.065260
     0.240102   -0.064391
     0.255848   -0.063228
     0.272010   -0.061782
     0.288545   -0.060067
     0.305417   -0.058103
     0.322593   -0.055911
     0.340045   -0.053515
     0.357745   -0.050939
     0.375669   -0.048213
     0.393789   -0.045364
     0.412073   -0.042424
     0.430482   -0.039424
     0.448965   -0.036400
     0.467459   -0.033388
     0.485921   -0.030419
     0.504324   -0.027521
     0.522655   -0.024715
     0.540909   -0.022021
     0.559087   -0.019456
     0.577194   -0.017033
     0.595239   -0.014765
     0.613231   -0.012660
     0.631181   -0.010727
     0.649102   -0.008971
     0.667006   -0.007398
     0.684906   -0.006009
     0.702817   -0.004805
     0.720751   -0.003785
     0.738724   -0.002945
     0.756748   -0.002280
     0.774835   -0.001781
     0.792993   -0.001437
     0.811227   -0.001233
     0.829534   -0.001149
     0.847898   -0.001162
     0.866283   -0.001244
     0.884630   -0.001358
     0.902843   -0.001468
     0.920829   -0.001530
     0.938512   -0.001502
     0.955838   -0.001344
     0.972764   -0.001016
     0.989254   -0.000481
     1.000000    0.000000
