     1.000000    0.000000
     0.993103    0.006941
     0.982404    0.017461
     0.971361    0.028010
     0.960071    0.038470
     0.948610    0.048750
     0.937037    0.058783
     0.925404    0.068517
     0.913745    0.077918
     0.902087    0.086965
     0.890448    0.095645
     0.878839    0.103952
     0.867267    0.111887
     0.855735    0.119451
     0.844242    0.126650
     0.832788    0.133490
     0.821369    0.139978
     0.809981    0.146122
     0.798618    0.151931
     0.787274    0.157410
     0.775944    0.162568
     0.764619    0.167412
     0.753292    0.171949
     0.741957    0.176183
     0.730604    0.180122
     0.719226    0.183769
     0.707815    0.187130
     0.696362    0.190207
     0.684857    0.193004
     0.673292    0.195524
     0.661657    0.197768
     0.649943    0.199737
     0.638139    0.201432
     0.626236    0.202852
     0.614221    0.203998
     0.602086    0.204867
     0.589817    0.205457
     0.577403    0.205766
     0.564832    0.205790
     0.552090    0.205524
     0.539164    0.204963
     0.526041    0.204103
     0.512706    0.202936
     0.499144    0.201454
     0.485339    0.199651
     0.471277    0.197517
     0.456940    0.195043
     0.442313    0.192219
     0.427378    0.189035
     0.412119    0.185479
     0.396521    0.181542
     0.380567    0.177211
     0.364245    0.172477
     0.347544    0.167330
     0.330458    0.161763
     0.312985    0.155772
     0.295137    0.149357
     0.276937    0.142527
     0.258431    0.135300
     0.239698    0.127713
     0.220853    0.119822
     0.202067    0.111713
     0.183564    0.103503
     0.165611    0.095334
     0.148490    0.087366
     0.132451    0.079745
     0.117668    0.072585
     0.104216    0.065951
     0.092078    0.059862
     0.081172    0.054295
     0.071379    0.049209
     0.062571    0.044551
     0.054623    0.040266
     0.047420    0.036300
     0.040863    0.032604
     0.034869    0.029134
     0.029365    0.025850
     0.024294    0.022712
     0.019608    0.019684
     0.015273    0.016724
     0.011265    0.013786
     0.007580    0.010806
     0.004260    0.007683
     0.001457    0.004214
     0.000444    0.002210
     0.000000    0.000000
     0.000042   -0.004291
     0.000206   -0.008574
     0.000478   -0.012685
     0.000854   -0.016687
     0.001333   -0.020582
     0.001920   -0.024370
     0.002616   -0.028056
     0.003423   -0.031643
     0.004343   -0.035131
     0.005377   -0.038524
     0.006526   -0.041822
     0.007794   -0.045025
     0.009181   -0.048133
     0.010691   -0.051146
     0.012323   -0.054063
     0.014081   -0.056882
     0.015964   -0.059602
     0.017972   -0.062222
     0.020108   -0.064739
     0.022370   -0.067154
     0.024757   -0.069465
     0.027271   -0.071671
     0.029909   -0.073773
     0.032672   -0.075772
     0.035560   -0.077667
     0.038575   -0.079461
     0.041716   -0.081154
     0.044987   -0.082750
     0.048390   -0.084249
     0.051930   -0.085653
     0.055612   -0.086965
     0.059443   -0.088186
     0.063432   -0.089318
     0.067587   -0.090361
     0.071920   -0.091317
     0.076446   -0.092186
     0.081179   -0.092968
     0.086138   -0.093661
     0.091345   -0.094266
     0.096823   -0.094778
     0.102601   -0.095196
     0.108714   -0.095515
     0.115199   -0.095730
     0.122102   -0.095834
     0.129476   -0.095819
     0.137385   -0.095674
     0.145903   -0.095386
     0.155118   -0.094942
     0.165135   -0.094322
     0.176075   -0.093505
     0.188085   -0.092464
     0.201330   -0.091172
     0.216000   -0.089595
     0.232298   -0.087699
     0.250428   -0.085455
     0.270560   -0.082841
     0.292779   -0.079857
     0.316996   -0.076537
     0.342845   -0.072968
     0.369682   -0.069278
     0.396940   -0.065585
     0.424300   -0.061960
     0.451634   -0.058441
     0.478922   -0.055042
     0.506206   -0.051766
     0.533552   -0.048605
     0.561037   -0.045550
     0.588741   -0.042587
     0.616737   -0.039701
     0.645086   -0.036876
     0.673817   -0.034094
     0.702904   -0.031338
     0.732211   -0.028599
     0.761431   -0.025876
     0.790141   -0.023182
     0.818033   -0.020517
     0.844895   -0.017879
     0.870547   -0.015273
     0.894817   -0.012707
     0.917528   -0.010200
     0.938528   -0.007778
     0.957709   -0.005468
     0.975043   -0.003292
     0.990579   -0.001266
     1.000000    0.000000
