     1.000000    0.000000
     0.992677    0.004809
     0.981131    0.012284
     0.968987    0.020004
     0.956365    0.027868
     0.943376    0.035777
     0.930129    0.043648
     0.916720    0.051405
     0.903222    0.058993
     0.889693    0.066368
     0.876175    0.073502
     0.862695    0.080374
     0.849271    0.086972
     0.835916    0.093290
     0.822634    0.099323
     0.809428    0.105072
     0.796296    0.110537
     0.783235    0.115721
     0.770242    0.120627
     0.757312    0.125258
     0.744438    0.129618
     0.731615    0.133711
     0.718836    0.137539
     0.706095    0.141108
     0.693385    0.144419
     0.680700    0.147477
     0.668033    0.150283
     0.655376    0.152841
     0.642725    0.155152
     0.630072    0.157219
     0.617410    0.159043
     0.604734    0.160626
     0.592036    0.161968
     0.579311    0.163070
     0.566552    0.163933
     0.553753    0.164557
     0.540908    0.164942
     0.528010    0.165088
     0.515055    0.164993
     0.502035    0.164656
     0.488946    0.164078
     0.475781    0.163256
     0.462535    0.162188
     0.449204    0.160874
     0.435781    0.159311
     0.422262    0.157497
     0.408642    0.155429
     0.394918    0.153107
     0.381086    0.150527
     0.367143    0.147688
     0.353087    0.144588
     0.338916    0.141225
     0.324631    0.137598
     0.310234    0.133708
     0.295730    0.129553
     0.281125    0.125138
     0.266430    0.120465
     0.251663    0.115541
     0.236846    0.110376
     0.222014    0.104986
     0.207209    0.099392
     0.192489    0.093623
     0.177928    0.087718
     0.163617    0.081725
     0.149658    0.075705
     0.136165    0.069723
     0.123249    0.063851
     0.111009    0.058156
     0.099521    0.052697
     0.088828    0.047518
     0.078940    0.042644
     0.069840    0.038087
     0.061487    0.033844
     0.053827    0.029900
     0.046801    0.026237
     0.040346    0.022833
     0.034404    0.019664
     0.028920    0.016706
     0.023845    0.013939
     0.019134    0.011340
     0.014748    0.008892
     0.010657    0.006572
     0.006828    0.004365
     0.003258    0.002225
     0.001568    0.001194
     0.000000    0.000000
     0.000041   -0.004422
     0.000239   -0.008834
     0.000566   -0.012966
     0.001016   -0.016929
     0.001603   -0.020729
     0.002338   -0.024375
     0.003234   -0.027871
     0.004301   -0.031218
     0.005553   -0.034415
     0.007001   -0.037455
     0.008661   -0.040326
     0.010540   -0.043017
     0.012642   -0.045510
     0.014969   -0.047791
     0.017510   -0.049852
     0.020256   -0.051685
     0.023195   -0.053294
     0.026312   -0.054687
     0.029603   -0.055875
     0.033062   -0.056873
     0.036691   -0.057695
     0.040496   -0.058356
     0.044491   -0.058866
     0.048692   -0.059237
     0.053121   -0.059478
     0.057807   -0.059594
     0.062784   -0.059591
     0.068094   -0.059473
     0.073791   -0.059240
     0.079935   -0.058892
     0.086603   -0.058431
     0.093885   -0.057853
     0.101888   -0.057159
     0.110728   -0.056351
     0.120522   -0.055437
     0.131352   -0.054436
     0.143259   -0.053381
     0.156249   -0.052315
     0.170279   -0.051293
     0.185270   -0.050374
     0.201121   -0.049615
     0.217738   -0.049066
     0.235040   -0.048767
     0.252982   -0.048749
     0.271546   -0.049035
     0.290751   -0.049641
     0.310640   -0.050579
     0.331284   -0.051856
     0.352769   -0.053477
     0.375189   -0.055439
     0.398621   -0.057727
     0.423067   -0.060304
     0.448347   -0.063093
     0.473933   -0.065956
     0.499004   -0.068713
     0.523086   -0.071232
     0.546039   -0.073444
     0.567891   -0.075315
     0.588736   -0.076832
     0.608689   -0.077994
     0.627859   -0.078803
     0.646350   -0.079264
     0.664252   -0.079381
     0.681643   -0.079160
     0.698595   -0.078604
     0.715169   -0.077716
     0.731421   -0.076498
     0.747400   -0.074950
     0.763153   -0.073071
     0.778719   -0.070860
     0.794137   -0.068314
     0.809442   -0.065429
     0.824668   -0.062202
     0.839843   -0.058626
     0.854995   -0.054698
     0.870147   -0.050412
     0.885315   -0.045765
     0.900510   -0.040758
     0.915730   -0.035396
     0.930956   -0.029695
     0.946147   -0.023683
     0.961231   -0.017407
     0.976102   -0.010936
     0.990613   -0.004372
     1.000000    0.000000
