     1.000000    0.000000
     0.990585    0.001355
     0.976293    0.003680
     0.961712    0.006375
     0.946771    0.009448
     0.931404    0.012915
     0.915538    0.016792
     0.899102    0.021097
     0.882020    0.025851
     0.864212    0.031074
     0.845600    0.036781
     0.826111    0.042982
     0.805700    0.049673
     0.784381    0.056816
     0.762294    0.064317
     0.739796    0.071995
     0.717454    0.079590
     0.695672    0.086904
     0.674621    0.093831
     0.654342    0.100326
     0.634810    0.106373
     0.615972    0.111977
     0.597768    0.117147
     0.580139    0.121897
     0.563031    0.126242
     0.546396    0.130194
     0.530189    0.133768
     0.514373    0.136976
     0.498914    0.139829
     0.483781    0.142336
     0.468949    0.144508
     0.454394    0.146353
     0.440094    0.147879
     0.426031    0.149092
     0.412188    0.149998
     0.398549    0.150604
     0.385101    0.150914
     0.371832    0.150932
     0.358730    0.150664
     0.345786    0.150112
     0.332991    0.149280
     0.320340    0.148171
     0.307824    0.146789
     0.295441    0.145134
     0.283186    0.143212
     0.271059    0.141024
     0.259059    0.138575
     0.247188    0.135868
     0.235449    0.132909
     0.223850    0.129703
     0.212399    0.126258
     0.201107    0.122583
     0.189990    0.118690
     0.179065    0.114594
     0.168355    0.110311
     0.157882    0.105864
     0.147674    0.101275
     0.137761    0.096575
     0.128171    0.091792
     0.118932    0.086960
     0.110072    0.082115
     0.101612    0.077289
     0.093568    0.072515
     0.085950    0.067822
     0.078760    0.063234
     0.071994    0.058773
     0.065643    0.054453
     0.059691    0.050285
     0.054119    0.046273
     0.048906    0.042420
     0.044029    0.038725
     0.039465    0.035184
     0.035191    0.031793
     0.031186    0.028544
     0.027428    0.025431
     0.023898    0.022445
     0.020579    0.019580
     0.017452    0.016828
     0.014504    0.014181
     0.011722    0.011630
     0.009094    0.009169
     0.006607    0.006790
     0.004261    0.004483
     0.002043    0.002236
     0.000993    0.001144
     0.000000    0.000000
     0.000071   -0.003366
     0.000279   -0.006720
     0.000632   -0.010124
     0.001134   -0.013558
     0.001789   -0.017015
     0.002598   -0.020492
     0.003566   -0.023983
     0.004694   -0.027484
     0.005987   -0.030993
     0.007447   -0.034505
     0.009076   -0.038017
     0.010878   -0.041524
     0.012856   -0.045025
     0.015012   -0.048514
     0.017350   -0.051990
     0.019874   -0.055448
     0.022587   -0.058886
     0.025493   -0.062301
     0.028597   -0.065689
     0.031904   -0.069047
     0.035419   -0.072372
     0.039149   -0.075660
     0.043099   -0.078908
     0.047277   -0.082113
     0.051690   -0.085269
     0.056346   -0.088372
     0.061255   -0.091419
     0.066426   -0.094404
     0.071870   -0.097320
     0.077597   -0.100164
     0.083620   -0.102926
     0.089951   -0.105601
     0.096603   -0.108180
     0.103592   -0.110655
     0.110931   -0.113016
     0.118637   -0.115253
     0.126726   -0.117355
     0.135215   -0.119310
     0.144123   -0.121104
     0.153467   -0.122723
     0.163267   -0.124154
     0.173544   -0.125379
     0.184315   -0.126382
     0.195603   -0.127146
     0.207429   -0.127652
     0.219813   -0.127881
     0.232779   -0.127814
     0.246347   -0.127431
     0.260543   -0.126712
     0.275391   -0.125637
     0.290917   -0.124188
     0.307150   -0.122343
     0.324120   -0.120085
     0.341861   -0.117395
     0.360413   -0.114256
     0.379818   -0.110653
     0.400126   -0.106572
     0.421390   -0.102002
     0.443667   -0.096935
     0.467008   -0.091374
     0.491445   -0.085334
     0.516948   -0.078859
     0.543359   -0.072038
     0.570267   -0.065045
     0.597015   -0.058122
     0.623128   -0.051462
     0.648418   -0.045166
     0.672850   -0.039282
     0.696463   -0.033828
     0.719325   -0.028807
     0.741509   -0.024216
     0.763087   -0.020046
     0.784124   -0.016290
     0.804676   -0.012938
     0.824795   -0.009982
     0.844521   -0.007413
     0.863885   -0.005225
     0.882910   -0.003408
     0.901603   -0.001956
     0.919960   -0.000859
     0.937959   -0.000105
     0.955558    0.000319
     0.972695    0.000432
     0.989286    0.000259
     1.000000    0.000000
