     1.000000    0.000000
     0.990159    0.006541
     0.975233    0.016290
     0.960129    0.025935
     0.944870    0.035439
     0.929471    0.044772
     0.913942    0.053910
     0.898288    0.062830
     0.882514    0.071510
     0.866620    0.079932
     0.850609    0.088079
     0.834481    0.095931
     0.818235    0.103474
     0.801873    0.110690
     0.785395    0.117564
     0.768802    0.124080
     0.752098    0.130223
     0.735284    0.135981
     0.718365    0.141338
     0.701344    0.146282
     0.684227    0.150803
     0.667019    0.154889
     0.649728    0.158531
     0.632360    0.161721
     0.614924    0.164454
     0.597429    0.166725
     0.579883    0.168529
     0.562296    0.169867
     0.544676    0.170737
     0.527035    0.171143
     0.509381    0.171086
     0.491725    0.170573
     0.474075    0.169609
     0.456441    0.168203
     0.438833    0.166363
     0.421260    0.164099
     0.403732    0.161423
     0.386257    0.158347
     0.368847    0.154884
     0.351514    0.151049
     0.334271    0.146859
     0.317134    0.142330
     0.300124    0.137483
     0.283266    0.132341
     0.266594    0.126930
     0.250150    0.121285
     0.233989    0.115442
     0.218177    0.109450
     0.202795    0.103365
     0.187935    0.097249
     0.173693    0.091174
     0.160163    0.085212
     0.147425    0.079431
     0.135536    0.073891
     0.124522    0.068635
     0.114379    0.063690
     0.105077    0.059067
     0.096564    0.054764
     0.088780    0.050767
     0.081657    0.047058
     0.075129    0.043615
     0.069131    0.040415
     0.063606    0.037436
     0.058502    0.034656
     0.053772    0.032055
     0.049374    0.029616
     0.045273    0.027323
     0.041438    0.025161
     0.037842    0.023119
     0.034459    0.021184
     0.031270    0.019346
     0.028257    0.017598
     0.025404    0.015931
     0.022696    0.014337
     0.020122    0.012811
     0.017670    0.011347
     0.015331    0.009940
     0.013096    0.008585
     0.010960    0.007275
     0.008914    0.006009
     0.006950    0.004784
     0.005070    0.003588
     0.003278    0.002409
     0.001545    0.001266
     0.000732    0.000681
     0.000000    0.000000
     0.000884   -0.001719
     0.002293   -0.003087
     0.003870   -0.004394
     0.005562   -0.005660
     0.007376   -0.006900
     0.009294   -0.008132
     0.011310   -0.009367
     0.013431   -0.010610
     0.015664   -0.011865
     0.018012   -0.013136
     0.020483   -0.014427
     0.023085   -0.015743
     0.025829   -0.017086
     0.028727   -0.018459
     0.031790   -0.019866
     0.035035   -0.021309
     0.038478   -0.022793
     0.042139   -0.024320
     0.046040   -0.025894
     0.050206   -0.027518
     0.054665   -0.029196
     0.059452   -0.030930
     0.064601   -0.032723
     0.070155   -0.034578
     0.076159   -0.036495
     0.082666   -0.038473
     0.089729   -0.040510
     0.097406   -0.042599
     0.105757   -0.044730
     0.114838   -0.046887
     0.124697   -0.049048
     0.135370   -0.051184
     0.146872   -0.053258
     0.159196   -0.055228
     0.172308   -0.057049
     0.186149   -0.058674
     0.200643   -0.060062
     0.215702   -0.061176
     0.231234   -0.061987
     0.247151   -0.062476
     0.263377   -0.062630
     0.279842   -0.062446
     0.296493   -0.061923
     0.313284   -0.061068
     0.330181   -0.059890
     0.347156   -0.058400
     0.364188   -0.056611
     0.381263   -0.054539
     0.398369   -0.052198
     0.415500   -0.049605
     0.432649   -0.046779
     0.449813   -0.043736
     0.466992   -0.040497
     0.484185   -0.037080
     0.501392   -0.033506
     0.518614   -0.029798
     0.535851   -0.025976
     0.553102   -0.022067
     0.570365   -0.018095
     0.587633   -0.014089
     0.604896   -0.010080
     0.622142   -0.006098
     0.639361   -0.002176
     0.656549    0.001652
     0.673704    0.005356
     0.690824    0.008901
     0.707909    0.012254
     0.724958    0.015379
     0.741970    0.018241
     0.758946    0.020803
     0.775883    0.023027
     0.792778    0.024876
     0.809627    0.026309
     0.826425    0.027289
     0.843163    0.027776
     0.859834    0.027731
     0.876428    0.027117
     0.892932    0.025898
     0.909335    0.024040
     0.925626    0.021511
     0.941794    0.018282
     0.957833    0.014325
     0.973742    0.009613
     0.989526    0.004119
     1.000000    0.000000
