     1.000000    0.000000
     0.989334    0.004858
     0.973153    0.011853
     0.956754    0.018507
     0.940155    0.024832
     0.923369    0.030841
     0.906412    0.036548
     0.889295    0.041970
     0.872032    0.047121
     0.854635    0.052019
     0.837113    0.056680
     0.819478    0.061120
     0.801741    0.065353
     0.783909    0.069396
     0.765994    0.073260
     0.748002    0.076959
     0.729943    0.080504
     0.711824    0.083904
     0.693652    0.087168
     0.675434    0.090304
     0.657178    0.093316
     0.638888    0.096210
     0.620570    0.098987
     0.602231    0.101650
     0.583874    0.104198
     0.565506    0.106629
     0.547131    0.108943
     0.528753    0.111133
     0.510377    0.113196
     0.492008    0.115125
     0.473651    0.116912
     0.455310    0.118549
     0.436991    0.120026
     0.418701    0.121331
     0.400447    0.122453
     0.382237    0.123379
     0.364082    0.124094
     0.345994    0.124584
     0.327990    0.124832
     0.310088    0.124823
     0.292314    0.124539
     0.274698    0.123965
     0.257279    0.123085
     0.240105    0.121884
     0.223233    0.120353
     0.206732    0.118486
     0.190682    0.116284
     0.175169    0.113755
     0.160285    0.110918
     0.146116    0.107803
     0.132741    0.104446
     0.120219    0.100892
     0.108585    0.097189
     0.097849    0.093384
     0.087999    0.089519
     0.079001    0.085633
     0.070807    0.081756
     0.063361    0.077912
     0.056603    0.074117
     0.050474    0.070385
     0.044916    0.066722
     0.039876    0.063133
     0.035307    0.059621
     0.031163    0.056187
     0.027406    0.052829
     0.024002    0.049546
     0.020919    0.046337
     0.018131    0.043201
     0.015615    0.040135
     0.013349    0.037138
     0.011315    0.034209
     0.009495    0.031346
     0.007876    0.028548
     0.006443    0.025816
     0.005184    0.023148
     0.004088    0.020545
     0.003145    0.018005
     0.002344    0.015530
     0.001676    0.013117
     0.001132    0.010769
     0.000705    0.008487
     0.000387    0.006271
     0.000169    0.004120
     0.000043    0.002031
     0.000012    0.001017
     0.000000    0.000000
     0.000280   -0.001926
     0.001221   -0.003592
     0.002738   -0.004926
     0.004614   -0.005828
     0.006679   -0.006429
     0.008871   -0.006812
     0.011168   -0.007034
     0.013563   -0.007130
     0.016056   -0.007123
     0.018652   -0.007028
     0.021356   -0.006855
     0.024177   -0.006610
     0.027126   -0.006298
     0.030212   -0.005921
     0.033450   -0.005480
     0.036853   -0.004975
     0.040439   -0.004405
     0.044226   -0.003767
     0.048235   -0.003059
     0.052492   -0.002276
     0.057023   -0.001415
     0.061862   -0.000468
     0.067043    0.000570
     0.072609    0.001708
     0.078606    0.002954
     0.085086    0.004318
     0.092106    0.005810
     0.099726    0.007442
     0.108012    0.009222
     0.117025    0.011160
     0.126821    0.013261
     0.137443    0.015525
     0.148916    0.017947
     0.161236    0.020515
     0.174371    0.023207
     0.188260    0.025996
     0.202820    0.028851
     0.217955    0.031736
     0.233567    0.034620
     0.249560    0.037473
     0.265855    0.040269
     0.282382    0.042988
     0.299085    0.045613
     0.315923    0.048131
     0.332861    0.050531
     0.349875    0.052805
     0.366946    0.054946
     0.384060    0.056949
     0.401206    0.058810
     0.418378    0.060523
     0.435567    0.062087
     0.452771    0.063497
     0.469983    0.064751
     0.487201    0.065844
     0.504422    0.066774
     0.521643    0.067538
     0.538861    0.068132
     0.556074    0.068552
     0.573279    0.068796
     0.590473    0.068859
     0.607654    0.068738
     0.624818    0.068428
     0.641963    0.067926
     0.659085    0.067226
     0.676181    0.066325
     0.693248    0.065216
     0.710282    0.063897
     0.727278    0.062360
     0.744233    0.060602
     0.761142    0.058616
     0.778001    0.056397
     0.794804    0.053940
     0.811546    0.051238
     0.828223    0.048287
     0.844826    0.045079
     0.861351    0.041611
     0.877790    0.037877
     0.894136    0.033872
     0.910381    0.029590
     0.926515    0.025030
     0.942527    0.020187
     0.958408    0.015060
     0.974142    0.009648
     0.989713    0.003953
     1.000000    0.000000
