     1.000000    0.000000
     0.989870    0.005603
     0.974141    0.014388
     0.957871    0.023547
     0.941216    0.032935
     0.924344    0.042400
     0.907385    0.051815
     0.890417    0.061085
     0.873490    0.070136
     0.856627    0.078917
     0.839836    0.087389
     0.823117    0.095522
     0.806463    0.103294
     0.789865    0.110688
     0.773310    0.117689
     0.756789    0.124286
     0.740290    0.130469
     0.723801    0.136231
     0.707312    0.141564
     0.690814    0.146463
     0.674297    0.150924
     0.657752    0.154942
     0.641173    0.158516
     0.624550    0.161644
     0.607878    0.164325
     0.591150    0.166560
     0.574359    0.168349
     0.557501    0.169695
     0.540569    0.170601
     0.523559    0.171072
     0.506468    0.171111
     0.489291    0.170724
     0.472025    0.169920
     0.454668    0.168705
     0.437219    0.167088
     0.419677    0.165080
     0.402044    0.162692
     0.384322    0.159936
     0.366519    0.156826
     0.348642    0.153378
     0.330707    0.149610
     0.312734    0.145543
     0.294752    0.141199
     0.276803    0.136607
     0.258941    0.131798
     0.241241    0.126813
     0.223797    0.121696
     0.206723    0.116501
     0.190153    0.111287
     0.174229    0.106117
     0.159088    0.101052
     0.144845    0.096146
     0.131579    0.091443
     0.119328    0.086968
     0.108087    0.082734
     0.097817    0.078738
     0.088455    0.074968
     0.079926    0.071406
     0.072152    0.068030
     0.065056    0.064819
     0.058567    0.061749
     0.052621    0.058801
     0.047163    0.055955
     0.042143    0.053193
     0.037519    0.050498
     0.033256    0.047858
     0.029323    0.045257
     0.025697    0.042684
     0.022356    0.040130
     0.019286    0.037584
     0.016473    0.035040
     0.013908    0.032492
     0.011583    0.029937
     0.009494    0.027371
     0.007636    0.024797
     0.006004    0.022217
     0.004592    0.019638
     0.003394    0.017065
     0.002401    0.014510
     0.001603    0.011978
     0.000985    0.009482
     0.000529    0.007032
     0.000221    0.004636
     0.000049    0.002292
     0.000010    0.001148
     0.000000    0.000000
     0.000101   -0.002109
     0.000420   -0.004179
     0.000978   -0.006277
     0.001779   -0.008359
     0.002827   -0.010395
     0.004111   -0.012367
     0.005617   -0.014265
     0.007331   -0.016087
     0.009237   -0.017831
     0.011326   -0.019503
     0.013590   -0.021109
     0.016024   -0.022655
     0.018628   -0.024148
     0.021404   -0.025596
     0.024358   -0.027005
     0.027495   -0.028381
     0.030828   -0.029730
     0.034368   -0.031058
     0.038132   -0.032369
     0.042137   -0.033669
     0.046406   -0.034963
     0.050964   -0.036254
     0.055841   -0.037549
     0.061070   -0.038852
     0.066692   -0.040167
     0.072750   -0.041500
     0.079294   -0.042854
     0.086378   -0.044235
     0.094064   -0.045647
     0.102418   -0.047094
     0.111505   -0.048580
     0.121393   -0.050106
     0.132138   -0.051674
     0.143784   -0.053281
     0.156354   -0.054924
     0.169839   -0.056594
     0.184202   -0.058281
     0.199373   -0.059973
     0.215258   -0.061656
     0.231749   -0.063317
     0.248736   -0.064940
     0.266114   -0.066516
     0.283790   -0.068033
     0.301684   -0.069481
     0.319732   -0.070853
     0.337883   -0.072141
     0.356097   -0.073338
     0.374342   -0.074438
     0.392595   -0.075435
     0.410837   -0.076322
     0.429054   -0.077093
     0.447236   -0.077743
     0.465373   -0.078264
     0.483460   -0.078652
     0.501490   -0.078898
     0.519459   -0.078998
     0.537365   -0.078945
     0.555203   -0.078732
     0.572973   -0.078355
     0.590673   -0.077807
     0.608300   -0.077082
     0.625855   -0.076174
     0.643336   -0.075079
     0.660742   -0.073791
     0.678074   -0.072305
     0.695331   -0.070617
     0.712512   -0.068722
     0.729617   -0.066617
     0.746648   -0.064297
     0.763601   -0.061759
     0.780479   -0.059001
     0.797278   -0.056021
     0.813999   -0.052816
     0.830637   -0.049386
     0.847191   -0.045731
     0.863653   -0.041852
     0.880017   -0.037751
     0.896272   -0.033433
     0.912402   -0.028904
     0.928387   -0.024174
     0.944199   -0.019257
     0.959803   -0.014172
     0.975150   -0.008943
     0.990183   -0.003604
     1.000000    0.000000
