     1.000000    0.000000
     0.989244    0.003692
     0.972101    0.009615
     0.953877    0.015947
     0.934796    0.022586
     0.915130    0.029412
     0.895114    0.036314
     0.874926    0.043202
     0.854685    0.050009
     0.834465    0.056686
     0.814308    0.063198
     0.794237    0.069522
     0.774258    0.075640
     0.754370    0.081538
     0.734570    0.087208
     0.714850    0.092642
     0.695202    0.097834
     0.675619    0.102778
     0.656091    0.107471
     0.636613    0.111908
     0.617180    0.116087
     0.597785    0.120003
     0.578426    0.123655
     0.559100    0.127040
     0.539807    0.130154
     0.520547    0.132996
     0.501324    0.135562
     0.482141    0.137850
     0.463005    0.139858
     0.443924    0.141583
     0.424910    0.143023
     0.405977    0.144174
     0.387142    0.145035
     0.368428    0.145603
     0.349859    0.145876
     0.331466    0.145852
     0.313286    0.145532
     0.295359    0.144916
     0.277734    0.144005
     0.260461    0.142803
     0.243600    0.141319
     0.227208    0.139560
     0.211348    0.137539
     0.196078    0.135273
     0.181451    0.132780
     0.167512    0.130083
     0.154293    0.127203
     0.141817    0.124165
     0.130088    0.120992
     0.119103    0.117706
     0.108845    0.114327
     0.099288    0.110871
     0.090402    0.107355
     0.082152    0.103789
     0.074500    0.100185
     0.067411    0.096550
     0.060850    0.092890
     0.054781    0.089212
     0.049173    0.085519
     0.043998    0.081816
     0.039229    0.078108
     0.034841    0.074397
     0.030812    0.070689
     0.027122    0.066988
     0.023752    0.063299
     0.020684    0.059628
     0.017902    0.055980
     0.015388    0.052361
     0.013128    0.048779
     0.011106    0.045238
     0.009308    0.041745
     0.007717    0.038306
     0.006321    0.034925
     0.005104    0.031608
     0.004052    0.028360
     0.003153    0.025182
     0.002393    0.022078
     0.001760    0.019048
     0.001243    0.016096
     0.000829    0.013221
     0.000509    0.010424
     0.000273    0.007707
     0.000114    0.005066
     0.000025    0.002498
     0.000005    0.001249
     0.000000    0.000000
     0.001977   -0.000648
     0.003967   -0.001259
     0.006066   -0.001885
     0.008246   -0.002517
     0.010512   -0.003159
     0.012870   -0.003812
     0.015325   -0.004477
     0.017886   -0.005157
     0.020560   -0.005852
     0.023357   -0.006564
     0.026285   -0.007295
     0.029357   -0.008044
     0.032583   -0.008815
     0.035979   -0.009608
     0.039560   -0.010425
     0.043342   -0.011267
     0.047345   -0.012136
     0.051591   -0.013035
     0.056104   -0.013963
     0.060912   -0.014923
     0.066044   -0.015917
     0.071534   -0.016945
     0.077418   -0.018008
     0.083736   -0.019106
     0.090531   -0.020238
     0.097847   -0.021401
     0.105728   -0.022593
     0.114216   -0.023807
     0.123349   -0.025034
     0.133157   -0.026265
     0.143656   -0.027484
     0.154850   -0.028676
     0.166725   -0.029822
     0.179250   -0.030902
     0.192378   -0.031896
     0.206056   -0.032787
     0.220222   -0.033558
     0.234813   -0.034196
     0.249770   -0.034691
     0.265042   -0.035035
     0.280583   -0.035224
     0.296355   -0.035255
     0.312328   -0.035128
     0.328481   -0.034843
     0.344794   -0.034402
     0.361257   -0.033808
     0.377860   -0.033064
     0.394599   -0.032175
     0.411471   -0.031145
     0.428475   -0.029980
     0.445613   -0.028686
     0.462887   -0.027268
     0.480298   -0.025734
     0.497849   -0.024093
     0.515541   -0.022352
     0.533373   -0.020523
     0.551339   -0.018616
     0.569427   -0.016646
     0.587613   -0.014628
     0.605860   -0.012582
     0.624107   -0.010531
     0.642283   -0.008498
     0.660330   -0.006507
     0.678211   -0.004579
     0.695899   -0.002731
     0.713380   -0.000982
     0.730642    0.000654
     0.747681    0.002163
     0.764494    0.003533
     0.781082    0.004750
     0.797444    0.005805
     0.813583    0.006688
     0.829502    0.007390
     0.845204    0.007902
     0.860692    0.008217
     0.875969    0.008328
     0.891040    0.008228
     0.905908    0.007913
     0.920575    0.007377
     0.935044    0.006616
     0.949318    0.005626
     0.963398    0.004404
     0.977284    0.002949
     0.990974    0.001258
     1.000000    0.000000
