     1.000000    0.000000
     0.991361    0.006937
     0.978424    0.016856
     0.965437    0.026278
     0.952340    0.035262
     0.939085    0.043854
     0.925629    0.052087
     0.911938    0.059988
     0.897976    0.067577
     0.883711    0.074870
     0.869110    0.081882
     0.854143    0.088624
     0.838777    0.095105
     0.822980    0.101332
     0.806721    0.107312
     0.789969    0.113048
     0.772696    0.118543
     0.754874    0.123798
     0.736483    0.128812
     0.717506    0.133582
     0.697934    0.138105
     0.677772    0.142375
     0.657033    0.146383
     0.635750    0.150120
     0.613969    0.153574
     0.591755    0.156734
     0.569192    0.159586
     0.546374    0.162118
     0.523412    0.164318
     0.500420    0.166174
     0.477516    0.167678
     0.454814    0.168824
     0.432422    0.169609
     0.410436    0.170031
     0.388942    0.170094
     0.368012    0.169805
     0.347703    0.169172
     0.328064    0.168207
     0.309128    0.166923
     0.290920    0.165338
     0.273457    0.163469
     0.256746    0.161335
     0.240790    0.158956
     0.225583    0.156354
     0.211115    0.153549
     0.197373    0.150562
     0.184338    0.147413
     0.171990    0.144122
     0.160304    0.140708
     0.149257    0.137188
     0.138820    0.133578
     0.128967    0.129892
     0.119670    0.126144
     0.110900    0.122345
     0.102631    0.118505
     0.094836    0.114632
     0.087489    0.110735
     0.080566    0.106819
     0.074043    0.102889
     0.067899    0.098950
     0.062112    0.095006
     0.056665    0.091057
     0.051538    0.087107
     0.046717    0.083157
     0.042186    0.079207
     0.037931    0.075258
     0.033941    0.071310
     0.030205    0.067364
     0.026712    0.063418
     0.023455    0.059472
     0.020425    0.055525
     0.017617    0.051577
     0.015024    0.047627
     0.012643    0.043675
     0.010469    0.039719
     0.008502    0.035760
     0.006738    0.031796
     0.005176    0.027829
     0.003818    0.023857
     0.002663    0.019883
     0.001712    0.015904
     0.000967    0.011925
     0.000433    0.007949
     0.000111    0.003976
     0.000030    0.001991
     0.000000    0.000000
     0.000052   -0.003620
     0.000227   -0.007230
     0.000525   -0.010836
     0.000949   -0.014434
     0.001501   -0.018018
     0.002190   -0.021584
     0.003018   -0.025126
     0.003991   -0.028640
     0.005110   -0.032124
     0.006380   -0.035573
     0.007802   -0.038983
     0.009380   -0.042351
     0.011116   -0.045675
     0.013011   -0.048950
     0.015069   -0.052175
     0.017289   -0.055347
     0.019676   -0.058465
     0.022229   -0.061528
     0.024952   -0.064534
     0.027848   -0.067484
     0.030920   -0.070378
     0.034172   -0.073216
     0.037609   -0.075998
     0.041236   -0.078726
     0.045062   -0.081401
     0.049093   -0.084024
     0.053340   -0.086596
     0.057815   -0.089119
     0.062529   -0.091594
     0.067499   -0.094022
     0.072740   -0.096404
     0.078273   -0.098742
     0.084120   -0.101034
     0.090305   -0.103282
     0.096856   -0.105485
     0.103805   -0.107642
     0.111186   -0.109751
     0.119038   -0.111810
     0.127405   -0.113814
     0.136333   -0.115758
     0.145873   -0.117637
     0.156078   -0.119442
     0.167005   -0.121162
     0.178710   -0.122785
     0.191250   -0.124298
     0.204675   -0.125683
     0.219030   -0.126923
     0.234347   -0.127995
     0.250644   -0.128881
     0.267919   -0.129558
     0.286151   -0.130006
     0.305298   -0.130208
     0.325300   -0.130149
     0.346079   -0.129815
     0.367548   -0.129201
     0.389611   -0.128299
     0.412170   -0.127110
     0.435129   -0.125633
     0.458396   -0.123872
     0.481883   -0.121830
     0.505512   -0.119513
     0.529213   -0.116924
     0.552921   -0.114071
     0.576582   -0.110957
     0.600147   -0.107588
     0.623576   -0.103968
     0.646834   -0.100102
     0.669893   -0.095991
     0.692728   -0.091641
     0.715318   -0.087054
     0.737646   -0.082233
     0.759696   -0.077181
     0.781453   -0.071904
     0.802897   -0.066406
     0.824010   -0.060696
     0.844763   -0.054784
     0.865118   -0.048686
     0.885028   -0.042426
     0.904427   -0.036034
     0.923231   -0.029555
     0.941341   -0.023041
     0.958642   -0.016560
     0.975021   -0.010185
     0.990371   -0.003993
     1.000000    0.000000
