     1.000000    0.000000
     0.991102    0.006341
     0.976911    0.016223
     0.961783    0.026455
     0.945842    0.036908
     0.929219    0.047461
     0.912044    0.058000
     0.894434    0.068431
     0.876493    0.078679
     0.858305    0.088683
     0.839943    0.098398
     0.821466    0.107788
     0.802925    0.116825
     0.784362    0.125489
     0.765816    0.133763
     0.747317    0.141635
     0.728896    0.149096
     0.710575    0.156140
     0.692376    0.162762
     0.674318    0.168962
     0.656414    0.174737
     0.638679    0.180091
     0.621123    0.185024
     0.603753    0.189541
     0.586575    0.193646
     0.569594    0.197345
     0.552813    0.200643
     0.536232    0.203545
     0.519854    0.206059
     0.503676    0.208191
     0.487698    0.209946
     0.471917    0.211332
     0.456332    0.212355
     0.440941    0.213021
     0.425740    0.213336
     0.410727    0.213306
     0.395900    0.212936
     0.381257    0.212231
     0.366796    0.211198
     0.352516    0.209840
     0.338417    0.208164
     0.324499    0.206174
     0.310763    0.203875
     0.297211    0.201273
     0.283846    0.198374
     0.270674    0.195184
     0.257700    0.191710
     0.244931    0.187960
     0.232376    0.183943
     0.220047    0.179669
     0.207955    0.175149
     0.196114    0.170398
     0.184540    0.165431
     0.173251    0.160265
     0.162263    0.154920
     0.151597    0.149418
     0.141271    0.143783
     0.131303    0.138040
     0.121711    0.132217
     0.112509    0.126340
     0.103710    0.120438
     0.095323    0.114535
     0.087352    0.108658
     0.079799    0.102829
     0.072661    0.097067
     0.065931    0.091388
     0.059599    0.085806
     0.053653    0.080330
     0.048078    0.074966
     0.042859    0.069717
     0.037979    0.064585
     0.033422    0.059566
     0.029172    0.054656
     0.025213    0.049851
     0.021532    0.045141
     0.018118    0.040516
     0.014962    0.035968
     0.012056    0.031481
     0.009400    0.027041
     0.006996    0.022629
     0.004858    0.018225
     0.003012    0.013800
     0.001499    0.009317
     0.000438    0.004740
     0.000135    0.002383
     0.000000    0.000000
     0.000065   -0.005023
     0.000300   -0.010036
     0.000692   -0.014890
     0.001239   -0.019635
     0.001949   -0.024267
     0.002828   -0.028787
     0.003881   -0.033196
     0.005111   -0.037494
     0.006522   -0.041681
     0.008117   -0.045755
     0.009900   -0.049716
     0.011874   -0.053563
     0.014041   -0.057293
     0.016404   -0.060906
     0.018964   -0.064402
     0.021722   -0.067778
     0.024680   -0.071037
     0.027838   -0.074178
     0.031199   -0.077204
     0.034765   -0.080116
     0.038541   -0.082919
     0.042531   -0.085616
     0.046743   -0.088210
     0.051186   -0.090706
     0.055872   -0.093108
     0.060815   -0.095419
     0.066032   -0.097645
     0.071543   -0.099787
     0.077371   -0.101849
     0.083545   -0.103833
     0.090096   -0.105739
     0.097060   -0.107570
     0.104479   -0.109322
     0.112400   -0.110995
     0.120876   -0.112584
     0.129963   -0.114082
     0.139725   -0.115481
     0.150227   -0.116768
     0.161538   -0.117929
     0.173721   -0.118943
     0.186833   -0.119787
     0.200919   -0.120433
     0.215999   -0.120850
     0.232070   -0.121004
     0.249096   -0.120863
     0.267015   -0.120394
     0.285740   -0.119567
     0.305171   -0.118360
     0.325206   -0.116752
     0.345756   -0.114728
     0.366744   -0.112276
     0.388119   -0.109384
     0.409854   -0.106042
     0.431949   -0.102236
     0.454430   -0.097949
     0.477348   -0.093161
     0.500784   -0.087845
     0.524850   -0.081967
     0.549684   -0.075486
     0.575451   -0.068362
     0.602306   -0.060562
     0.630302   -0.052110
     0.659147   -0.043171
     0.687799   -0.034202
     0.714627   -0.025870
     0.738929   -0.018513
     0.760800   -0.012163
     0.780578   -0.006738
     0.798620   -0.002130
     0.815235    0.001760
     0.830677    0.005015
     0.845151    0.007701
     0.858827    0.009871
     0.871844    0.011566
     0.884321    0.012816
     0.896362    0.013640
     0.908063    0.014051
     0.919515    0.014049
     0.930812    0.013626
     0.942054    0.012759
     0.953369    0.011405
     0.964929    0.009490
     0.976999    0.006875
     0.990095    0.003278
     1.000000    0.000000
