     1.000000    0.000000
     0.990721    0.005920
     0.976058    0.015135
     0.960684    0.024604
     0.944809    0.034144
     0.928619    0.043603
     0.912263    0.052859
     0.895845    0.061826
     0.879433    0.070448
     0.863068    0.078689
     0.846769    0.086529
     0.830543    0.093958
     0.814388    0.100973
     0.798296    0.107575
     0.782256    0.113766
     0.766253    0.119552
     0.750274    0.124937
     0.734302    0.129927
     0.718321    0.134527
     0.702315    0.138742
     0.686266    0.142577
     0.670160    0.146035
     0.653978    0.149122
     0.637703    0.151839
     0.621320    0.154190
     0.604811    0.156176
     0.588159    0.157800
     0.571349    0.159062
     0.554362    0.159965
     0.537183    0.160507
     0.519796    0.160691
     0.502187    0.160515
     0.484340    0.159982
     0.466244    0.159090
     0.447888    0.157843
     0.429265    0.156241
     0.410372    0.154288
     0.391212    0.151988
     0.371797    0.149348
     0.352149    0.146379
     0.332307    0.143095
     0.312330    0.139517
     0.292303    0.135670
     0.272343    0.131591
     0.252601    0.127325
     0.233259    0.122929
     0.214523    0.118466
     0.196600    0.114004
     0.179672    0.109605
     0.163875    0.105324
     0.149281    0.101199
     0.135903    0.097252
     0.123697    0.093491
     0.112588    0.089909
     0.102482    0.086496
     0.093278    0.083234
     0.084879    0.080104
     0.077194    0.077088
     0.070142    0.074167
     0.063652    0.071325
     0.057664    0.068545
     0.052124    0.065813
     0.046989    0.063116
     0.042221    0.060441
     0.037788    0.057777
     0.033664    0.055114
     0.029829    0.052442
     0.026264    0.049753
     0.022957    0.047040
     0.019897    0.044295
     0.017076    0.041515
     0.014489    0.038695
     0.012131    0.035834
     0.010000    0.032933
     0.008093    0.029992
     0.006408    0.027018
     0.004939    0.024016
     0.003682    0.020993
     0.002629    0.017959
     0.001772    0.014922
     0.001101    0.011891
     0.000599    0.008877
     0.000253    0.005889
     0.000056    0.002930
     0.000011    0.001467
     0.000000    0.000000
     0.000046   -0.002781
     0.000224   -0.005549
     0.000538   -0.008323
     0.000990   -0.011093
     0.001594   -0.013849
     0.002366   -0.016578
     0.003320   -0.019268
     0.004463   -0.021907
     0.005805   -0.024480
     0.007349   -0.026975
     0.009098   -0.029377
     0.011052   -0.031676
     0.013207   -0.033860
     0.015560   -0.035926
     0.018104   -0.037868
     0.020834   -0.039686
     0.023749   -0.041382
     0.026845   -0.042959
     0.030124   -0.044420
     0.033588   -0.045771
     0.037245   -0.047016
     0.041103   -0.048159
     0.045175   -0.049203
     0.049475   -0.050154
     0.054024   -0.051013
     0.058844   -0.051782
     0.063964   -0.052461
     0.069417   -0.053052
     0.075244   -0.053554
     0.081492   -0.053963
     0.088219   -0.054277
     0.095492   -0.054492
     0.103393   -0.054602
     0.112020   -0.054598
     0.121486   -0.054474
     0.131928   -0.054218
     0.143498   -0.053821
     0.156364   -0.053275
     0.170687   -0.052576
     0.186590   -0.051728
     0.204093   -0.050756
     0.223022   -0.049703
     0.243041   -0.048632
     0.263794   -0.047609
     0.284984   -0.046688
     0.306408   -0.045910
     0.327949   -0.045303
     0.349555   -0.044885
     0.371215   -0.044666
     0.392949   -0.044652
     0.414794   -0.044842
     0.436795   -0.045237
     0.459004   -0.045832
     0.481471   -0.046618
     0.504239   -0.047584
     0.527331   -0.048711
     0.550725   -0.049970
     0.574318   -0.051319
     0.597871   -0.052698
     0.621009   -0.054033
     0.643445   -0.055254
     0.665034   -0.056307
     0.685724   -0.057151
     0.705522   -0.057756
     0.724462   -0.058102
     0.742595   -0.058174
     0.759979   -0.057964
     0.776673   -0.057465
     0.792734   -0.056673
     0.808219   -0.055584
     0.823179   -0.054195
     0.837664   -0.052506
     0.851722   -0.050511
     0.865395   -0.048207
     0.878728   -0.045588
     0.891762   -0.042647
     0.904539   -0.039373
     0.917100   -0.035752
     0.929494   -0.031764
     0.941771   -0.027383
     0.953992   -0.022572
     0.966236   -0.017277
     0.978608   -0.011418
     0.991269   -0.004864
     1.000000    0.000000
