     1.000000    0.000000
     0.991523    0.008977
     0.978515    0.021864
     0.965127    0.034095
     0.951337    0.045664
     0.937132    0.056563
     0.922506    0.066786
     0.907461    0.076325
     0.892003    0.085180
     0.876144    0.093354
     0.859901    0.100858
     0.843290    0.107710
     0.826333    0.113936
     0.809051    0.119569
     0.791465    0.124646
     0.773598    0.129209
     0.755471    0.133306
     0.737105    0.136982
     0.718520    0.140285
     0.699738    0.143262
     0.680779    0.145958
     0.661661    0.148414
     0.642406    0.150668
     0.623031    0.152755
     0.603558    0.154704
     0.584004    0.156537
     0.564387    0.158275
     0.544726    0.159930
     0.525037    0.161511
     0.505338    0.163019
     0.485644    0.164451
     0.465970    0.165801
     0.446332    0.167056
     0.426744    0.168198
     0.407220    0.169207
     0.387776    0.170059
     0.368428    0.170724
     0.349192    0.171173
     0.330089    0.171369
     0.311141    0.171278
     0.292375    0.170862
     0.273822    0.170081
     0.255519    0.168898
     0.237511    0.167275
     0.219853    0.165180
     0.202606    0.162585
     0.185843    0.159473
     0.169643    0.155836
     0.154094    0.151683
     0.139283    0.147041
     0.125294    0.141956
     0.112201    0.136489
     0.100058    0.130718
     0.088899    0.124729
     0.078728    0.118610
     0.069528    0.112444
     0.061257    0.106305
     0.053859    0.100255
     0.047266    0.094340
     0.041406    0.088595
     0.036207    0.083042
     0.031599    0.077695
     0.027518    0.072558
     0.023905    0.067634
     0.020705    0.062916
     0.017874    0.058400
     0.015368    0.054078
     0.013151    0.049939
     0.011193    0.045977
     0.009465    0.042180
     0.007943    0.038540
     0.006606    0.035048
     0.005435    0.031696
     0.004415    0.028476
     0.003531    0.025382
     0.002771    0.022405
     0.002122    0.019539
     0.001576    0.016778
     0.001124    0.014117
     0.000758    0.011552
     0.000473    0.009079
     0.000261    0.006692
     0.000116    0.004386
     0.000031    0.002157
     0.000009    0.001079
     0.000000    0.000000
     0.000353   -0.001876
     0.001272   -0.003523
     0.002632   -0.004984
     0.004248   -0.006238
     0.006049   -0.007341
     0.007998   -0.008332
     0.010074   -0.009236
     0.012267   -0.010069
     0.014576   -0.010847
     0.017001   -0.011578
     0.019545   -0.012272
     0.022214   -0.012933
     0.025014   -0.013566
     0.027955   -0.014174
     0.031045   -0.014761
     0.034298   -0.015330
     0.037726   -0.015881
     0.041345   -0.016416
     0.045172   -0.016938
     0.049228   -0.017446
     0.053535   -0.017941
     0.058120   -0.018424
     0.063011   -0.018895
     0.068243   -0.019353
     0.073853   -0.019797
     0.079882   -0.020227
     0.086379   -0.020641
     0.093392   -0.021037
     0.100978   -0.021410
     0.109192   -0.021759
     0.118092   -0.022077
     0.127731   -0.022360
     0.138151   -0.022601
     0.149381   -0.022793
     0.161430   -0.022930
     0.174282   -0.023006
     0.187895   -0.023015
     0.202205   -0.022954
     0.217130   -0.022822
     0.232582   -0.022619
     0.248470   -0.022347
     0.264712   -0.022009
     0.281235   -0.021611
     0.297976   -0.021156
     0.314886   -0.020651
     0.331926   -0.020099
     0.349064   -0.019506
     0.366279   -0.018876
     0.383552   -0.018214
     0.400870   -0.017524
     0.418223   -0.016809
     0.435603   -0.016074
     0.453006   -0.015322
     0.470426   -0.014556
     0.487861   -0.013780
     0.505305   -0.012996
     0.522757   -0.012209
     0.540212   -0.011421
     0.557668   -0.010636
     0.575121   -0.009856
     0.592570   -0.009084
     0.610014   -0.008323
     0.627452   -0.007577
     0.644883   -0.006847
     0.662306   -0.006137
     0.679722   -0.005449
     0.697129   -0.004786
     0.714528   -0.004152
     0.731918   -0.003547
     0.749298   -0.002976
     0.766667   -0.002441
     0.784024   -0.001945
     0.801367   -0.001489
     0.818693   -0.001077
     0.836000   -0.000712
     0.853282   -0.000395
     0.870533   -0.000129
     0.887744    0.000083
     0.904904    0.000239
     0.921995    0.000338
     0.938996    0.000377
     0.955878    0.000355
     0.972604    0.000273
     0.989124    0.000129
     1.000000    0.000000
