     1.000000    0.000000
     0.989763    0.006599
     0.974172    0.016162
     0.958286    0.025338
     0.942114    0.034142
     0.925665    0.042589
     0.908949    0.050693
     0.891979    0.058471
     0.874765    0.065942
     0.857322    0.073123
     0.839664    0.080032
     0.821806    0.086685
     0.803764    0.093101
     0.785553    0.099293
     0.767190    0.105276
     0.748691    0.111062
     0.730071    0.116661
     0.711347    0.122081
     0.692533    0.127328
     0.673645    0.132405
     0.654696    0.137312
     0.635700    0.142049
     0.616670    0.146611
     0.597618    0.150991
     0.578555    0.155183
     0.559493    0.159174
     0.540441    0.162953
     0.521409    0.166506
     0.502408    0.169816
     0.483446    0.172866
     0.464535    0.175638
     0.445682    0.178111
     0.426901    0.180265
     0.408201    0.182077
     0.389595    0.183525
     0.371097    0.184586
     0.352722    0.185238
     0.334489    0.185457
     0.316417    0.185221
     0.298529    0.184509
     0.280853    0.183302
     0.263418    0.181584
     0.246262    0.179340
     0.229426    0.176564
     0.212957    0.173252
     0.196909    0.169411
     0.181344    0.165058
     0.166326    0.160219
     0.151924    0.154937
     0.138207    0.149264
     0.125240    0.143269
     0.113076    0.137028
     0.101757    0.130623
     0.091305    0.124140
     0.081719    0.117656
     0.072984    0.111241
     0.065061    0.104953
     0.057905    0.098834
     0.051459    0.092917
     0.045662    0.087218
     0.040454    0.081748
     0.035777    0.076508
     0.031577    0.071495
     0.027805    0.066701
     0.024415    0.062118
     0.021367    0.057735
     0.018628    0.053540
     0.016165    0.049522
     0.013952    0.045670
     0.011966    0.041974
     0.010185    0.038422
     0.008592    0.035007
     0.007172    0.031720
     0.005910    0.028552
     0.004796    0.025497
     0.003818    0.022549
     0.002968    0.019700
     0.002238    0.016947
     0.001619    0.014283
     0.001107    0.011705
     0.000699    0.009211
     0.000392    0.006797
     0.000179    0.004460
     0.000051    0.002196
     0.000017    0.001099
     0.000000    0.000000
     0.000336   -0.001989
     0.001075   -0.003848
     0.002157   -0.005662
     0.003442   -0.007413
     0.004898   -0.009116
     0.006508   -0.010788
     0.008262   -0.012435
     0.010150   -0.014067
     0.012172   -0.015689
     0.014329   -0.017306
     0.016625   -0.018923
     0.019067   -0.020543
     0.021659   -0.022169
     0.024413   -0.023805
     0.027338   -0.025453
     0.030448   -0.027115
     0.033755   -0.028794
     0.037277   -0.030490
     0.041033   -0.032207
     0.045044   -0.033944
     0.049333   -0.035704
     0.053929   -0.037485
     0.058863   -0.039289
     0.064169   -0.041114
     0.069885   -0.042958
     0.076054   -0.044818
     0.082723   -0.046688
     0.089941   -0.048561
     0.097760   -0.050428
     0.106232   -0.052277
     0.115408   -0.054090
     0.125330   -0.055849
     0.136034   -0.057531
     0.147539   -0.059112
     0.159846   -0.060567
     0.172937   -0.061872
     0.186773   -0.063005
     0.201299   -0.063950
     0.216448   -0.064698
     0.232148   -0.065247
     0.248324   -0.065599
     0.264907   -0.065764
     0.281836   -0.065758
     0.299055   -0.065597
     0.316519   -0.065301
     0.334187   -0.064891
     0.352026   -0.064389
     0.370008   -0.063816
     0.388103   -0.063193
     0.406288   -0.062541
     0.424533   -0.061878
     0.442811   -0.061220
     0.461103   -0.060583
     0.479398   -0.059980
     0.497689   -0.059419
     0.515976   -0.058908
     0.534261   -0.058452
     0.552544   -0.058052
     0.570828   -0.057708
     0.589114   -0.057416
     0.607401   -0.057169
     0.625680   -0.056955
     0.643939   -0.056763
     0.662153   -0.056573
     0.680290   -0.056364
     0.698324   -0.056113
     0.716232   -0.055792
     0.733994   -0.055370
     0.751591   -0.054814
     0.769010   -0.054090
     0.786237   -0.053161
     0.803261   -0.051990
     0.820072   -0.050539
     0.836663   -0.048769
     0.853028   -0.046643
     0.869163   -0.044122
     0.885065   -0.041168
     0.900735   -0.037745
     0.916175   -0.033815
     0.931390   -0.029341
     0.946392   -0.024287
     0.961198   -0.018608
     0.975838   -0.012258
     0.990350   -0.005175
     1.000000    0.000000
