     1.000000    0.000000
     0.989690    0.005413
     0.973475    0.013737
     0.956483    0.022218
     0.938859    0.030752
     0.920738    0.039253
     0.902230    0.047650
     0.883424    0.055891
     0.864386    0.063937
     0.845166    0.071758
     0.825801    0.079335
     0.806317    0.086654
     0.786734    0.093703
     0.767068    0.100476
     0.747330    0.106965
     0.727531    0.113165
     0.707680    0.119074
     0.687785    0.124686
     0.667854    0.129998
     0.647895    0.135007
     0.627917    0.139709
     0.607928    0.144102
     0.587939    0.148182
     0.567958    0.151945
     0.547999    0.155388
     0.528073    0.158509
     0.508194    0.161303
     0.488378    0.163766
     0.468641    0.165896
     0.449002    0.167690
     0.429482    0.169143
     0.410104    0.170254
     0.390894    0.171020
     0.371879    0.171439
     0.353090    0.171510
     0.334562    0.171234
     0.316332    0.170612
     0.298437    0.169647
     0.280922    0.168345
     0.263828    0.166714
     0.247200    0.164764
     0.231082    0.162507
     0.215516    0.159961
     0.200540    0.157144
     0.186188    0.154077
     0.172486    0.150783
     0.159453    0.147286
     0.147100    0.143611
     0.135431    0.139783
     0.124440    0.135824
     0.114115    0.131757
     0.104438    0.127602
     0.095388    0.123377
     0.086939    0.119097
     0.079063    0.114776
     0.071732    0.110427
     0.064919    0.106059
     0.058595    0.101682
     0.052733    0.097303
     0.047307    0.092930
     0.042294    0.088568
     0.037671    0.084224
     0.033415    0.079904
     0.029508    0.075612
     0.025930    0.071353
     0.022662    0.067135
     0.019689    0.062961
     0.016993    0.058836
     0.014558    0.054767
     0.012370    0.050758
     0.010414    0.046813
     0.008674    0.042937
     0.007137    0.039134
     0.005790    0.035407
     0.004618    0.031761
     0.003610    0.028197
     0.002752    0.024718
     0.002032    0.021324
     0.001441    0.018016
     0.000965    0.014796
     0.000596    0.011665
     0.000322    0.008622
     0.000137    0.005666
     0.000032    0.002793
     0.000007    0.001397
     0.000000    0.000000
     0.000060   -0.002395
     0.000252   -0.004775
     0.000585   -0.007189
     0.001063   -0.009620
     0.001695   -0.012058
     0.002488   -0.014492
     0.003446   -0.016913
     0.004574   -0.019314
     0.005872   -0.021687
     0.007343   -0.024024
     0.008985   -0.026320
     0.010799   -0.028568
     0.012784   -0.030766
     0.014938   -0.032910
     0.017263   -0.034997
     0.019757   -0.037027
     0.022423   -0.038999
     0.025262   -0.040913
     0.028279   -0.042768
     0.031478   -0.044566
     0.034864   -0.046306
     0.038447   -0.047988
     0.042234   -0.049614
     0.046237   -0.051182
     0.050470   -0.052693
     0.054946   -0.054146
     0.059682   -0.055539
     0.064699   -0.056870
     0.070019   -0.058137
     0.075664   -0.059337
     0.081664   -0.060465
     0.088050   -0.061517
     0.094853   -0.062485
     0.102113   -0.063363
     0.109868   -0.064141
     0.118162   -0.064808
     0.127040   -0.065354
     0.136546   -0.065764
     0.146726   -0.066024
     0.157625   -0.066118
     0.169279   -0.066030
     0.181721   -0.065745
     0.194973   -0.065249
     0.209045   -0.064529
     0.223938   -0.063578
     0.239636   -0.062391
     0.256114   -0.060968
     0.273337   -0.059316
     0.291263   -0.057445
     0.309843   -0.055370
     0.329025   -0.053112
     0.348748   -0.050694
     0.368946   -0.048145
     0.389537   -0.045496
     0.410418   -0.042783
     0.431450   -0.040047
     0.452498   -0.037327
     0.473477   -0.034656
     0.494338   -0.032057
     0.515062   -0.029547
     0.535646   -0.027140
     0.556098   -0.024845
     0.576432   -0.022670
     0.596668   -0.020620
     0.616826   -0.018699
     0.636930   -0.016908
     0.657003   -0.015248
     0.677069   -0.013720
     0.697154   -0.012321
     0.717281   -0.011048
     0.737475   -0.009897
     0.757754   -0.008862
     0.778133   -0.007935
     0.798618   -0.007106
     0.819196   -0.006362
     0.839830   -0.005689
     0.860441   -0.005067
     0.880893   -0.004478
     0.900984   -0.003900
     0.920502   -0.003313
     0.939274   -0.002696
     0.957171   -0.002035
     0.974099   -0.001321
     0.989991   -0.000546
     1.000000    0.000000
