     1.000000    0.000000
     0.988937    0.006281
     0.971916    0.015852
     0.954483    0.025534
     0.936739    0.035254
     0.918764    0.044956
     0.900617    0.054595
     0.882341    0.064134
     0.863967    0.073547
     0.845514    0.082810
     0.826998    0.091904
     0.808428    0.100814
     0.789811    0.109523
     0.771151    0.118019
     0.752451    0.126287
     0.733713    0.134316
     0.714940    0.142091
     0.696133    0.149601
     0.677294    0.156831
     0.658424    0.163770
     0.639525    0.170404
     0.620601    0.176720
     0.601654    0.182704
     0.582689    0.188342
     0.563709    0.193620
     0.544720    0.198525
     0.525727    0.203042
     0.506737    0.207157
     0.487759    0.210856
     0.468801    0.214125
     0.449873    0.216949
     0.430987    0.219315
     0.412155    0.221208
     0.393392    0.222616
     0.374715    0.223525
     0.356141    0.223923
     0.337691    0.223797
     0.319389    0.223138
     0.301259    0.221935
     0.283332    0.220180
     0.265639    0.217868
     0.248219    0.214996
     0.231111    0.211564
     0.214363    0.207576
     0.198025    0.203044
     0.182153    0.197985
     0.166806    0.192423
     0.152048    0.186393
     0.137941    0.179939
     0.124549    0.173117
     0.111928    0.165990
     0.100125    0.158630
     0.089175    0.151115
     0.079096    0.143523
     0.069889    0.135929
     0.061539    0.128404
     0.054014    0.121006
     0.047270    0.113786
     0.041255    0.106781
     0.035911    0.100018
     0.031178    0.093513
     0.026997    0.087276
     0.023311    0.081308
     0.020068    0.075607
     0.017218    0.070166
     0.014717    0.064978
     0.012525    0.060030
     0.010608    0.055312
     0.008933    0.050811
     0.007474    0.046516
     0.006205    0.042415
     0.005105    0.038496
     0.004155    0.034750
     0.003339    0.031164
     0.002642    0.027731
     0.002051    0.024439
     0.001554    0.021282
     0.001143    0.018250
     0.000807    0.015337
     0.000539    0.012537
     0.000332    0.009843
     0.000181    0.007249
     0.000078    0.004747
     0.000019    0.002333
     0.000005    0.001167
     0.000000    0.000000
     0.000227   -0.002114
     0.000811   -0.004135
     0.001752   -0.006135
     0.002969   -0.008060
     0.004415   -0.009906
     0.006064   -0.011683
     0.007896   -0.013400
     0.009897   -0.015063
     0.012059   -0.016679
     0.014380   -0.018256
     0.016861   -0.019797
     0.019504   -0.021308
     0.022315   -0.022792
     0.025301   -0.024253
     0.028473   -0.025692
     0.031842   -0.027110
     0.035421   -0.028510
     0.039228   -0.029892
     0.043279   -0.031254
     0.047596   -0.032597
     0.052204   -0.033919
     0.057130   -0.035217
     0.062404   -0.036487
     0.068060   -0.037723
     0.074137   -0.038920
     0.080676   -0.040067
     0.087721   -0.041154
     0.095322   -0.042166
     0.103527   -0.043086
     0.112385   -0.043894
     0.121942   -0.044566
     0.132237   -0.045074
     0.143299   -0.045389
     0.155142   -0.045481
     0.167762   -0.045318
     0.181136   -0.044874
     0.195220   -0.044126
     0.209958   -0.043057
     0.225282   -0.041659
     0.241120   -0.039930
     0.257401   -0.037874
     0.274059   -0.035502
     0.291036   -0.032830
     0.308283   -0.029875
     0.325760   -0.026659
     0.343434   -0.023204
     0.361280   -0.019532
     0.379278   -0.015669
     0.397409   -0.011640
     0.415658   -0.007473
     0.434007   -0.003196
     0.452433    0.001159
     0.470907    0.005557
     0.489386    0.009958
     0.507825    0.014323
     0.526194    0.018615
     0.544470    0.022799
     0.562643    0.026844
     0.580702    0.030720
     0.598643    0.034397
     0.616463    0.037849
     0.634159    0.041049
     0.651731    0.043970
     0.669178    0.046588
     0.686498    0.048879
     0.703691    0.050818
     0.720755    0.052385
     0.737688    0.053556
     0.754490    0.054311
     0.771158    0.054630
     0.787689    0.054496
     0.804083    0.053892
     0.820335    0.052800
     0.836444    0.051208
     0.852409    0.049102
     0.868229    0.046471
     0.883902    0.043304
     0.899430    0.039590
     0.914817    0.035322
     0.930070    0.030490
     0.945198    0.025081
     0.960219    0.019082
     0.975160    0.012471
     0.990057    0.005219
     1.000000    0.000000
