     1.000000    0.000000
     0.990027    0.004041
     0.973770    0.010523
     0.955956    0.017486
     0.936676    0.024878
     0.916089    0.032625
     0.894412    0.040640
     0.871884    0.048830
     0.848745    0.057107
     0.825218    0.065389
     0.801498    0.073604
     0.777751    0.081688
     0.754113    0.089587
     0.730693    0.097253
     0.707575    0.104646
     0.684821    0.111734
     0.662477    0.118490
     0.640573    0.124893
     0.619128    0.130927
     0.598152    0.136580
     0.577648    0.141843
     0.557614    0.146711
     0.538044    0.151181
     0.518928    0.155253
     0.500257    0.158928
     0.482019    0.162209
     0.464201    0.165098
     0.446792    0.167600
     0.429777    0.169721
     0.413145    0.171467
     0.396884    0.172843
     0.380983    0.173855
     0.365430    0.174511
     0.350218    0.174817
     0.335335    0.174780
     0.320775    0.174406
     0.306532    0.173704
     0.292599    0.172680
     0.278973    0.171342
     0.265650    0.169699
     0.252630    0.167757
     0.239912    0.165527
     0.227498    0.163018
     0.215391    0.160240
     0.203596    0.157207
     0.192119    0.153929
     0.180966    0.150423
     0.170148    0.146702
     0.159672    0.142786
     0.149550    0.138693
     0.139790    0.134443
     0.130403    0.130059
     0.121397    0.125562
     0.112779    0.120977
     0.104554    0.116326
     0.096726    0.111633
     0.089294    0.106921
     0.082255    0.102209
     0.075606    0.097517
     0.069336    0.092863
     0.063436    0.088259
     0.057894    0.083719
     0.052696    0.079252
     0.047825    0.074866
     0.043268    0.070565
     0.039008    0.066352
     0.035030    0.062230
     0.031317    0.058198
     0.027857    0.054254
     0.024634    0.050398
     0.021636    0.046626
     0.018853    0.042935
     0.016272    0.039319
     0.013886    0.035776
     0.011688    0.032299
     0.009671    0.028883
     0.007831    0.025524
     0.006166    0.022215
     0.004678    0.018951
     0.003370    0.015725
     0.002248    0.012531
     0.001320    0.009364
     0.000618    0.006223
     0.000179    0.003105
     0.000058    0.001557
     0.000000    0.000000
     0.000038   -0.002848
     0.000187   -0.005687
     0.000447   -0.008516
     0.000820   -0.011335
     0.001312   -0.014138
     0.001934   -0.016916
     0.002696   -0.019662
     0.003605   -0.022369
     0.004668   -0.025029
     0.005889   -0.027635
     0.007274   -0.030178
     0.008824   -0.032649
     0.010543   -0.035041
     0.012429   -0.037346
     0.014482   -0.039560
     0.016699   -0.041679
     0.019078   -0.043699
     0.021618   -0.045621
     0.024316   -0.047445
     0.027173   -0.049172
     0.030188   -0.050806
     0.033365   -0.052348
     0.036708   -0.053802
     0.040222   -0.055173
     0.043917   -0.056462
     0.047801   -0.057673
     0.051889   -0.058810
     0.056196   -0.059874
     0.060740   -0.060867
     0.065543   -0.061791
     0.070633   -0.062648
     0.076039   -0.063437
     0.081799   -0.064159
     0.087954   -0.064811
     0.094556   -0.065394
     0.101665   -0.065904
     0.109351   -0.066337
     0.117699   -0.066690
     0.126809   -0.066956
     0.136798   -0.067128
     0.147800   -0.067200
     0.159969   -0.067161
     0.173474   -0.067005
     0.188485   -0.066725
     0.205150   -0.066319
     0.223565   -0.065793
     0.243718   -0.065163
     0.265432   -0.064460
     0.288334   -0.063725
     0.312024   -0.063000
     0.336208   -0.062318
     0.360708   -0.061698
     0.385438   -0.061153
     0.410367   -0.060684
     0.435494   -0.060288
     0.460814   -0.059956
     0.486292   -0.059672
     0.511828   -0.059416
     0.537205   -0.059165
     0.562168   -0.058893
     0.586554   -0.058570
     0.610274   -0.058171
     0.633284   -0.057671
     0.655576   -0.057048
     0.677156   -0.056284
     0.698045   -0.055363
     0.718271   -0.054272
     0.737866   -0.053000
     0.756862   -0.051538
     0.775295   -0.049879
     0.793196   -0.048016
     0.810600   -0.045944
     0.827539   -0.043660
     0.844042   -0.041159
     0.860139   -0.038437
     0.875858   -0.035492
     0.891226   -0.032320
     0.906268   -0.028917
     0.921008   -0.025281
     0.935472   -0.021406
     0.949681   -0.017289
     0.963661   -0.012922
     0.977433   -0.008300
     0.991022   -0.003412
     1.000000    0.000000
