     1.000000    0.000000
     0.990821    0.008353
     0.976818    0.020684
     0.962538    0.032765
     0.947995    0.044571
     0.933200    0.056082
     0.918162    0.067285
     0.902887    0.078165
     0.887384    0.088709
     0.871658    0.098907
     0.855717    0.108749
     0.839567    0.118224
     0.823215    0.127324
     0.806668    0.136039
     0.789932    0.144360
     0.773016    0.152280
     0.755928    0.159790
     0.738675    0.166880
     0.721267    0.173544
     0.703712    0.179773
     0.686020    0.185560
     0.668200    0.190895
     0.650264    0.195772
     0.632220    0.200183
     0.614081    0.204121
     0.595857    0.207579
     0.577560    0.210550
     0.559202    0.213028
     0.540795    0.215008
     0.522353    0.216483
     0.503888    0.217450
     0.485413    0.217904
     0.466943    0.217842
     0.448492    0.217261
     0.430074    0.216161
     0.411705    0.214540
     0.393400    0.212400
     0.375175    0.209742
     0.357050    0.206569
     0.339042    0.202887
     0.321172    0.198703
     0.303466    0.194025
     0.285948    0.188868
     0.268653    0.183247
     0.251617    0.177185
     0.234886    0.170712
     0.218516    0.163866
     0.202571    0.156695
     0.187127    0.149262
     0.172269    0.141640
     0.158084    0.133918
     0.144658    0.126191
     0.132065    0.118556
     0.120356    0.111105
     0.109556    0.103916
     0.099660    0.097048
     0.090636    0.090538
     0.082435    0.084403
     0.074990    0.078643
     0.068232    0.073248
     0.062092    0.068198
     0.056501    0.063469
     0.051398    0.059036
     0.046729    0.054874
     0.042443    0.050958
     0.038499    0.047266
     0.034858    0.043777
     0.031487    0.040471
     0.028360    0.037331
     0.025451    0.034341
     0.022740    0.031488
     0.020208    0.028759
     0.017841    0.026142
     0.015624    0.023627
     0.013548    0.021205
     0.011603    0.018866
     0.009781    0.016602
     0.008075    0.014404
     0.006481    0.012266
     0.005004    0.010178
     0.003649    0.008129
     0.002414    0.006109
     0.001304    0.004105
     0.000453    0.002081
     0.000178    0.001056
     0.000000    0.000000
     0.000707   -0.001853
     0.001953   -0.003417
     0.003429   -0.004908
     0.005029   -0.006355
     0.006758   -0.007778
     0.008601   -0.009193
     0.010549   -0.010612
     0.012603   -0.012042
     0.014769   -0.013490
     0.017052   -0.014959
     0.019458   -0.016456
     0.021993   -0.017986
     0.024668   -0.019551
     0.027494   -0.021158
     0.030482   -0.022812
     0.033646   -0.024516
     0.037004   -0.026276
     0.040572   -0.028098
     0.044373   -0.029988
     0.048429   -0.031953
     0.052768   -0.033998
     0.057422   -0.036132
     0.062425   -0.038363
     0.067817   -0.040698
     0.073641   -0.043146
     0.079949   -0.045714
     0.086792   -0.048411
     0.094229   -0.051241
     0.102318   -0.054209
     0.111120   -0.057314
     0.120687   -0.060551
     0.131062   -0.063909
     0.142273   -0.067369
     0.154325   -0.070903
     0.167197   -0.074478
     0.180845   -0.078055
     0.195201   -0.081593
     0.210184   -0.085050
     0.225706   -0.088391
     0.241678   -0.091585
     0.258021   -0.094607
     0.274664   -0.097441
     0.291546   -0.100072
     0.308619   -0.102494
     0.325843   -0.104701
     0.343187   -0.106691
     0.360625   -0.108465
     0.378139   -0.110021
     0.395712   -0.111363
     0.413331   -0.112490
     0.430987   -0.113405
     0.448669   -0.114110
     0.466371   -0.114605
     0.484085   -0.114892
     0.501806   -0.114969
     0.519528   -0.114838
     0.537245   -0.114497
     0.554953   -0.113945
     0.572644   -0.113180
     0.590316   -0.112198
     0.607961   -0.110996
     0.625574   -0.109570
     0.643149   -0.107914
     0.660682   -0.106024
     0.678164   -0.103892
     0.695589   -0.101511
     0.712951   -0.098874
     0.730242   -0.095971
     0.747454   -0.092794
     0.764580   -0.089334
     0.781610   -0.085581
     0.798537   -0.081524
     0.815351   -0.077154
     0.832043   -0.072461
     0.848604   -0.067434
     0.865023   -0.062064
     0.881290   -0.056342
     0.897397   -0.050259
     0.913333   -0.043808
     0.929088   -0.036981
     0.944655   -0.029772
     0.960024   -0.022177
     0.975190   -0.014191
     0.990143   -0.005811
     1.000000    0.000000
