     1.000000    0.000000
     0.990463    0.004898
     0.975996    0.011969
     0.961304    0.018725
     0.946367    0.025174
     0.931161    0.031324
     0.915664    0.037183
     0.899851    0.042757
     0.883697    0.048053
     0.867175    0.053076
     0.850257    0.057833
     0.832912    0.062328
     0.815111    0.066567
     0.796819    0.070557
     0.778004    0.074303
     0.758631    0.077812
     0.738664    0.081090
     0.718069    0.084147
     0.696814    0.086991
     0.674868    0.089633
     0.652206    0.092085
     0.628811    0.094361
     0.604675    0.096475
     0.579807    0.098445
     0.554232    0.100287
     0.528005    0.102020
     0.501206    0.103658
     0.473955    0.105217
     0.446412    0.106704
     0.418781    0.108121
     0.391308    0.109463
     0.364273    0.110713
     0.337973    0.111850
     0.312699    0.112847
     0.288712    0.113674
     0.266210    0.114311
     0.245318    0.114740
     0.226078    0.114957
     0.208460    0.114964
     0.192380    0.114770
     0.177721    0.114387
     0.164351    0.113831
     0.152133    0.113115
     0.140939    0.112254
     0.130650    0.111257
     0.121161    0.110135
     0.112380    0.108894
     0.104226    0.107542
     0.096631    0.106081
     0.089534    0.104516
     0.082887    0.102847
     0.076646    0.101076
     0.070775    0.099203
     0.065243    0.097228
     0.060024    0.095150
     0.055097    0.092967
     0.050444    0.090680
     0.046051    0.088287
     0.041905    0.085787
     0.037997    0.083182
     0.034319    0.080471
     0.030866    0.077658
     0.027631    0.074743
     0.024610    0.071733
     0.021799    0.068632
     0.019195    0.065445
     0.016791    0.062181
     0.014585    0.058847
     0.012568    0.055451
     0.010737    0.052004
     0.009083    0.048513
     0.007600    0.044989
     0.006279    0.041441
     0.005112    0.037877
     0.004090    0.034308
     0.003205    0.030742
     0.002449    0.027186
     0.001813    0.023649
     0.001288    0.020139
     0.000864    0.016662
     0.000533    0.013226
     0.000285    0.009838
     0.000116    0.006502
     0.000022    0.003222
     0.000003    0.001612
     0.000000    0.000000
     0.000047   -0.002972
     0.000214   -0.005932
     0.000504   -0.008894
     0.000917   -0.011852
     0.001462   -0.014799
     0.002148   -0.017726
     0.002981   -0.020627
     0.003968   -0.023494
     0.005113   -0.026321
     0.006420   -0.029100
     0.007892   -0.031825
     0.009532   -0.034487
     0.011341   -0.037080
     0.013319   -0.039600
     0.015465   -0.042040
     0.017779   -0.044398
     0.020261   -0.046671
     0.022909   -0.048856
     0.025723   -0.050954
     0.028705   -0.052963
     0.031855   -0.054885
     0.035178   -0.056720
     0.038676   -0.058470
     0.042356   -0.060136
     0.046226   -0.061718
     0.050293   -0.063217
     0.054571   -0.064635
     0.059070   -0.065972
     0.063808   -0.067227
     0.068801   -0.068400
     0.074071   -0.069488
     0.079641   -0.070490
     0.085539   -0.071403
     0.091795   -0.072221
     0.098445   -0.072940
     0.105529   -0.073552
     0.113091   -0.074049
     0.121183   -0.074421
     0.129860   -0.074654
     0.139185   -0.074734
     0.149224   -0.074645
     0.160050   -0.074366
     0.171735   -0.073877
     0.184355   -0.073154
     0.197979   -0.072173
     0.212670   -0.070910
     0.228477   -0.069343
     0.245432   -0.067454
     0.263547   -0.065230
     0.282815   -0.062665
     0.303207   -0.059762
     0.324679   -0.056531
     0.347171   -0.052990
     0.370609   -0.049167
     0.394898   -0.045100
     0.419901   -0.040838
     0.445414   -0.036447
     0.471116   -0.032017
     0.496667   -0.027643
     0.521856   -0.023393
     0.546576   -0.019312
     0.570781   -0.015432
     0.594456   -0.011776
     0.617604   -0.008360
     0.640237   -0.005196
     0.662369   -0.002294
     0.684014    0.000338
     0.705190    0.002695
     0.725910    0.004770
     0.746191    0.006561
     0.766044    0.008065
     0.785485    0.009280
     0.804525    0.010205
     0.823177    0.010839
     0.841452    0.011183
     0.859359    0.011237
     0.876908    0.011003
     0.894107    0.010482
     0.910960    0.009678
     0.927474    0.008594
     0.943649    0.007235
     0.959484    0.005605
     0.974973    0.003713
     0.990107    0.001567
     1.000000    0.000000
