     1.000000    0.000000
     0.990894    0.004869
     0.977329    0.011686
     0.963683    0.018046
     0.949807    0.024048
     0.935584    0.029757
     0.920896    0.035224
     0.905631    0.040494
     0.889670    0.045602
     0.872884    0.050587
     0.855129    0.055483
     0.836244    0.060330
     0.816052    0.065170
     0.794362    0.070054
     0.770982    0.075034
     0.745749    0.080170
     0.718583    0.085516
     0.689574    0.091108
     0.659090    0.096936
     0.627781    0.102930
     0.596169    0.109026
     0.564563    0.115167
     0.533352    0.121256
     0.503150    0.127126
     0.474425    0.132632
     0.447387    0.137683
     0.422075    0.142231
     0.398435    0.146261
     0.376363    0.149778
     0.355743    0.152796
     0.336452    0.155340
     0.318375    0.157437
     0.301405    0.159112
     0.285446    0.160396
     0.270407    0.161314
     0.256212    0.161891
     0.242789    0.162152
     0.230074    0.162118
     0.218010    0.161810
     0.206548    0.161245
     0.195642    0.160440
     0.185250    0.159410
     0.175336    0.158169
     0.165869    0.156730
     0.156817    0.155102
     0.148156    0.153297
     0.139861    0.151322
     0.131912    0.149187
     0.124290    0.146898
     0.116977    0.144462
     0.109959    0.141886
     0.103221    0.139175
     0.096753    0.136334
     0.090542    0.133368
     0.084580    0.130281
     0.078857    0.127079
     0.073367    0.123764
     0.068103    0.120341
     0.063057    0.116814
     0.058226    0.113186
     0.053605    0.109460
     0.049189    0.105641
     0.044974    0.101732
     0.040959    0.097736
     0.037139    0.093657
     0.033513    0.089498
     0.030078    0.085263
     0.026834    0.080955
     0.023777    0.076577
     0.020908    0.072134
     0.018224    0.067629
     0.015726    0.063065
     0.013412    0.058447
     0.011282    0.053776
     0.009335    0.049058
     0.007572    0.044296
     0.005992    0.039492
     0.004596    0.034651
     0.003383    0.029776
     0.002354    0.024871
     0.001510    0.019938
     0.000852    0.014981
     0.000380    0.010006
     0.000096    0.005013
     0.000024    0.002508
     0.000000    0.000000
     0.000053   -0.004735
     0.000258   -0.009462
     0.000594   -0.013949
     0.001056   -0.018288
     0.001649   -0.022481
     0.002375   -0.026534
     0.003241   -0.030453
     0.004247   -0.034241
     0.005396   -0.037902
     0.006693   -0.041437
     0.008140   -0.044845
     0.009743   -0.048127
     0.011504   -0.051278
     0.013426   -0.054298
     0.015511   -0.057182
     0.017759   -0.059927
     0.020170   -0.062530
     0.022743   -0.064988
     0.025477   -0.067300
     0.028370   -0.069465
     0.031420   -0.071484
     0.034626   -0.073358
     0.037987   -0.075090
     0.041506   -0.076683
     0.045185   -0.078141
     0.049029   -0.079467
     0.053045   -0.080665
     0.057243   -0.081738
     0.061635   -0.082690
     0.066236   -0.083523
     0.071065   -0.084237
     0.076145   -0.084833
     0.081501   -0.085311
     0.087167   -0.085668
     0.093181   -0.085902
     0.099590   -0.086007
     0.106452   -0.085976
     0.113833   -0.085800
     0.121820   -0.085467
     0.130517   -0.084962
     0.140052   -0.084264
     0.150588   -0.083350
     0.162327   -0.082191
     0.175513   -0.080753
     0.190435   -0.079000
     0.207390   -0.076904
     0.226579   -0.074461
     0.247868   -0.071738
     0.270685   -0.068876
     0.294374   -0.066030
     0.318435   -0.063323
     0.342585   -0.060833
     0.366716   -0.058598
     0.390830   -0.056637
     0.414990   -0.054952
     0.439294   -0.053542
     0.463863   -0.052400
     0.488828   -0.051517
     0.514328   -0.050882
     0.540498   -0.050477
     0.567430   -0.050278
     0.595101   -0.050246
     0.623214   -0.050319
     0.651010   -0.050412
     0.677591   -0.050432
     0.702547   -0.050308
     0.725836   -0.049989
     0.747572   -0.049448
     0.767922   -0.048669
     0.787056   -0.047643
     0.805131   -0.046367
     0.822286   -0.044839
     0.838641   -0.043056
     0.854303   -0.041017
     0.869365   -0.038718
     0.883910   -0.036154
     0.898015   -0.033319
     0.911752   -0.030201
     0.925192   -0.026785
     0.938407   -0.023050
     0.951476   -0.018966
     0.964492   -0.014489
     0.977569   -0.009554
     0.990873   -0.004059
     1.000000    0.000000
