     1.000000    0.000000
     0.990361    0.007283
     0.975562    0.018141
     0.960412    0.028854
     0.944972    0.039354
     0.929286    0.049592
     0.913387    0.059528
     0.897297    0.069135
     0.881035    0.078391
     0.864612    0.087281
     0.848036    0.095792
     0.831312    0.103915
     0.814444    0.111643
     0.797435    0.118971
     0.780285    0.125895
     0.762996    0.132412
     0.745569    0.138520
     0.728004    0.144218
     0.710301    0.149507
     0.692461    0.154387
     0.674485    0.158860
     0.656375    0.162926
     0.638131    0.166590
     0.619756    0.169854
     0.601252    0.172722
     0.582623    0.175198
     0.563872    0.177287
     0.545005    0.178994
     0.526027    0.180325
     0.506946    0.181286
     0.487770    0.181883
     0.468509    0.182123
     0.449176    0.182013
     0.429785    0.181558
     0.410353    0.180767
     0.390901    0.179647
     0.371452    0.178204
     0.352037    0.176447
     0.332690    0.174382
     0.313452    0.172018
     0.294373    0.169364
     0.275511    0.166430
     0.256934    0.163227
     0.238717    0.159771
     0.220947    0.156078
     0.203715    0.152167
     0.187113    0.148065
     0.171229    0.143796
     0.156143    0.139391
     0.141915    0.134880
     0.128588    0.130292
     0.116180    0.125653
     0.104688    0.120987
     0.094090    0.116313
     0.084352    0.111646
     0.075429    0.106996
     0.067270    0.102372
     0.059825    0.097780
     0.053042    0.093222
     0.046874    0.088704
     0.041274    0.084227
     0.036202    0.079795
     0.031617    0.075412
     0.027485    0.071082
     0.023773    0.066811
     0.020449    0.062604
     0.017485    0.058468
     0.014852    0.054408
     0.012525    0.050430
     0.010478    0.046540
     0.008687    0.042743
     0.007129    0.039043
     0.005782    0.035442
     0.004625    0.031943
     0.003640    0.028547
     0.002809    0.025255
     0.002116    0.022065
     0.001545    0.018976
     0.001084    0.015986
     0.000719    0.013095
     0.000438    0.010299
     0.000233    0.007596
     0.000096    0.004982
     0.000020    0.002451
     0.000004    0.001226
     0.000000    0.000000
     0.000065   -0.002088
     0.000327   -0.004144
     0.000802   -0.006223
     0.001512   -0.008283
     0.002493   -0.010278
     0.003760   -0.012167
     0.005303   -0.013912
     0.007099   -0.015491
     0.009119   -0.016896
     0.011335   -0.018129
     0.013726   -0.019204
     0.016275   -0.020135
     0.018974   -0.020937
     0.021820   -0.021624
     0.024814   -0.022206
     0.027961   -0.022695
     0.031268   -0.023096
     0.034748   -0.023418
     0.038412   -0.023663
     0.042278   -0.023837
     0.046365   -0.023940
     0.050695   -0.023976
     0.055295   -0.023944
     0.060194   -0.023845
     0.065429   -0.023677
     0.071039   -0.023438
     0.077072   -0.023127
     0.083581   -0.022742
     0.090625   -0.022278
     0.098273   -0.021733
     0.106598   -0.021104
     0.115675   -0.020390
     0.125576   -0.019593
     0.136363   -0.018716
     0.148068   -0.017769
     0.160695   -0.016769
     0.174214   -0.015736
     0.188558   -0.014695
     0.203636   -0.013674
     0.219341   -0.012700
     0.235562   -0.011796
     0.252198   -0.010984
     0.269161   -0.010279
     0.286379   -0.009691
     0.303800   -0.009229
     0.321382   -0.008896
     0.339099   -0.008693
     0.356932   -0.008620
     0.374868   -0.008674
     0.392901   -0.008851
     0.411027   -0.009145
     0.429247   -0.009551
     0.447560   -0.010061
     0.465966   -0.010666
     0.484467   -0.011356
     0.503060   -0.012122
     0.521740   -0.012951
     0.540497   -0.013829
     0.559313   -0.014741
     0.578156   -0.015672
     0.596982   -0.016601
     0.615744   -0.017510
     0.634406   -0.018380
     0.652946   -0.019194
     0.671348   -0.019934
     0.689601   -0.020583
     0.707698   -0.021126
     0.725635   -0.021547
     0.743410   -0.021831
     0.761021   -0.021965
     0.778468   -0.021936
     0.795750   -0.021730
     0.812869   -0.021337
     0.829824   -0.020745
     0.846617   -0.019944
     0.863245   -0.018924
     0.879710   -0.017678
     0.896009   -0.016196
     0.912140   -0.014474
     0.928097   -0.012504
     0.943874   -0.010285
     0.959462   -0.007814
     0.974848   -0.005090
     0.990015   -0.002118
     1.000000    0.000000
