     1.000000    0.000000
     0.988494    0.002210
     0.971107    0.005705
     0.953589    0.009395
     0.935968    0.013248
     0.918264    0.017234
     0.900492    0.021326
     0.882666    0.025496
     0.864796    0.029721
     0.846895    0.033975
     0.828973    0.038235
     0.811043    0.042481
     0.793111    0.046693
     0.775181    0.050855
     0.757254    0.054951
     0.739328    0.058968
     0.721403    0.062895
     0.703476    0.066720
     0.685546    0.070434
     0.667611    0.074028
     0.649670    0.077494
     0.631719    0.080824
     0.613759    0.084013
     0.595789    0.087054
     0.577807    0.089941
     0.559813    0.092670
     0.541808    0.095236
     0.523792    0.097634
     0.505766    0.099861
     0.487731    0.101913
     0.469690    0.103786
     0.451644    0.105477
     0.433597    0.106982
     0.415553    0.108297
     0.397517    0.109419
     0.379496    0.110342
     0.361499    0.111064
     0.343536    0.111577
     0.325622    0.111878
     0.307775    0.111960
     0.290019    0.111815
     0.272386    0.111438
     0.254913    0.110822
     0.237653    0.109959
     0.220665    0.108845
     0.204027    0.107477
     0.187824    0.105854
     0.172153    0.103982
     0.157115    0.101871
     0.142806    0.099539
     0.129308    0.097008
     0.116683    0.094303
     0.104965    0.091454
     0.094161    0.088488
     0.084252    0.085430
     0.075202    0.082303
     0.066960    0.079125
     0.059470    0.075911
     0.052675    0.072671
     0.046516    0.069414
     0.040943    0.066149
     0.035905    0.062882
     0.031360    0.059619
     0.027266    0.056365
     0.023590    0.053128
     0.020297    0.049912
     0.017358    0.046726
     0.014747    0.043576
     0.012436    0.040470
     0.010402    0.037413
     0.008622    0.034414
     0.007073    0.031477
     0.005733    0.028608
     0.004584    0.025811
     0.003605    0.023088
     0.002780    0.020441
     0.002093    0.017872
     0.001528    0.015379
     0.001071    0.012964
     0.000710    0.010625
     0.000433    0.008361
     0.000230    0.006171
     0.000094    0.004050
     0.000019    0.001995
     0.000003    0.000998
     0.000000    0.000000
     0.000387   -0.001869
     0.001586   -0.003323
     0.003323   -0.004293
     0.005301   -0.004839
     0.007400   -0.005140
     0.009592   -0.005268
     0.011871   -0.005266
     0.014236   -0.005163
     0.016691   -0.004976
     0.019243   -0.004714
     0.021900   -0.004386
     0.024670   -0.003994
     0.027564   -0.003542
     0.030592   -0.003030
     0.033769   -0.002460
     0.037108   -0.001829
     0.040626   -0.001137
     0.044340   -0.000381
     0.048273    0.000444
     0.052448    0.001339
     0.056892    0.002312
     0.061637    0.003366
     0.066716    0.004509
     0.072171    0.005747
     0.078046    0.007089
     0.084390    0.008543
     0.091258    0.010117
     0.098707    0.011819
     0.106797    0.013657
     0.115587    0.015635
     0.125132    0.017754
     0.135473    0.020011
     0.146635    0.022396
     0.158617    0.024889
     0.171393    0.027467
     0.184909    0.030095
     0.199089    0.032740
     0.213845    0.035364
     0.229084    0.037931
     0.244716    0.040410
     0.260661    0.042774
     0.276852    0.045001
     0.293233    0.047075
     0.309761    0.048982
     0.326400    0.050712
     0.343126    0.052259
     0.359918    0.053617
     0.376761    0.054783
     0.393645    0.055755
     0.410560    0.056532
     0.427500    0.057114
     0.444460    0.057501
     0.461436    0.057695
     0.478425    0.057698
     0.495424    0.057512
     0.512433    0.057140
     0.529448    0.056586
     0.546470    0.055854
     0.563496    0.054948
     0.580528    0.053874
     0.597565    0.052638
     0.614606    0.051245
     0.631652    0.049702
     0.648703    0.048016
     0.665761    0.046196
     0.682825    0.044249
     0.699897    0.042184
     0.716978    0.040012
     0.734068    0.037741
     0.751168    0.035383
     0.768279    0.032950
     0.785400    0.030453
     0.802529    0.027906
     0.819663    0.025323
     0.836796    0.022719
     0.853920    0.020111
     0.871021    0.017515
     0.888089    0.014950
     0.905113    0.012433
     0.922080    0.009984
     0.938977    0.007620
     0.955787    0.005362
     0.972487    0.003228
     0.989049    0.001239
     1.000000    0.000000
