     1.000000    0.000000
     0.990563    0.004567
     0.976173    0.011238
     0.961512    0.017683
     0.946600    0.023891
     0.931455    0.029856
     0.916089    0.035573
     0.900513    0.041040
     0.884736    0.046258
     0.868767    0.051228
     0.852614    0.055951
     0.836283    0.060431
     0.819782    0.064671
     0.803117    0.068675
     0.786296    0.072447
     0.769327    0.075989
     0.752217    0.079308
     0.734973    0.082405
     0.717605    0.085287
     0.700120    0.087955
     0.682527    0.090415
     0.664836    0.092668
     0.647054    0.094720
     0.629191    0.096572
     0.611256    0.098227
     0.593259    0.099688
     0.575209    0.100957
     0.557115    0.102034
     0.538987    0.102923
     0.520835    0.103623
     0.502667    0.104134
     0.484495    0.104459
     0.466327    0.104595
     0.448176    0.104543
     0.430051    0.104302
     0.411966    0.103872
     0.393933    0.103250
     0.375968    0.102436
     0.358088    0.101429
     0.340312    0.100227
     0.322664    0.098831
     0.305173    0.097240
     0.287874    0.095456
     0.270808    0.093482
     0.254024    0.091325
     0.237583    0.088993
     0.221549    0.086499
     0.206000    0.083862
     0.191013    0.081103
     0.176666    0.078248
     0.163030    0.075327
     0.150161    0.072372
     0.138098    0.069412
     0.126855    0.066475
     0.116427    0.063582
     0.106788    0.060752
     0.097900    0.057997
     0.089712    0.055323
     0.082171    0.052734
     0.075221    0.050229
     0.068809    0.047808
     0.062883    0.045465
     0.057396    0.043196
     0.052307    0.040995
     0.047576    0.038857
     0.043171    0.036776
     0.039061    0.034746
     0.035220    0.032761
     0.031626    0.030817
     0.028258    0.028906
     0.025100    0.027023
     0.022136    0.025164
     0.019355    0.023321
     0.016747    0.021490
     0.014304    0.019665
     0.012021    0.017837
     0.009896    0.016002
     0.007928    0.014149
     0.006122    0.012271
     0.004490    0.010358
     0.003049    0.008400
     0.001823    0.006383
     0.000857    0.004302
     0.000241    0.002172
     0.000075    0.001097
     0.000000    0.000000
     0.000047   -0.002158
     0.000287   -0.004290
     0.000733   -0.006438
     0.001417   -0.008561
     0.002404   -0.010600
     0.003738   -0.012485
     0.005414   -0.014139
     0.007400   -0.015510
     0.009633   -0.016585
     0.012061   -0.017379
     0.014642   -0.017929
     0.017357   -0.018266
     0.020194   -0.018422
     0.023155   -0.018417
     0.026243   -0.018270
     0.029467   -0.017992
     0.032839   -0.017592
     0.036374   -0.017075
     0.040089   -0.016443
     0.044006   -0.015697
     0.048148   -0.014835
     0.052542   -0.013854
     0.057221   -0.012749
     0.062222   -0.011512
     0.067588   -0.010136
     0.073368   -0.008609
     0.079618   -0.006920
     0.086401   -0.005058
     0.093786   -0.003009
     0.101843   -0.000764
     0.110638    0.001683
     0.120228    0.004332
     0.130654    0.007171
     0.141934    0.010179
     0.154054    0.013323
     0.166971    0.016558
     0.180609    0.019829
     0.194878    0.023082
     0.209674    0.026260
     0.224901    0.029316
     0.240470    0.032209
     0.256309    0.034906
     0.272360    0.037385
     0.288581    0.039627
     0.304939    0.041620
     0.321412    0.043357
     0.337987    0.044834
     0.354654    0.046046
     0.371407    0.046996
     0.388247    0.047682
     0.405173    0.048109
     0.422187    0.048277
     0.439294    0.048193
     0.456499    0.047860
     0.473807    0.047284
     0.491225    0.046472
     0.508760    0.045430
     0.526421    0.044167
     0.544215    0.042691
     0.562150    0.041013
     0.580236    0.039145
     0.598478    0.037100
     0.616882    0.034892
     0.635449    0.032538
     0.654174    0.030060
     0.673044    0.027480
     0.692029    0.024828
     0.711078    0.022137
     0.730103    0.019448
     0.749016    0.016803
     0.767757    0.014238
     0.786287    0.011788
     0.804586    0.009482
     0.822640    0.007345
     0.840443    0.005401
     0.857995    0.003671
     0.875296    0.002175
     0.892350    0.000928
     0.909160   -0.000053
     0.925730   -0.000754
     0.942065   -0.001163
     0.958168   -0.001269
     0.974042   -0.001062
     0.989688   -0.000533
     1.000000    0.000000
