     1.000000    0.000000
     0.990228    0.005430
     0.975143    0.013431
     0.959466    0.021289
     0.943134    0.029028
     0.926074    0.036672
     0.908209    0.044248
     0.889460    0.051782
     0.869745    0.059301
     0.848988    0.066828
     0.827127    0.074388
     0.804123    0.081998
     0.779976    0.089665
     0.754741    0.097386
     0.728541    0.105136
     0.701572    0.112871
     0.674097    0.120527
     0.646419    0.128025
     0.618848    0.135279
     0.591669    0.142208
     0.565115    0.148738
     0.539360    0.154816
     0.514516    0.160403
     0.490646    0.165476
     0.467772    0.170027
     0.445891    0.174056
     0.424977    0.177573
     0.404995    0.180592
     0.385903    0.183129
     0.367655    0.185205
     0.350205    0.186840
     0.333508    0.188054
     0.317520    0.188869
     0.302201    0.189305
     0.287513    0.189380
     0.273418    0.189114
     0.259884    0.188524
     0.246881    0.187626
     0.234382    0.186436
     0.222360    0.184969
     0.210793    0.183238
     0.199660    0.181258
     0.188942    0.179040
     0.178622    0.176597
     0.168686    0.173940
     0.159118    0.171081
     0.149907    0.168029
     0.141041    0.164796
     0.132512    0.161391
     0.124309    0.157826
     0.116424    0.154109
     0.108851    0.150252
     0.101583    0.146263
     0.094614    0.142153
     0.087938    0.137932
     0.081549    0.133609
     0.075443    0.129194
     0.069615    0.124696
     0.064061    0.120126
     0.058775    0.115493
     0.053753    0.110805
     0.048990    0.106072
     0.044482    0.101303
     0.040224    0.096506
     0.036211    0.091689
     0.032438    0.086860
     0.028900    0.082026
     0.025592    0.077194
     0.022509    0.072371
     0.019646    0.067562
     0.016998    0.062773
     0.014560    0.058010
     0.012327    0.053276
     0.010295    0.048576
     0.008458    0.043913
     0.006812    0.039292
     0.005353    0.034716
     0.004077    0.030187
     0.002981    0.025707
     0.002061    0.021279
     0.001312    0.016906
     0.000735    0.012590
     0.000327    0.008335
     0.000085    0.004140
     0.000024    0.002071
     0.000000    0.000000
     0.000072   -0.004347
     0.000315   -0.008681
     0.000723   -0.012946
     0.001298   -0.017156
     0.002047   -0.021304
     0.002976   -0.025381
     0.004089   -0.029384
     0.005389   -0.033305
     0.006879   -0.037140
     0.008561   -0.040883
     0.010439   -0.044526
     0.012513   -0.048064
     0.014785   -0.051492
     0.017254   -0.054804
     0.019920   -0.057995
     0.022784   -0.061061
     0.025843   -0.063999
     0.029098   -0.066805
     0.032549   -0.069478
     0.036196   -0.072016
     0.040040   -0.074418
     0.044084   -0.076683
     0.048333   -0.078812
     0.052791   -0.080803
     0.057465   -0.082656
     0.062366   -0.084370
     0.067502   -0.085944
     0.072890   -0.087375
     0.078544   -0.088662
     0.084483   -0.089799
     0.090729   -0.090781
     0.097308   -0.091603
     0.104249   -0.092254
     0.111586   -0.092726
     0.119357   -0.093004
     0.127608   -0.093074
     0.136388   -0.092916
     0.145756   -0.092508
     0.155777   -0.091824
     0.166527   -0.090832
     0.178090   -0.089496
     0.190559   -0.087772
     0.204041   -0.085614
     0.218652   -0.082964
     0.234518   -0.079764
     0.251775   -0.075947
     0.270569   -0.071443
     0.291051   -0.066183
     0.313375   -0.060101
     0.337683   -0.053146
     0.364074   -0.045295
     0.392504   -0.036600
     0.422567   -0.027261
     0.453142   -0.017746
     0.482892   -0.008596
     0.511200   -0.000102
     0.537933    0.007633
     0.563161    0.014595
     0.587018    0.020808
     0.609648    0.026308
     0.631183    0.031135
     0.651742    0.035326
     0.671430    0.038917
     0.690335    0.041939
     0.708539    0.044422
     0.726111    0.046391
     0.743114    0.047869
     0.759605    0.048876
     0.775634    0.049428
     0.791249    0.049541
     0.806491    0.049226
     0.821402    0.048491
     0.836018    0.047343
     0.850377    0.045787
     0.864514    0.043823
     0.878466    0.041447
     0.892271    0.038655
     0.905970    0.035433
     0.919609    0.031765
     0.933246    0.027623
     0.946952    0.022967
     0.960823    0.017736
     0.974999    0.011833
     0.989706    0.005098
     1.000000    0.000000
