     1.000000    0.000000
     0.989281    0.001646
     0.972680    0.004432
     0.955468    0.007610
     0.937673    0.011179
     0.919318    0.015134
     0.900418    0.019470
     0.880982    0.024176
     0.861018    0.029237
     0.840530    0.034634
     0.819530    0.040343
     0.798038    0.046330
     0.776100    0.052552
     0.753803    0.058947
     0.731304    0.065430
     0.708830    0.071892
     0.686566    0.078239
     0.664610    0.084409
     0.643010    0.090355
     0.621779    0.096047
     0.600915    0.101464
     0.580408    0.106589
     0.560243    0.111410
     0.540405    0.115918
     0.520880    0.120105
     0.501654    0.123963
     0.482717    0.127489
     0.464061    0.130676
     0.445677    0.133520
     0.427563    0.136020
     0.409715    0.138170
     0.392132    0.139971
     0.374817    0.141419
     0.357773    0.142516
     0.341006    0.143260
     0.324525    0.143653
     0.308341    0.143697
     0.292467    0.143396
     0.276917    0.142756
     0.261711    0.141783
     0.246868    0.140485
     0.232410    0.138875
     0.218362    0.136965
     0.204746    0.134771
     0.191588    0.132313
     0.178912    0.129611
     0.166739    0.126688
     0.155087    0.123570
     0.143973    0.120282
     0.133404    0.116850
     0.123387    0.113302
     0.113920    0.109662
     0.104997    0.105955
     0.096605    0.102201
     0.088731    0.098421
     0.081354    0.094630
     0.074454    0.090843
     0.068006    0.087071
     0.061989    0.083323
     0.056376    0.079607
     0.051145    0.075927
     0.046272    0.072287
     0.041737    0.068691
     0.037518    0.065138
     0.033596    0.061629
     0.029955    0.058166
     0.026578    0.054746
     0.023450    0.051369
     0.020559    0.048034
     0.017893    0.044740
     0.015441    0.041486
     0.013195    0.038270
     0.011145    0.035092
     0.009286    0.031950
     0.007611    0.028846
     0.006113    0.025777
     0.004790    0.022746
     0.003637    0.019752
     0.002649    0.016797
     0.001822    0.013881
     0.001154    0.011007
     0.000643    0.008180
     0.000285    0.005404
     0.000074    0.002679
     0.000021    0.001341
     0.000000    0.000000
     0.000072   -0.002579
     0.000286   -0.005141
     0.000654   -0.007750
     0.001181   -0.010381
     0.001872   -0.013027
     0.002731   -0.015677
     0.003761   -0.018326
     0.004965   -0.020967
     0.006344   -0.023594
     0.007901   -0.026203
     0.009636   -0.028788
     0.011550   -0.031345
     0.013644   -0.033872
     0.015921   -0.036365
     0.018383   -0.038823
     0.021033   -0.041244
     0.023874   -0.043626
     0.026912   -0.045968
     0.030153   -0.048270
     0.033604   -0.050529
     0.037275   -0.052745
     0.041174   -0.054917
     0.045313   -0.057042
     0.049706   -0.059119
     0.054368   -0.061146
     0.059315   -0.063120
     0.064567   -0.065036
     0.070143   -0.066891
     0.076067   -0.068678
     0.082363   -0.070392
     0.089059   -0.072025
     0.096184   -0.073567
     0.103767   -0.075008
     0.111841   -0.076336
     0.120440   -0.077536
     0.129595   -0.078594
     0.139339   -0.079491
     0.149703   -0.080210
     0.160713   -0.080731
     0.172393   -0.081033
     0.184762   -0.081097
     0.197829   -0.080903
     0.211601   -0.080434
     0.226076   -0.079674
     0.241245   -0.078612
     0.257098   -0.077238
     0.273617   -0.075549
     0.290784   -0.073544
     0.308581   -0.071225
     0.326987   -0.068601
     0.345985   -0.065683
     0.365556   -0.062485
     0.385680   -0.059027
     0.406331   -0.055333
     0.427474   -0.051434
     0.449049   -0.047367
     0.470961   -0.043181
     0.493056   -0.038940
     0.515126   -0.034719
     0.537014   -0.030581
     0.558635   -0.026571
     0.579947   -0.022725
     0.600937   -0.019065
     0.621610   -0.015611
     0.641979   -0.012378
     0.662061   -0.009374
     0.681876   -0.006611
     0.701445   -0.004094
     0.720788   -0.001829
     0.739924    0.000179
     0.758873    0.001926
     0.777651    0.003410
     0.796272    0.004627
     0.814750    0.005577
     0.833094    0.006258
     0.851308    0.006670
     0.869391    0.006816
     0.887332    0.006697
     0.905110    0.006319
     0.922691    0.005692
     0.940020    0.004827
     0.957024    0.003744
     0.973608    0.002467
     0.989656    0.001030
     1.000000    0.000000
