     1.000000    0.000000
     0.990012    0.005475
     0.973557    0.014373
     0.955394    0.024017
     0.935725    0.034249
     0.914852    0.044862
     0.893115    0.055640
     0.870826    0.066394
     0.848238    0.076978
     0.825535    0.087288
     0.802846    0.097253
     0.780258    0.106827
     0.757831    0.115980
     0.735604    0.124695
     0.713602    0.132960
     0.691847    0.140767
     0.670350    0.148115
     0.649121    0.155001
     0.628168    0.161427
     0.607497    0.167395
     0.587113    0.172906
     0.567021    0.177966
     0.547224    0.182578
     0.527728    0.186748
     0.508535    0.190480
     0.489652    0.193781
     0.471081    0.196658
     0.452830    0.199116
     0.434902    0.201165
     0.417304    0.202811
     0.400042    0.204063
     0.383123    0.204930
     0.366554    0.205421
     0.350342    0.205548
     0.334494    0.205319
     0.319018    0.204748
     0.303923    0.203845
     0.289214    0.202624
     0.274900    0.201097
     0.260986    0.199279
     0.247480    0.197184
     0.234386    0.194826
     0.221708    0.192221
     0.209450    0.189384
     0.197614    0.186330
     0.186200    0.183075
     0.175208    0.179635
     0.164635    0.176025
     0.154479    0.172258
     0.144735    0.168350
     0.135398    0.164313
     0.126459    0.160161
     0.117912    0.155904
     0.109748    0.151556
     0.101958    0.147125
     0.094532    0.142620
     0.087460    0.138052
     0.080731    0.133426
     0.074336    0.128749
     0.068265    0.124029
     0.062507    0.119269
     0.057053    0.114475
     0.051893    0.109650
     0.047018    0.104798
     0.042420    0.099922
     0.038092    0.095024
     0.034025    0.090107
     0.030213    0.085173
     0.026649    0.080222
     0.023327    0.075258
     0.020243    0.070280
     0.017391    0.065291
     0.014767    0.060292
     0.012368    0.055283
     0.010189    0.050266
     0.008228    0.045242
     0.006482    0.040213
     0.004948    0.035181
     0.003625    0.030146
     0.002510    0.025111
     0.001602    0.020076
     0.000899    0.015046
     0.000398    0.010023
     0.000100    0.005009
     0.000025    0.002507
     0.000000    0.000000
     0.000050   -0.004408
     0.000236   -0.008807
     0.000544   -0.013050
     0.000971   -0.017191
     0.001518   -0.021230
     0.002189   -0.025166
     0.002987   -0.029002
     0.003913   -0.032739
     0.004968   -0.036377
     0.006155   -0.039916
     0.007475   -0.043357
     0.008931   -0.046697
     0.010524   -0.049937
     0.012255   -0.053073
     0.014127   -0.056105
     0.016140   -0.059030
     0.018294   -0.061846
     0.020590   -0.064551
     0.023027   -0.067143
     0.025606   -0.069622
     0.028325   -0.071985
     0.031184   -0.074233
     0.034183   -0.076366
     0.037323   -0.078384
     0.040604   -0.080289
     0.044028   -0.082081
     0.047598   -0.083762
     0.051318   -0.085333
     0.055193   -0.086797
     0.059230   -0.088154
     0.063437   -0.089406
     0.067823   -0.090554
     0.072402   -0.091598
     0.077187   -0.092538
     0.082194   -0.093373
     0.087444   -0.094102
     0.092958   -0.094722
     0.098764   -0.095231
     0.104893   -0.095623
     0.111380   -0.095893
     0.118270   -0.096034
     0.125612   -0.096036
     0.133466   -0.095887
     0.141903   -0.095575
     0.151009   -0.095081
     0.160885   -0.094384
     0.171654   -0.093460
     0.183465   -0.092277
     0.196492   -0.090800
     0.210946   -0.088987
     0.227066   -0.086793
     0.245107   -0.084174
     0.265307   -0.081097
     0.287784   -0.077561
     0.312354   -0.073637
     0.338299   -0.069504
     0.364753   -0.065370
     0.391166   -0.061380
     0.417296   -0.057611
     0.443092   -0.054100
     0.468606   -0.050855
     0.493936   -0.047872
     0.519202   -0.045144
     0.544534   -0.042659
     0.570071   -0.040400
     0.595956   -0.038353
     0.622331   -0.036497
     0.649318   -0.034809
     0.676975   -0.033258
     0.705196   -0.031807
     0.733535   -0.030415
     0.761087   -0.029047
     0.787153   -0.027660
     0.811527   -0.026206
     0.834254   -0.024646
     0.855483   -0.022949
     0.875392   -0.021092
     0.894152   -0.019060
     0.911921   -0.016837
     0.928840   -0.014413
     0.945034   -0.011774
     0.960618   -0.008907
     0.975697   -0.005796
     0.990374   -0.002416
     1.000000    0.000000
