     1.000000    0.000000
     0.991621    0.009179
     0.978387    0.023312
     0.964506    0.037662
     0.950156    0.051985
     0.935482    0.066093
     0.920605    0.079845
     0.905610    0.093142
     0.890558    0.105924
     0.875491    0.118155
     0.860433    0.129818
     0.845400    0.140909
     0.830397    0.151429
     0.815427    0.161385
     0.800488    0.170789
     0.785574    0.179652
     0.770680    0.187987
     0.755796    0.195807
     0.740912    0.203124
     0.726019    0.209951
     0.711106    0.216298
     0.696162    0.222175
     0.681173    0.227592
     0.666129    0.232556
     0.651017    0.237075
     0.635825    0.241154
     0.620540    0.244797
     0.605149    0.248008
     0.589641    0.250789
     0.574003    0.253141
     0.558225    0.255064
     0.542294    0.256556
     0.526200    0.257616
     0.509935    0.258241
     0.493490    0.258426
     0.476861    0.258168
     0.460042    0.257462
     0.443035    0.256303
     0.425842    0.254685
     0.408471    0.252606
     0.390936    0.250063
     0.373257    0.247055
     0.355462    0.243583
     0.337589    0.239654
     0.319685    0.235277
     0.301808    0.230468
     0.284028    0.225249
     0.266424    0.219650
     0.249086    0.213707
     0.232108    0.207466
     0.215586    0.200977
     0.199615    0.194294
     0.184277    0.187476
     0.169644    0.180579
     0.155768    0.173654
     0.142681    0.166748
     0.130397    0.159900
     0.118911    0.153137
     0.108203    0.146482
     0.098245    0.139947
     0.088997    0.133539
     0.080420    0.127258
     0.072470    0.121101
     0.065104    0.115062
     0.058284    0.109132
     0.051969    0.103302
     0.046127    0.097561
     0.040727    0.091899
     0.035740    0.086305
     0.031142    0.080769
     0.026913    0.075280
     0.023035    0.069831
     0.019492    0.064411
     0.016271    0.059015
     0.013363    0.053635
     0.010758    0.048265
     0.008449    0.042902
     0.006430    0.037541
     0.004695    0.032181
     0.003239    0.026819
     0.002059    0.021455
     0.001151    0.016089
     0.000507    0.010724
     0.000125    0.005364
     0.000031    0.002684
     0.000000    0.000000
     0.000038   -0.003972
     0.000190   -0.007936
     0.000447   -0.011765
     0.000804   -0.015507
     0.001263   -0.019161
     0.001828   -0.022728
     0.002503   -0.026207
     0.003291   -0.029600
     0.004196   -0.032907
     0.005219   -0.036130
     0.006364   -0.039265
     0.007633   -0.042313
     0.009030   -0.045270
     0.010556   -0.048136
     0.012214   -0.050908
     0.014006   -0.053582
     0.015931   -0.056157
     0.017990   -0.058630
     0.020183   -0.060998
     0.022508   -0.063262
     0.024966   -0.065419
     0.027555   -0.067469
     0.030273   -0.069414
     0.033122   -0.071254
     0.036100   -0.072991
     0.039209   -0.074628
     0.042451   -0.076166
     0.045829   -0.077609
     0.049347   -0.078959
     0.053012   -0.080219
     0.056830   -0.081391
     0.060811   -0.082478
     0.064965   -0.083482
     0.069305   -0.084403
     0.073845   -0.085244
     0.078604   -0.086005
     0.083602   -0.086686
     0.088863   -0.087286
     0.094415   -0.087804
     0.100290   -0.088237
     0.106527   -0.088584
     0.113171   -0.088840
     0.120275   -0.088999
     0.127902   -0.089055
     0.136128   -0.088999
     0.145042   -0.088821
     0.154751   -0.088509
     0.165383   -0.088048
     0.177090   -0.087419
     0.190047   -0.086603
     0.204455   -0.085577
     0.220529   -0.084320
     0.238482   -0.082811
     0.258484   -0.081043
     0.280597   -0.079023
     0.304695   -0.076785
     0.330385   -0.074395
     0.357140   -0.071932
     0.384563   -0.069454
     0.412429   -0.066996
     0.440633   -0.064573
     0.469135   -0.062184
     0.497903   -0.059824
     0.526860   -0.057482
     0.555816   -0.055152
     0.584476   -0.052833
     0.612623   -0.050515
     0.640150   -0.048184
     0.667017   -0.045821
     0.693224   -0.043407
     0.718792   -0.040925
     0.743751   -0.038360
     0.768130   -0.035699
     0.791955   -0.032934
     0.815236   -0.030058
     0.837968   -0.027073
     0.860120   -0.023984
     0.881632   -0.020807
     0.902408   -0.017567
     0.922325   -0.014298
     0.941236   -0.011044
     0.958997   -0.007854
     0.975490   -0.004776
     0.990644   -0.001852
     1.000000    0.000000
