     1.000000    0.000000
     0.989630    0.003676
     0.973629    0.009146
     0.957158    0.014527
     0.940296    0.019781
     0.923104    0.024881
     0.905633    0.029810
     0.887920    0.034553
     0.869996    0.039104
     0.851881    0.043460
     0.833593    0.047618
     0.815143    0.051581
     0.796541    0.055352
     0.777796    0.058934
     0.758912    0.062332
     0.739896    0.065551
     0.720752    0.068597
     0.701486    0.071475
     0.682102    0.074192
     0.662607    0.076753
     0.643005    0.079165
     0.623304    0.081433
     0.603510    0.083562
     0.583630    0.085559
     0.563674    0.087427
     0.543651    0.089171
     0.523571    0.090795
     0.503448    0.092302
     0.483294    0.093694
     0.463126    0.094972
     0.442961    0.096138
     0.422821    0.097190
     0.402730    0.098127
     0.382715    0.098945
     0.362812    0.099641
     0.343060    0.100208
     0.323506    0.100640
     0.304206    0.100928
     0.285223    0.101064
     0.266630    0.101040
     0.248509    0.100847
     0.230946    0.100478
     0.214026    0.099928
     0.197832    0.099197
     0.182434    0.098286
     0.167886    0.097200
     0.154221    0.095949
     0.141449    0.094544
     0.129558    0.092996
     0.118521    0.091319
     0.108296    0.089523
     0.098833    0.087619
     0.090080    0.085616
     0.081982    0.083521
     0.074487    0.081341
     0.067547    0.079080
     0.061118    0.076740
     0.055161    0.074326
     0.049639    0.071840
     0.044524    0.069283
     0.039788    0.066659
     0.035408    0.063968
     0.031365    0.061216
     0.027643    0.058406
     0.024226    0.055544
     0.021101    0.052636
     0.018255    0.049690
     0.015678    0.046714
     0.013355    0.043719
     0.011276    0.040715
     0.009427    0.037712
     0.007794    0.034721
     0.006364    0.031751
     0.005121    0.028811
     0.004051    0.025910
     0.003141    0.023055
     0.002375    0.020250
     0.001741    0.017500
     0.001225    0.014809
     0.000815    0.012181
     0.000498    0.009616
     0.000265    0.007118
     0.000108    0.004684
     0.000022    0.002312
     0.000003    0.001157
     0.000000    0.000000
     0.000090   -0.002154
     0.000357   -0.004278
     0.000820   -0.006440
     0.001481   -0.008607
     0.002342   -0.010761
     0.003404   -0.012886
     0.004661   -0.014976
     0.006109   -0.017022
     0.007742   -0.019020
     0.009554   -0.020966
     0.011542   -0.022860
     0.013702   -0.024702
     0.016033   -0.026493
     0.018536   -0.028234
     0.021213   -0.029927
     0.024068   -0.031575
     0.027107   -0.033179
     0.030338   -0.034740
     0.033770   -0.036260
     0.037416   -0.037741
     0.041289   -0.039183
     0.045405   -0.040585
     0.049783   -0.041948
     0.054445   -0.043271
     0.059415   -0.044553
     0.064720   -0.045789
     0.070391   -0.046978
     0.076462   -0.048114
     0.082971   -0.049192
     0.089957   -0.050204
     0.097463   -0.051142
     0.105537   -0.051994
     0.114222   -0.052748
     0.123564   -0.053390
     0.133604   -0.053904
     0.144375   -0.054273
     0.155902   -0.054480
     0.168194   -0.054509
     0.181247   -0.054345
     0.195041   -0.053976
     0.209540   -0.053396
     0.224699   -0.052602
     0.240463   -0.051594
     0.256774   -0.050381
     0.273575   -0.048971
     0.290810   -0.047377
     0.308429   -0.045616
     0.326389   -0.043704
     0.344649   -0.041660
     0.363174   -0.039502
     0.381927   -0.037250
     0.400873   -0.034926
     0.419971   -0.032550
     0.439172   -0.030147
     0.458412   -0.027739
     0.477636   -0.025351
     0.496805   -0.023000
     0.515900   -0.020705
     0.534911   -0.018478
     0.553832   -0.016331
     0.572665   -0.014275
     0.591414   -0.012318
     0.610084   -0.010468
     0.628682   -0.008731
     0.647218   -0.007113
     0.665697   -0.005619
     0.684131   -0.004253
     0.702526   -0.003018
     0.720893   -0.001917
     0.739239   -0.000951
     0.757572   -0.000120
     0.775900    0.000574
     0.794226    0.001135
     0.812555    0.001563
     0.830884    0.001862
     0.849205    0.002038
     0.867501    0.002096
     0.885745    0.002046
     0.903889    0.001898
     0.921864    0.001665
     0.939575    0.001365
     0.956895    0.001015
     0.973676    0.000637
     0.989751    0.000252
     1.000000    0.000000
