     1.000000    0.000000
     0.991969    0.009399
     0.979597    0.023146
     0.966822    0.036466
     0.953630    0.049320
     0.940009    0.061668
     0.925954    0.073469
     0.911461    0.084684
     0.896533    0.095271
     0.881178    0.105191
     0.865408    0.114411
     0.849244    0.122899
     0.832708    0.130633
     0.815831    0.137599
     0.798644    0.143791
     0.781181    0.149214
     0.763479    0.153881
     0.745572    0.157816
     0.727493    0.161048
     0.709271    0.163613
     0.690935    0.165553
     0.672506    0.166912
     0.654005    0.167735
     0.635448    0.168070
     0.616848    0.167961
     0.598215    0.167455
     0.579558    0.166593
     0.560882    0.165418
     0.542192    0.163967
     0.523491    0.162276
     0.504781    0.160380
     0.486064    0.158309
     0.467341    0.156090
     0.448615    0.153749
     0.429886    0.151309
     0.411159    0.148790
     0.392435    0.146209
     0.373721    0.143580
     0.355024    0.140916
     0.336354    0.138225
     0.317725    0.135515
     0.299156    0.132789
     0.280673    0.130046
     0.262311    0.127286
     0.244117    0.124504
     0.226151    0.121691
     0.208490    0.118839
     0.191226    0.115937
     0.174469    0.112975
     0.158339    0.109944
     0.142956    0.106837
     0.128433    0.103650
     0.114858    0.100385
     0.102287    0.097044
     0.090742    0.093632
     0.080210    0.090157
     0.070657    0.086625
     0.062026    0.083043
     0.054257    0.079417
     0.047283    0.075755
     0.041040    0.072065
     0.035470    0.068356
     0.030515    0.064638
     0.026125    0.060926
     0.022250    0.057232
     0.018847    0.053570
     0.015871    0.049955
     0.013282    0.046401
     0.011040    0.042919
     0.009109    0.039521
     0.007454    0.036214
     0.006043    0.033004
     0.004845    0.029894
     0.003836    0.026888
     0.002990    0.023983
     0.002288    0.021180
     0.001710    0.018476
     0.001241    0.015867
     0.000866    0.013352
     0.000570    0.010926
     0.000344    0.008588
     0.000180    0.006331
     0.000072    0.004150
     0.000013    0.002042
     0.000001    0.001021
     0.000000    0.000000
     0.001826   -0.000208
     0.003701    0.000023
     0.005642    0.000266
     0.007657    0.000586
     0.009738    0.000931
     0.011890    0.001292
     0.014121    0.001675
     0.016438    0.002082
     0.018848    0.002508
     0.021356    0.002953
     0.023970    0.003417
     0.026701    0.003903
     0.029557    0.004410
     0.032549    0.004938
     0.035690    0.005490
     0.038992    0.006067
     0.042472    0.006670
     0.046146    0.007301
     0.050035    0.007961
     0.054159    0.008653
     0.058545    0.009379
     0.063220    0.010142
     0.068217    0.010944
     0.073572    0.011787
     0.079326    0.012675
     0.085524    0.013610
     0.092217    0.014595
     0.099458    0.015630
     0.107305    0.016717
     0.115815    0.017855
     0.125044    0.019040
     0.135039    0.020266
     0.145837    0.021524
     0.157452    0.022800
     0.169875    0.024078
     0.183073    0.025335
     0.196986    0.026551
     0.211535    0.027703
     0.226632    0.028769
     0.242185    0.029732
     0.258107    0.030576
     0.274321    0.031291
     0.290761    0.031868
     0.307375    0.032302
     0.324120    0.032590
     0.340962    0.032732
     0.357878    0.032728
     0.374846    0.032579
     0.391854    0.032289
     0.408890    0.031861
     0.425947    0.031298
     0.443019    0.030606
     0.460102    0.029789
     0.477192    0.028854
     0.494287    0.027807
     0.511386    0.026653
     0.528489    0.025401
     0.545594    0.024059
     0.562702    0.022634
     0.579812    0.021135
     0.596924    0.019573
     0.614040    0.017957
     0.631157    0.016298
     0.648277    0.014608
     0.665398    0.012900
     0.682518    0.011186
     0.699635    0.009481
     0.716745    0.007799
     0.733848    0.006157
     0.750943    0.004569
     0.768029    0.003054
     0.785106    0.001628
     0.802174    0.000310
     0.819232   -0.000881
     0.836280   -0.001924
     0.853316   -0.002800
     0.870338   -0.003486
     0.887345   -0.003961
     0.904333   -0.004202
     0.921298   -0.004185
     0.938236   -0.003887
     0.955140   -0.003283
     0.972004   -0.002351
     0.988817   -0.001064
     1.000000    0.000000
