     1.000000    0.000000
     0.992145    0.006965
     0.980119    0.017309
     0.967871    0.027457
     0.955471    0.037333
     0.942967    0.046889
     0.930393    0.056094
     0.917774    0.064928
     0.905125    0.073380
     0.892455    0.081447
     0.879765    0.089130
     0.867054    0.096434
     0.854319    0.103364
     0.841552    0.109928
     0.828746    0.116132
     0.815890    0.121984
     0.802973    0.127492
     0.789984    0.132661
     0.776908    0.137499
     0.763733    0.142011
     0.750443    0.146202
     0.737021    0.150075
     0.723452    0.153634
     0.709717    0.156881
     0.695797    0.159818
     0.681672    0.162445
     0.667320    0.164762
     0.652717    0.166767
     0.637839    0.168458
     0.622659    0.169831
     0.607149    0.170882
     0.591278    0.171605
     0.575013    0.171993
     0.558320    0.172038
     0.541162    0.171732
     0.523499    0.171065
     0.505291    0.170025
     0.486498    0.168602
     0.467079    0.166784
     0.446997    0.164561
     0.426221    0.161923
     0.404735    0.158865
     0.382543    0.155385
     0.359688    0.151495
     0.336263    0.147216
     0.312441    0.142591
     0.288491    0.137688
     0.264783    0.132603
     0.241762    0.127452
     0.219880    0.122360
     0.199508    0.117436
     0.180868    0.112755
     0.164023    0.108356
     0.148904    0.104243
     0.135364    0.100399
     0.123225    0.096795
     0.112305    0.093397
     0.102440    0.090172
     0.093483    0.087091
     0.085308    0.084125
     0.077812    0.081251
     0.070906    0.078446
     0.064519    0.075692
     0.058588    0.072970
     0.053064    0.070266
     0.047906    0.067564
     0.043079    0.064849
     0.038556    0.062110
     0.034312    0.059332
     0.030332    0.056503
     0.026601    0.053611
     0.023110    0.050642
     0.019853    0.047585
     0.016827    0.044428
     0.014033    0.041160
     0.011473    0.037770
     0.009153    0.034248
     0.007078    0.030585
     0.005255    0.026773
     0.003690    0.022802
     0.002392    0.018662
     0.001367    0.014337
     0.000618    0.009807
     0.000152    0.005048
     0.000032    0.002528
     0.000000    0.000000
     0.000042   -0.004436
     0.000207   -0.008865
     0.000482   -0.013111
     0.000860   -0.017240
     0.001343   -0.021256
     0.001934   -0.025159
     0.002635   -0.028956
     0.003448   -0.032648
     0.004375   -0.036239
     0.005417   -0.039733
     0.006575   -0.043129
     0.007852   -0.046428
     0.009250   -0.049632
     0.010772   -0.052741
     0.012418   -0.055754
     0.014191   -0.058670
     0.016091   -0.061489
     0.018120   -0.064210
     0.020277   -0.066831
     0.022564   -0.069354
     0.024980   -0.071777
     0.027526   -0.074100
     0.030202   -0.076324
     0.033007   -0.078450
     0.035944   -0.080480
     0.039014   -0.082414
     0.042218   -0.084256
     0.045561   -0.086007
     0.049046   -0.087670
     0.052680   -0.089247
     0.056468   -0.090741
     0.060419   -0.092153
     0.064543   -0.093486
     0.068851   -0.094742
     0.073358   -0.095922
     0.078079   -0.097027
     0.083034   -0.098058
     0.088243   -0.099015
     0.093732   -0.099898
     0.099531   -0.100706
     0.105672   -0.101437
     0.112197   -0.102088
     0.119150   -0.102657
     0.126586   -0.103138
     0.134568   -0.103525
     0.143170   -0.103811
     0.152477   -0.103987
     0.162589   -0.104041
     0.173621   -0.103960
     0.185703   -0.103726
     0.198976   -0.103322
     0.213588   -0.102727
     0.229685   -0.101920
     0.247388   -0.100882
     0.266772   -0.099596
     0.287839   -0.098055
     0.310498   -0.096262
     0.334568   -0.094229
     0.359792   -0.091977
     0.385880   -0.089534
     0.412547   -0.086924
     0.439544   -0.084168
     0.466675   -0.081280
     0.493801   -0.078271
     0.520833   -0.075141
     0.547726   -0.071890
     0.574471   -0.068513
     0.601084   -0.065001
     0.627605   -0.061345
     0.654090   -0.057535
     0.680608   -0.053559
     0.707236   -0.049408
     0.734051   -0.045073
     0.761113   -0.040554
     0.788436   -0.035865
     0.815922   -0.031047
     0.843263   -0.026190
     0.869846   -0.021449
     0.894912   -0.017007
     0.918037   -0.012979
     0.939092   -0.009410
     0.958116   -0.006299
     0.975235   -0.003620
     0.990614   -0.001333
     1.000000    0.000000
