     1.000000    0.000000
     0.991550    0.006877
     0.978053    0.017649
     0.963662    0.028850
     0.948527    0.040315
     0.932804    0.051887
     0.916642    0.063424
     0.900173    0.074809
     0.883504    0.085953
     0.866720    0.096788
     0.849884    0.107268
     0.833046    0.117358
     0.816244    0.127036
     0.799506    0.136288
     0.782854    0.145104
     0.766305    0.153481
     0.749871    0.161415
     0.733561    0.168909
     0.717384    0.175963
     0.701343    0.182582
     0.685442    0.188771
     0.669684    0.194536
     0.654068    0.199881
     0.638594    0.204814
     0.623260    0.209342
     0.608065    0.213470
     0.593006    0.217206
     0.578079    0.220556
     0.563281    0.223527
     0.548607    0.226124
     0.534052    0.228354
     0.519614    0.230222
     0.505286    0.231732
     0.491064    0.232891
     0.476943    0.233700
     0.462920    0.234166
     0.448988    0.234290
     0.435145    0.234076
     0.421385    0.233527
     0.407707    0.232644
     0.394105    0.231429
     0.380577    0.229884
     0.367121    0.228010
     0.353734    0.225808
     0.340417    0.223278
     0.327168    0.220421
     0.313988    0.217238
     0.300878    0.213730
     0.287842    0.209898
     0.274884    0.205744
     0.262009    0.201271
     0.249226    0.196481
     0.236544    0.191380
     0.223976    0.185975
     0.211538    0.180275
     0.199247    0.174292
     0.187127    0.168040
     0.175202    0.161540
     0.163503    0.154816
     0.152062    0.147896
     0.140915    0.140815
     0.130101    0.133612
     0.119657    0.126330
     0.109621    0.119017
     0.100025    0.111719
     0.090899    0.104486
     0.082262    0.097359
     0.074125    0.090378
     0.066493    0.083576
     0.059360    0.076976
     0.052712    0.070594
     0.046532    0.064441
     0.040796    0.058517
     0.035479    0.052819
     0.030555    0.047338
     0.025999    0.042064
     0.021787    0.036981
     0.017897    0.032071
     0.014312    0.027315
     0.011020    0.022689
     0.008015    0.018164
     0.005305    0.013707
     0.002937    0.009264
     0.000990    0.004752
     0.000331    0.002416
     0.000000    0.000000
     0.000042   -0.004286
     0.000208   -0.008565
     0.000487   -0.012682
     0.000873   -0.016693
     0.001369   -0.020601
     0.001979   -0.024407
     0.002708   -0.028112
     0.003559   -0.031718
     0.004533   -0.035228
     0.005635   -0.038643
     0.006866   -0.041961
     0.008230   -0.045182
     0.009730   -0.048307
     0.011369   -0.051331
     0.013149   -0.054255
     0.015071   -0.057076
     0.017136   -0.059793
     0.019346   -0.062402
     0.021699   -0.064905
     0.024195   -0.067300
     0.026835   -0.069587
     0.029618   -0.071767
     0.032544   -0.073841
     0.035615   -0.075812
     0.038833   -0.077683
     0.042200   -0.079456
     0.045721   -0.081134
     0.049403   -0.082722
     0.053252   -0.084222
     0.057278   -0.085638
     0.061494   -0.086973
     0.065912   -0.088230
     0.070550   -0.089412
     0.075428   -0.090520
     0.080569   -0.091556
     0.086001   -0.092522
     0.091756   -0.093419
     0.097873   -0.094246
     0.104397   -0.095004
     0.111382   -0.095691
     0.118894   -0.096306
     0.127008   -0.096845
     0.135820   -0.097304
     0.145439   -0.097678
     0.156002   -0.097961
     0.167666   -0.098144
     0.180620   -0.098217
     0.195074   -0.098171
     0.211254   -0.097993
     0.229378   -0.097674
     0.249607   -0.097210
     0.271987   -0.096600
     0.296386   -0.095854
     0.322472   -0.094992
     0.349758   -0.094032
     0.377702   -0.092990
     0.405809   -0.091873
     0.433699   -0.090678
     0.461114   -0.089398
     0.487906   -0.088017
     0.514006   -0.086521
     0.539398   -0.084895
     0.564100   -0.083125
     0.588151   -0.081197
     0.611599   -0.079101
     0.634500   -0.076825
     0.656910   -0.074360
     0.678886   -0.071697
     0.700482   -0.068828
     0.721750   -0.065745
     0.742740   -0.062440
     0.763497   -0.058908
     0.784061   -0.055143
     0.804464   -0.051141
     0.824727   -0.046900
     0.844856   -0.042427
     0.864834   -0.037732
     0.884611   -0.032838
     0.904091   -0.027786
     0.923129   -0.022637
     0.941528   -0.017473
     0.959055   -0.012393
     0.975487   -0.007501
     0.990647   -0.002889
     1.000000    0.000000
