     1.000000    0.000000
     0.988462    0.001649
     0.971005    0.004401
     0.953386    0.007473
     0.935629    0.010834
     0.917754    0.014460
     0.899773    0.018322
     0.881697    0.022393
     0.863535    0.026649
     0.845294    0.031061
     0.826978    0.035604
     0.808596    0.040253
     0.790155    0.044981
     0.771666    0.049763
     0.753147    0.054572
     0.734618    0.059380
     0.716101    0.064161
     0.697606    0.068893
     0.679139    0.073555
     0.660702    0.078129
     0.642297    0.082598
     0.623921    0.086947
     0.605572    0.091162
     0.587249    0.095228
     0.568949    0.099134
     0.550671    0.102866
     0.532413    0.106412
     0.514176    0.109761
     0.495958    0.112901
     0.477761    0.115821
     0.459586    0.118509
     0.441436    0.120955
     0.423316    0.123148
     0.405230    0.125076
     0.387187    0.126729
     0.369194    0.128094
     0.351264    0.129162
     0.333411    0.129922
     0.315654    0.130361
     0.298016    0.130470
     0.280525    0.130238
     0.263217    0.129658
     0.246136    0.128721
     0.229332    0.127424
     0.212867    0.125767
     0.196812    0.123754
     0.181244    0.121397
     0.166247    0.118714
     0.151901    0.115732
     0.138283    0.112485
     0.125454    0.109013
     0.113460    0.105359
     0.102322    0.101567
     0.092041    0.097679
     0.082600    0.093732
     0.073964    0.089758
     0.066088    0.085784
     0.058922    0.081829
     0.052413    0.077909
     0.046508    0.074035
     0.041156    0.070215
     0.036309    0.066456
     0.031926    0.062760
     0.027966    0.059131
     0.024392    0.055571
     0.021174    0.052080
     0.018282    0.048661
     0.015690    0.045315
     0.013373    0.042042
     0.011309    0.038843
     0.009480    0.035720
     0.007866    0.032673
     0.006450    0.029702
     0.005215    0.026809
     0.004148    0.023995
     0.003234    0.021257
     0.002460    0.018598
     0.001813    0.016015
     0.001283    0.013508
     0.000858    0.011076
     0.000529    0.008720
     0.000286    0.006439
     0.000122    0.004227
     0.000029    0.002082
     0.000007    0.001042
     0.000000    0.000000
     0.000174   -0.001920
     0.000769   -0.003720
     0.001803   -0.005424
     0.003224   -0.006898
     0.004944   -0.008127
     0.006872   -0.009146
     0.008964   -0.009994
     0.011193   -0.010705
     0.013547   -0.011307
     0.016021   -0.011819
     0.018615   -0.012256
     0.021335   -0.012631
     0.024186   -0.012950
     0.027177   -0.013222
     0.030319   -0.013451
     0.033625   -0.013643
     0.037110   -0.013799
     0.040789   -0.013923
     0.044684   -0.014017
     0.048815   -0.014084
     0.053209   -0.014124
     0.057895   -0.014140
     0.062906   -0.014133
     0.068281   -0.014103
     0.074062   -0.014053
     0.080297   -0.013985
     0.087040   -0.013900
     0.094347   -0.013802
     0.102281   -0.013694
     0.110901   -0.013582
     0.120267   -0.013470
     0.130428   -0.013369
     0.141420   -0.013286
     0.153257   -0.013233
     0.165927   -0.013221
     0.179390   -0.013262
     0.193581   -0.013366
     0.208417   -0.013540
     0.223804   -0.013791
     0.239649   -0.014120
     0.255866   -0.014528
     0.272379   -0.015011
     0.289125   -0.015565
     0.306056   -0.016183
     0.323130   -0.016857
     0.340317   -0.017579
     0.357592   -0.018341
     0.374935   -0.019131
     0.392328   -0.019941
     0.409753   -0.020760
     0.427193   -0.021577
     0.444629   -0.022381
     0.462053   -0.023163
     0.479456   -0.023913
     0.496835   -0.024619
     0.514185   -0.025275
     0.531506   -0.025869
     0.548797   -0.026394
     0.566057   -0.026841
     0.583287   -0.027203
     0.600489   -0.027472
     0.617662   -0.027640
     0.634810   -0.027703
     0.651933   -0.027653
     0.669033   -0.027486
     0.686113   -0.027197
     0.703173   -0.026782
     0.720216   -0.026238
     0.737244   -0.025562
     0.754260   -0.024753
     0.771264   -0.023809
     0.788258   -0.022732
     0.805243   -0.021522
     0.822220   -0.020183
     0.839188   -0.018717
     0.856143   -0.017130
     0.873081   -0.015428
     0.889992   -0.013622
     0.906862   -0.011721
     0.923669   -0.009739
     0.940383   -0.007694
     0.956960   -0.005603
     0.973341   -0.003492
     0.989452   -0.001387
     1.000000    0.000000
