     1.000000    0.000000
     0.988997    0.002388
     0.972241    0.006171
     0.955221    0.010175
     0.937986    0.014364
     0.920573    0.018705
     0.903015    0.023164
     0.885341    0.027708
     0.867583    0.032305
     0.849775    0.036921
     0.831948    0.041525
     0.814124    0.046087
     0.796318    0.050585
     0.778534    0.054998
     0.760776    0.059308
     0.743042    0.063499
     0.725331    0.067557
     0.707641    0.071470
     0.689967    0.075226
     0.672308    0.078814
     0.654659    0.082226
     0.637018    0.085452
     0.619383    0.088484
     0.601751    0.091316
     0.584122    0.093940
     0.566493    0.096352
     0.548864    0.098545
     0.531235    0.100514
     0.513607    0.102256
     0.495980    0.103766
     0.478356    0.105042
     0.460737    0.106079
     0.443126    0.106875
     0.425526    0.107429
     0.407943    0.107737
     0.390383    0.107798
     0.372854    0.107612
     0.355366    0.107176
     0.337933    0.106492
     0.320571    0.105558
     0.303302    0.104376
     0.286154    0.102947
     0.269163    0.101277
     0.252373    0.099371
     0.235841    0.097239
     0.219634    0.094894
     0.203832    0.092354
     0.188522    0.089643
     0.173799    0.086790
     0.159753    0.083829
     0.146464    0.080796
     0.133992    0.077728
     0.122371    0.074658
     0.111611    0.071616
     0.101693    0.068623
     0.092581    0.065696
     0.084226    0.062844
     0.076568    0.060072
     0.069548    0.057381
     0.063107    0.054767
     0.057189    0.052227
     0.051743    0.049755
     0.046723    0.047346
     0.042088    0.044993
     0.037802    0.042689
     0.033833    0.040428
     0.030155    0.038204
     0.026745    0.036011
     0.023582    0.033842
     0.020650    0.031694
     0.017937    0.029559
     0.015429    0.027434
     0.013120    0.025315
     0.011002    0.023196
     0.009071    0.021076
     0.007325    0.018951
     0.005764    0.016821
     0.004388    0.014685
     0.003199    0.012546
     0.002199    0.010407
     0.001388    0.008272
     0.000767    0.006155
     0.000336    0.004067
     0.000085    0.002016
     0.000023    0.001011
     0.000000    0.000000
     0.000230   -0.001939
     0.000871   -0.003755
     0.001913   -0.005498
     0.003256   -0.007099
     0.004836   -0.008567
     0.006604   -0.009928
     0.008536   -0.011201
     0.010613   -0.012403
     0.012829   -0.013550
     0.015179   -0.014654
     0.017667   -0.015724
     0.020295   -0.016769
     0.023070   -0.017795
     0.026001   -0.018810
     0.029099   -0.019817
     0.032375   -0.020824
     0.035847   -0.021833
     0.039529   -0.022850
     0.043444   -0.023878
     0.047614   -0.024924
     0.052065   -0.025991
     0.056830   -0.027084
     0.061942   -0.028207
     0.067441   -0.029367
     0.073372   -0.030568
     0.079785   -0.031816
     0.086734   -0.033115
     0.094278   -0.034471
     0.102479   -0.035887
     0.111397   -0.037366
     0.121089   -0.038910
     0.131598   -0.040514
     0.142950   -0.042174
     0.155149   -0.043878
     0.168166   -0.045610
     0.181947   -0.047353
     0.196411   -0.049083
     0.211466   -0.050780
     0.227011   -0.052421
     0.242950   -0.053986
     0.259197   -0.055459
     0.275680   -0.056824
     0.292337   -0.058069
     0.309123   -0.059185
     0.326001   -0.060163
     0.342945   -0.060997
     0.359933   -0.061679
     0.376951   -0.062206
     0.393988   -0.062573
     0.411037   -0.062777
     0.428092   -0.062815
     0.445150   -0.062684
     0.462208   -0.062382
     0.479266   -0.061909
     0.496322   -0.061262
     0.513378   -0.060443
     0.530434   -0.059451
     0.547491   -0.058288
     0.564551   -0.056956
     0.581617   -0.055457
     0.598692   -0.053795
     0.615778   -0.051975
     0.632878   -0.050001
     0.649996   -0.047881
     0.667137   -0.045622
     0.684302   -0.043234
     0.701496   -0.040726
     0.718719   -0.038111
     0.735974   -0.035404
     0.753257   -0.032621
     0.770561   -0.029780
     0.787875   -0.026905
     0.805176   -0.024022
     0.822434   -0.021159
     0.839623   -0.018347
     0.856726   -0.015617
     0.873728   -0.012998
     0.890620   -0.010523
     0.907393   -0.008221
     0.924043   -0.006125
     0.940565   -0.004266
     0.956954   -0.002677
     0.973208   -0.001389
     0.989325   -0.000437
     1.000000    0.000000
