     1.000000    0.000000
     0.992676    0.008161
     0.981696    0.019884
     0.970697    0.031049
     0.959655    0.041697
     0.948546    0.051864
     0.937349    0.061580
     0.926050    0.070869
     0.914633    0.079749
     0.903084    0.088238
     0.891389    0.096351
     0.879533    0.104100
     0.867504    0.111498
     0.855285    0.118553
     0.842863    0.125275
     0.830222    0.131671
     0.817348    0.137748
     0.804225    0.143510
     0.790836    0.148963
     0.777167    0.154109
     0.763201    0.158951
     0.748925    0.163488
     0.734322    0.167722
     0.719381    0.171652
     0.704090    0.175274
     0.688439    0.178587
     0.672421    0.181586
     0.656035    0.184268
     0.639281    0.186626
     0.622165    0.188655
     0.604698    0.190350
     0.586899    0.191704
     0.568790    0.192713
     0.550401    0.193370
     0.531767    0.193673
     0.512931    0.193617
     0.493936    0.193201
     0.474830    0.192424
     0.455666    0.191287
     0.436492    0.189792
     0.417362    0.187942
     0.398324    0.185743
     0.379426    0.183200
     0.360713    0.180321
     0.342229    0.177115
     0.324014    0.173591
     0.306106    0.169761
     0.288541    0.165639
     0.271355    0.161239
     0.254585    0.156579
     0.238263    0.151679
     0.222427    0.146562
     0.207113    0.141254
     0.192355    0.135786
     0.178188    0.130191
     0.164645    0.124504
     0.151754    0.118764
     0.139538    0.113009
     0.128010    0.107278
     0.117176    0.101605
     0.107033    0.096022
     0.097567    0.090556
     0.088757    0.085227
     0.080573    0.080051
     0.072983    0.075038
     0.065949    0.070192
     0.059434    0.065514
     0.053400    0.061000
     0.047809    0.056647
     0.042626    0.052446
     0.037818    0.048389
     0.033356    0.044466
     0.029212    0.040667
     0.025362    0.036982
     0.021786    0.033400
     0.018466    0.029908
     0.015386    0.026496
     0.012536    0.023151
     0.009909    0.019859
     0.007504    0.016603
     0.005328    0.013367
     0.003405    0.010125
     0.001768    0.006844
     0.000543    0.003487
     0.000180    0.001765
     0.000000    0.000000
     0.000052   -0.003177
     0.000220   -0.006345
     0.000508   -0.009524
     0.000916   -0.012706
     0.001451   -0.015887
     0.002115   -0.019059
     0.002915   -0.022219
     0.003853   -0.025361
     0.004933   -0.028481
     0.006156   -0.031575
     0.007526   -0.034637
     0.009044   -0.037664
     0.010712   -0.040652
     0.012532   -0.043596
     0.014505   -0.046492
     0.016631   -0.049339
     0.018913   -0.052132
     0.021351   -0.054869
     0.023947   -0.057549
     0.026703   -0.060168
     0.029620   -0.062727
     0.032701   -0.065223
     0.035949   -0.067655
     0.039369   -0.070024
     0.042964   -0.072327
     0.046741   -0.074564
     0.050705   -0.076734
     0.054865   -0.078837
     0.059228   -0.080871
     0.063806   -0.082836
     0.068608   -0.084729
     0.073648   -0.086549
     0.078941   -0.088294
     0.084501   -0.089960
     0.090348   -0.091545
     0.096502   -0.093044
     0.102984   -0.094452
     0.109820   -0.095764
     0.117037   -0.096973
     0.124665   -0.098071
     0.132736   -0.099048
     0.141287   -0.099895
     0.150355   -0.100598
     0.159983   -0.101145
     0.170214   -0.101519
     0.181094   -0.101704
     0.192672   -0.101681
     0.204995   -0.101430
     0.218113   -0.100931
     0.232074   -0.100161
     0.246924   -0.099098
     0.262706   -0.097723
     0.279461   -0.096015
     0.297223   -0.093958
     0.316025   -0.091538
     0.335894   -0.088745
     0.356852   -0.085577
     0.378914   -0.082035
     0.402085   -0.078131
     0.426346   -0.073886
     0.451634   -0.069339
     0.477805   -0.064551
     0.504566   -0.059618
     0.531440   -0.054675
     0.558043   -0.049837
     0.584197   -0.045172
     0.609845   -0.040719
     0.635001   -0.036498
     0.659706   -0.032519
     0.684016   -0.028785
     0.707990   -0.025296
     0.731685   -0.022050
     0.755150   -0.019044
     0.778430   -0.016275
     0.801553   -0.013739
     0.824531   -0.011431
     0.847344   -0.009349
     0.869930   -0.007486
     0.892170   -0.005838
     0.913871   -0.004397
     0.934769   -0.003154
     0.954559   -0.002092
     0.972952   -0.001195
     0.989741   -0.000437
     1.000000    0.000000
