     1.000000    0.000000
     0.990367    0.006302
     0.975015    0.016145
     0.958767    0.026286
     0.941860    0.036520
     0.924510    0.046669
     0.906896    0.056595
     0.889144    0.066202
     0.871337    0.075426
     0.853523    0.084234
     0.835727    0.092608
     0.817957    0.100541
     0.800207    0.108035
     0.782468    0.115094
     0.764724    0.121726
     0.746958    0.127938
     0.729149    0.133738
     0.711277    0.139134
     0.693320    0.144132
     0.675256    0.148741
     0.657063    0.152963
     0.638719    0.156805
     0.620203    0.160270
     0.601493    0.163360
     0.582570    0.166078
     0.563415    0.168423
     0.544010    0.170398
     0.524342    0.172000
     0.504401    0.173231
     0.484181    0.174088
     0.463686    0.174571
     0.442926    0.174680
     0.421925    0.174416
     0.400724    0.173781
     0.379381    0.172782
     0.357980    0.171427
     0.336627    0.169730
     0.315456    0.167712
     0.294626    0.165399
     0.274310    0.162825
     0.254681    0.160030
     0.235903    0.157055
     0.218106    0.153945
     0.201382    0.150739
     0.185775    0.147472
     0.171288    0.144174
     0.157886    0.140863
     0.145513    0.137554
     0.134097    0.134255
     0.123558    0.130967
     0.113819    0.127692
     0.104803    0.124426
     0.096442    0.121165
     0.088673    0.117903
     0.081439    0.114635
     0.074692    0.111353
     0.068390    0.108052
     0.062494    0.104725
     0.056974    0.101367
     0.051802    0.097970
     0.046955    0.094532
     0.042414    0.091045
     0.038163    0.087508
     0.034187    0.083916
     0.030475    0.080267
     0.027018    0.076560
     0.023807    0.072795
     0.020834    0.068971
     0.018094    0.065092
     0.015579    0.061161
     0.013284    0.057180
     0.011202    0.053155
     0.009326    0.049092
     0.007651    0.044997
     0.006167    0.040876
     0.004868    0.036738
     0.003745    0.032589
     0.002789    0.028438
     0.001992    0.024293
     0.001344    0.020161
     0.000836    0.016051
     0.000454    0.011972
     0.000191    0.007934
     0.000041    0.003942
     0.000007    0.001972
     0.000000    0.000000
     0.000037   -0.003199
     0.000179   -0.006391
     0.000421   -0.009550
     0.000765   -0.012683
     0.001211   -0.015788
     0.001767   -0.018859
     0.002438   -0.021893
     0.003228   -0.024885
     0.004140   -0.027831
     0.005178   -0.030730
     0.006343   -0.033577
     0.007639   -0.036366
     0.009069   -0.039095
     0.010633   -0.041760
     0.012332   -0.044356
     0.014168   -0.046880
     0.016140   -0.049331
     0.018249   -0.051704
     0.020494   -0.053998
     0.022874   -0.056213
     0.025389   -0.058347
     0.028041   -0.060400
     0.030829   -0.062372
     0.033754   -0.064265
     0.036819   -0.066079
     0.040026   -0.067816
     0.043380   -0.069476
     0.046885   -0.071063
     0.050547   -0.072576
     0.054375   -0.074017
     0.058376   -0.075388
     0.062562   -0.076689
     0.066944   -0.077921
     0.071537   -0.079084
     0.076357   -0.080178
     0.081422   -0.081203
     0.086754   -0.082156
     0.092378   -0.083037
     0.098321   -0.083843
     0.104615   -0.084570
     0.111297   -0.085215
     0.118408   -0.085771
     0.125996   -0.086232
     0.134114   -0.086590
     0.142823   -0.086836
     0.152192   -0.086957
     0.162296   -0.086941
     0.173219   -0.086771
     0.185050   -0.086431
     0.197883   -0.085901
     0.211812   -0.085161
     0.226924   -0.084191
     0.243295   -0.082970
     0.260982   -0.081485
     0.280013   -0.079723
     0.300383   -0.077682
     0.322055   -0.075366
     0.344959   -0.072788
     0.368998   -0.069968
     0.394060   -0.066933
     0.420017   -0.063715
     0.446731   -0.060346
     0.474049   -0.056866
     0.501791   -0.053312
     0.529736   -0.049732
     0.557677   -0.046166
     0.585500   -0.042641
     0.613145   -0.039175
     0.640582   -0.035780
     0.667796   -0.032468
     0.694771   -0.029246
     0.721489   -0.026122
     0.747921   -0.023107
     0.774025   -0.020209
     0.799740   -0.017442
     0.824977   -0.014818
     0.849617   -0.012352
     0.873504   -0.010061
     0.896448   -0.007962
     0.918238   -0.006070
     0.938666   -0.004392
     0.957563   -0.002930
     0.974834   -0.001676
     0.990461   -0.000613
     1.000000    0.000000
