     1.000000    0.000000
     0.991444    0.009086
     0.978362    0.022591
     0.964997    0.035918
     0.951365    0.049023
     0.937480    0.061873
     0.923348    0.074441
     0.908975    0.086700
     0.894367    0.098629
     0.879526    0.110205
     0.864454    0.121407
     0.849155    0.132217
     0.833631    0.142613
     0.817885    0.152578
     0.801920    0.162091
     0.785742    0.171135
     0.769354    0.179690
     0.752765    0.187739
     0.735980    0.195264
     0.719008    0.202250
     0.701858    0.208680
     0.684541    0.214541
     0.667068    0.219821
     0.649452    0.224506
     0.631705    0.228590
     0.613843    0.232063
     0.595879    0.234920
     0.577829    0.237158
     0.559709    0.238775
     0.541534    0.239773
     0.523321    0.240154
     0.505085    0.239922
     0.486842    0.239086
     0.468608    0.237652
     0.450398    0.235632
     0.432226    0.233037
     0.414107    0.229880
     0.396055    0.226176
     0.378086    0.221939
     0.360212    0.217188
     0.342451    0.211940
     0.324818    0.206214
     0.307332    0.200032
     0.290015    0.193418
     0.272893    0.186398
     0.255999    0.179006
     0.239373    0.171280
     0.223066    0.163265
     0.207140    0.155018
     0.191672    0.146610
     0.176748    0.138120
     0.162463    0.129644
     0.148911    0.121279
     0.136174    0.113126
     0.124316    0.105274
     0.113367    0.097795
     0.103327    0.090737
     0.094166    0.084123
     0.085833    0.077959
     0.078262    0.072229
     0.071381    0.066910
     0.065117    0.061972
     0.059402    0.057382
     0.054175    0.053108
     0.049378    0.049120
     0.044962    0.045389
     0.040885    0.041889
     0.037107    0.038595
     0.033597    0.035488
     0.030326    0.032549
     0.027271    0.029761
     0.024409    0.027110
     0.021724    0.024582
     0.019200    0.022165
     0.016822    0.019850
     0.014579    0.017626
     0.012463    0.015484
     0.010465    0.013416
     0.008578    0.011413
     0.006794    0.009469
     0.005121    0.007571
     0.003568    0.005705
     0.002119    0.003862
     0.000819    0.002009
     0.000336    0.001040
     0.000000    0.000000
     0.000358   -0.001912
     0.001231   -0.003627
     0.002509   -0.005212
     0.004021   -0.006651
     0.005714   -0.007984
     0.007560   -0.009240
     0.009537   -0.010437
     0.011638   -0.011590
     0.013860   -0.012709
     0.016204   -0.013805
     0.018672   -0.014883
     0.021271   -0.015949
     0.024007   -0.017009
     0.026887   -0.018066
     0.029923   -0.019126
     0.033125   -0.020191
     0.036508   -0.021264
     0.040088   -0.022350
     0.043881   -0.023451
     0.047908   -0.024572
     0.052192   -0.025714
     0.056759   -0.026882
     0.061640   -0.028078
     0.066868   -0.029307
     0.072481   -0.030571
     0.078522   -0.031873
     0.085036   -0.033217
     0.092075   -0.034604
     0.099693   -0.036036
     0.107945   -0.037512
     0.116888   -0.039032
     0.126571   -0.040590
     0.137036   -0.042180
     0.148306   -0.043791
     0.160388   -0.045408
     0.173263   -0.047015
     0.186885   -0.048593
     0.201191   -0.050120
     0.216100   -0.051577
     0.231525   -0.052948
     0.247379   -0.054216
     0.263580   -0.055371
     0.280057   -0.056403
     0.296751   -0.057306
     0.313612   -0.058076
     0.330601   -0.058711
     0.347688   -0.059210
     0.364850   -0.059572
     0.382068   -0.059798
     0.399329   -0.059888
     0.416623   -0.059843
     0.433942   -0.059665
     0.451280   -0.059355
     0.468633   -0.058914
     0.485997   -0.058345
     0.503369   -0.057649
     0.520749   -0.056828
     0.538134   -0.055885
     0.555524   -0.054821
     0.572918   -0.053639
     0.590315   -0.052342
     0.607717   -0.050932
     0.625122   -0.049413
     0.642531   -0.047788
     0.659945   -0.046060
     0.677363   -0.044234
     0.694786   -0.042313
     0.712216   -0.040302
     0.729652   -0.038206
     0.747094   -0.036030
     0.764543   -0.033780
     0.781999   -0.031462
     0.799459   -0.029082
     0.816923   -0.026648
     0.834387   -0.024167
     0.851844   -0.021648
     0.869287   -0.019101
     0.886703   -0.016536
     0.904074   -0.013966
     0.921373   -0.011403
     0.938567   -0.008863
     0.955616   -0.006360
     0.972476   -0.003912
     0.989089   -0.001537
     1.000000    0.000000
