     1.000000    0.000000
     0.990271    0.004027
     0.974495    0.010377
     0.957216    0.017093
     0.938392    0.024165
     0.918004    0.031578
     0.896073    0.039309
     0.872666    0.047331
     0.847902    0.055605
     0.821966    0.064078
     0.795104    0.072684
     0.767614    0.081335
     0.739821    0.089935
     0.712049    0.098381
     0.684583    0.106579
     0.657659    0.114443
     0.631446    0.121910
     0.606057    0.128931
     0.581553    0.135475
     0.557959    0.141525
     0.535273    0.147076
     0.513474    0.152129
     0.492531    0.156693
     0.472407    0.160778
     0.453062    0.164400
     0.434454    0.167575
     0.416543    0.170318
     0.399292    0.172646
     0.382663    0.174577
     0.366623    0.176128
     0.351139    0.177313
     0.336183    0.178149
     0.321728    0.178651
     0.307748    0.178832
     0.294221    0.178706
     0.281127    0.178287
     0.268446    0.177587
     0.256163    0.176617
     0.244261    0.175390
     0.232728    0.173916
     0.221550    0.172206
     0.210718    0.170270
     0.200221    0.168119
     0.190051    0.165763
     0.180200    0.163212
     0.170662    0.160476
     0.161430    0.157565
     0.152501    0.154488
     0.143870    0.151257
     0.135531    0.147880
     0.127483    0.144369
     0.119721    0.140733
     0.112242    0.136983
     0.105044    0.133129
     0.098123    0.129180
     0.091475    0.125147
     0.085098    0.121040
     0.078989    0.116869
     0.073142    0.112642
     0.067555    0.108368
     0.062223    0.104056
     0.057141    0.099714
     0.052305    0.095348
     0.047710    0.090966
     0.043350    0.086574
     0.039221    0.082177
     0.035317    0.077779
     0.031633    0.073386
     0.028165    0.068999
     0.024906    0.064622
     0.021853    0.060257
     0.019002    0.055905
     0.016349    0.051566
     0.013890    0.047241
     0.011625    0.042929
     0.009551    0.038629
     0.007667    0.034339
     0.005976    0.030057
     0.004479    0.025781
     0.003180    0.021506
     0.002086    0.017228
     0.001204    0.012943
     0.000552    0.008650
     0.000150    0.004342
     0.000043    0.002174
     0.000000    0.000000
     0.000042   -0.003930
     0.000201   -0.007852
     0.000471   -0.011672
     0.000847   -0.015422
     0.001331   -0.019101
     0.001929   -0.022706
     0.002644   -0.026238
     0.003479   -0.029694
     0.004437   -0.033075
     0.005519   -0.036380
     0.006728   -0.039607
     0.008067   -0.042754
     0.009537   -0.045819
     0.011140   -0.048802
     0.012878   -0.051698
     0.014752   -0.054507
     0.016762   -0.057227
     0.018909   -0.059855
     0.021192   -0.062391
     0.023612   -0.064835
     0.026169   -0.067184
     0.028862   -0.069440
     0.031693   -0.071604
     0.034662   -0.073676
     0.037771   -0.075657
     0.041022   -0.077550
     0.044419   -0.079357
     0.047966   -0.081079
     0.051669   -0.082717
     0.055535   -0.084275
     0.059573   -0.085755
     0.063792   -0.087156
     0.068204   -0.088481
     0.072824   -0.089731
     0.077667   -0.090907
     0.082752   -0.092007
     0.088100   -0.093033
     0.093737   -0.093982
     0.099689   -0.094853
     0.105991   -0.095643
     0.112678   -0.096349
     0.119795   -0.096966
     0.127390   -0.097488
     0.135521   -0.097906
     0.144252   -0.098213
     0.153656   -0.098397
     0.163817   -0.098445
     0.174827   -0.098340
     0.186785   -0.098064
     0.199797   -0.097597
     0.213970   -0.096915
     0.229403   -0.095997
     0.246181   -0.094817
     0.264360   -0.093357
     0.283957   -0.091601
     0.304945   -0.089542
     0.327248   -0.087181
     0.350754   -0.084525
     0.375325   -0.081591
     0.400815   -0.078399
     0.427084   -0.074970
     0.454010   -0.071325
     0.481499   -0.067482
     0.509480   -0.063459
     0.537907   -0.059269
     0.566750   -0.054926
     0.595978   -0.050446
     0.625533   -0.045854
     0.655272   -0.041193
     0.684890   -0.036538
     0.713934   -0.031993
     0.742069   -0.027642
     0.769107   -0.023548
     0.794950   -0.019753
     0.819562   -0.016284
     0.842944   -0.013158
     0.865122   -0.010384
     0.886135   -0.007960
     0.906031   -0.005882
     0.924858   -0.004139
     0.942667   -0.002720
     0.959506   -0.001607
     0.975419   -0.000783
     0.990445   -0.000231
     1.000000    0.000000
