     1.000000    0.000000
     0.988870    0.004737
     0.972174    0.012160
     0.955462    0.019925
     0.938724    0.027966
     0.921957    0.036227
     0.905155    0.044651
     0.888318    0.053184
     0.871452    0.061769
     0.854569    0.070352
     0.837679    0.078879
     0.820781    0.087307
     0.803872    0.095598
     0.786943    0.103716
     0.769986    0.111630
     0.752992    0.119309
     0.735954    0.126726
     0.718861    0.133853
     0.701709    0.140666
     0.684490    0.147139
     0.667202    0.153249
     0.649840    0.158974
     0.632404    0.164291
     0.614894    0.169180
     0.597310    0.173624
     0.579658    0.177603
     0.561940    0.181103
     0.544163    0.184110
     0.526334    0.186613
     0.508462    0.188602
     0.490555    0.190070
     0.472624    0.191012
     0.454681    0.191427
     0.436735    0.191314
     0.418801    0.190676
     0.400889    0.189517
     0.383014    0.187846
     0.365190    0.185669
     0.347432    0.183000
     0.329757    0.179850
     0.312182    0.176234
     0.294732    0.172172
     0.277431    0.167682
     0.260311    0.162788
     0.243413    0.157520
     0.226786    0.151912
     0.210490    0.146004
     0.194600    0.139848
     0.179199    0.133503
     0.164383    0.127039
     0.150250    0.120532
     0.136890    0.114062
     0.124379    0.107707
     0.112765    0.101533
     0.102067    0.095594
     0.092272    0.089926
     0.083344    0.084547
     0.075228    0.079462
     0.067859    0.074664
     0.061166    0.070139
     0.055083    0.065867
     0.049545    0.061829
     0.044496    0.058004
     0.039883    0.054372
     0.035661    0.050912
     0.031790    0.047608
     0.028236    0.044442
     0.024969    0.041400
     0.021964    0.038469
     0.019199    0.035636
     0.016658    0.032890
     0.014324    0.030221
     0.012187    0.027622
     0.010235    0.025083
     0.008461    0.022599
     0.006859    0.020162
     0.005425    0.017768
     0.004159    0.015414
     0.003059    0.013096
     0.002124    0.010812
     0.001355    0.008562
     0.000759    0.006351
     0.000340    0.004187
     0.000092    0.002071
     0.000028    0.001038
     0.000000    0.000000
     0.000420   -0.001850
     0.001544   -0.003357
     0.003130   -0.004557
     0.004945   -0.005486
     0.006913   -0.006252
     0.009001   -0.006902
     0.011196   -0.007466
     0.013494   -0.007967
     0.015897   -0.008421
     0.018409   -0.008836
     0.021034   -0.009222
     0.023781   -0.009583
     0.026659   -0.009926
     0.029677   -0.010253
     0.032846   -0.010569
     0.036182   -0.010877
     0.039698   -0.011179
     0.043412   -0.011478
     0.047345   -0.011777
     0.051517   -0.012078
     0.055955   -0.012385
     0.060687   -0.012700
     0.065748   -0.013027
     0.071173   -0.013370
     0.077006   -0.013732
     0.083294   -0.014118
     0.090087   -0.014533
     0.097442   -0.014983
     0.105417   -0.015475
     0.114074   -0.016016
     0.123469   -0.016613
     0.133651   -0.017273
     0.144656   -0.018003
     0.156500   -0.018808
     0.169171   -0.019690
     0.182633   -0.020650
     0.196820   -0.021685
     0.211650   -0.022786
     0.227029   -0.023945
     0.242859   -0.025150
     0.259050   -0.026387
     0.275517   -0.027643
     0.292191   -0.028903
     0.309014   -0.030155
     0.325944   -0.031386
     0.342948   -0.032584
     0.360000   -0.033737
     0.377083   -0.034834
     0.394184   -0.035866
     0.411294   -0.036823
     0.428406   -0.037696
     0.445516   -0.038476
     0.462621   -0.039156
     0.479718   -0.039727
     0.496808   -0.040183
     0.513888   -0.040517
     0.530958   -0.040723
     0.548019   -0.040796
     0.565072   -0.040731
     0.582115   -0.040524
     0.599150   -0.040171
     0.616177   -0.039671
     0.633198   -0.039022
     0.650213   -0.038222
     0.667223   -0.037273
     0.684231   -0.036175
     0.701236   -0.034931
     0.718241   -0.033544
     0.735248   -0.032020
     0.752258   -0.030365
     0.769273   -0.028586
     0.786294   -0.026692
     0.803323   -0.024694
     0.820358   -0.022605
     0.837399   -0.020439
     0.854442   -0.018214
     0.871479   -0.015949
     0.888498   -0.013665
     0.905481   -0.011389
     0.922405   -0.009146
     0.939251   -0.006966
     0.955999   -0.004879
     0.972625   -0.002914
     0.989105   -0.001106
     1.000000    0.000000
