     1.000000    0.000000
     0.992076    0.006876
     0.980331    0.016520
     0.968665    0.025487
     0.957010    0.033860
     0.945315    0.041691
     0.933543    0.049021
     0.921668    0.055878
     0.909664    0.062281
     0.897513    0.068247
     0.885196    0.073787
     0.872696    0.078912
     0.859997    0.083629
     0.847083    0.087945
     0.833937    0.091867
     0.820544    0.095398
     0.806887    0.098545
     0.792949    0.101310
     0.778712    0.103698
     0.764157    0.105714
     0.749267    0.107359
     0.734023    0.108640
     0.718405    0.109561
     0.702395    0.110128
     0.685974    0.110345
     0.669125    0.110223
     0.651830    0.109768
     0.634074    0.108993
     0.615846    0.107910
     0.597134    0.106536
     0.577933    0.104888
     0.558243    0.102988
     0.538069    0.100861
     0.517427    0.098534
     0.496345    0.096041
     0.474869    0.093415
     0.453071    0.090697
     0.431058    0.087931
     0.408971    0.085164
     0.386920    0.082433
     0.364969    0.079767
     0.343152    0.077185
     0.321496    0.074701
     0.300031    0.072323
     0.278809    0.070057
     0.257919    0.067905
     0.237497    0.065870
     0.217733    0.063950
     0.198865    0.062147
     0.181148    0.060457
     0.164771    0.058873
     0.149811    0.057384
     0.136247    0.055972
     0.123995    0.054622
     0.112935    0.053319
     0.102938    0.052050
     0.093876    0.050803
     0.085632    0.049569
     0.078103    0.048339
     0.071199    0.047105
     0.064842    0.045862
     0.058968    0.044602
     0.053521    0.043320
     0.048455    0.042010
     0.043731    0.040666
     0.039316    0.039282
     0.035184    0.037853
     0.031311    0.036371
     0.027681    0.034831
     0.024281    0.033224
     0.021100    0.031545
     0.018132    0.029787
     0.015375    0.027941
     0.012831    0.026004
     0.010504    0.023971
     0.008399    0.021840
     0.006527    0.019615
     0.004893    0.017302
     0.003505    0.014914
     0.002362    0.012467
     0.001463    0.009978
     0.000794    0.007469
     0.000335    0.004964
     0.000074    0.002475
     0.000014    0.001240
     0.000000    0.000000
     0.000049   -0.002305
     0.000244   -0.004592
     0.000592   -0.006907
     0.001102   -0.009229
     0.001794   -0.011541
     0.002691   -0.013822
     0.003803   -0.016054
     0.005138   -0.018215
     0.006695   -0.020289
     0.008470   -0.022261
     0.010455   -0.024120
     0.012641   -0.025863
     0.015017   -0.027489
     0.017576   -0.029002
     0.020312   -0.030408
     0.023225   -0.031713
     0.026315   -0.032925
     0.029588   -0.034050
     0.033051   -0.035096
     0.036715   -0.036069
     0.040595   -0.036974
     0.044708   -0.037816
     0.049077   -0.038599
     0.053726   -0.039327
     0.058687   -0.040003
     0.063996   -0.040629
     0.069696   -0.041208
     0.075837   -0.041742
     0.082477   -0.042233
     0.089686   -0.042681
     0.097542   -0.043088
     0.106136   -0.043457
     0.115570   -0.043790
     0.125950   -0.044090
     0.137387   -0.044363
     0.149976   -0.044615
     0.163780   -0.044859
     0.178805   -0.045108
     0.194969   -0.045379
     0.212125   -0.045688
     0.230094   -0.046053
     0.248702   -0.046486
     0.267798   -0.046999
     0.287265   -0.047595
     0.307018   -0.048278
     0.327003   -0.049046
     0.347183   -0.049895
     0.367533   -0.050817
     0.388034   -0.051804
     0.408661   -0.052842
     0.429379   -0.053915
     0.450126   -0.055005
     0.470811   -0.056088
     0.491347   -0.057139
     0.511676   -0.058138
     0.531761   -0.059061
     0.551577   -0.059890
     0.571109   -0.060606
     0.590350   -0.061192
     0.609298   -0.061631
     0.627952   -0.061910
     0.646315   -0.062014
     0.664392   -0.061932
     0.682189   -0.061652
     0.699711   -0.061164
     0.716966   -0.060458
     0.733962   -0.059527
     0.750706   -0.058362
     0.767208   -0.056957
     0.783475   -0.055304
     0.799515   -0.053400
     0.815337   -0.051237
     0.830949   -0.048812
     0.846359   -0.046120
     0.861576   -0.043158
     0.876606   -0.039921
     0.891457   -0.036406
     0.906135   -0.032611
     0.920648   -0.028533
     0.935001   -0.024170
     0.949199   -0.019520
     0.963246   -0.014582
     0.977147   -0.009355
     0.990903   -0.003839
     1.000000    0.000000
