     1.000000    0.000000
     0.991509    0.002290
     0.978103    0.006050
     0.963825    0.010237
     0.948620    0.014859
     0.932466    0.019913
     0.915379    0.025374
     0.897468    0.031172
     0.878995    0.037178
     0.860360    0.043213
     0.841873    0.049128
     0.823705    0.054828
     0.805932    0.060260
     0.788567    0.065400
     0.771590    0.070238
     0.754971    0.074773
     0.738670    0.079012
     0.722649    0.082959
     0.706871    0.086621
     0.691302    0.090007
     0.675909    0.093121
     0.660665    0.095971
     0.645542    0.098562
     0.630517    0.100898
     0.615566    0.102983
     0.600671    0.104822
     0.585810    0.106416
     0.570967    0.107769
     0.556124    0.108882
     0.541265    0.109758
     0.526375    0.110397
     0.511439    0.110800
     0.496444    0.110968
     0.481375    0.110902
     0.466220    0.110601
     0.450967    0.110066
     0.435605    0.109297
     0.420122    0.108293
     0.404510    0.107055
     0.388760    0.105582
     0.372866    0.103875
     0.356826    0.101937
     0.340639    0.099768
     0.324312    0.097373
     0.307858    0.094757
     0.291299    0.091928
     0.274671    0.088899
     0.258028    0.085687
     0.241444    0.082316
     0.225016    0.078816
     0.208867    0.075227
     0.193139    0.071595
     0.177986    0.067973
     0.163552    0.064413
     0.149958    0.060962
     0.137285    0.057657
     0.125569    0.054524
     0.114801    0.051575
     0.104940    0.048809
     0.095922    0.046222
     0.087673    0.043799
     0.080118    0.041527
     0.073180    0.039389
     0.066793    0.037370
     0.060894    0.035456
     0.055428    0.033632
     0.050348    0.031886
     0.045611    0.030206
     0.041183    0.028580
     0.037032    0.027000
     0.033131    0.025454
     0.029458    0.023933
     0.025993    0.022429
     0.022721    0.020930
     0.019629    0.019427
     0.016706    0.017907
     0.013946    0.016357
     0.011347    0.014761
     0.008912    0.013097
     0.006654    0.011341
     0.004600    0.009460
     0.002798    0.007414
     0.001335    0.005153
     0.000355    0.002676
     0.000096    0.001360
     0.000000    0.000000
     0.000033   -0.003001
     0.000187   -0.005992
     0.000455   -0.008931
     0.000837   -0.011831
     0.001343   -0.014686
     0.001987   -0.017486
     0.002781   -0.020225
     0.003737   -0.022892
     0.004865   -0.025477
     0.006173   -0.027969
     0.007666   -0.030352
     0.009351   -0.032613
     0.011225   -0.034739
     0.013285   -0.036718
     0.015525   -0.038544
     0.017937   -0.040212
     0.020510   -0.041721
     0.023239   -0.043077
     0.026117   -0.044282
     0.029141   -0.045346
     0.032311   -0.046274
     0.035629   -0.047073
     0.039102   -0.047751
     0.042737   -0.048313
     0.046546   -0.048763
     0.050544   -0.049106
     0.054748   -0.049343
     0.059182   -0.049475
     0.063870   -0.049503
     0.068844   -0.049425
     0.074142   -0.049238
     0.079809   -0.048937
     0.085897   -0.048515
     0.092474   -0.047965
     0.099617   -0.047276
     0.107422   -0.046433
     0.116005   -0.045423
     0.125503   -0.044227
     0.136072   -0.042826
     0.147880   -0.041205
     0.161076   -0.039356
     0.175723   -0.037295
     0.191740   -0.035067
     0.208927   -0.032744
     0.227024   -0.030404
     0.245766   -0.028126
     0.264937   -0.025971
     0.284381   -0.023981
     0.304006   -0.022187
     0.323765   -0.020603
     0.343644   -0.019240
     0.363652   -0.018100
     0.383812   -0.017185
     0.404158   -0.016492
     0.424728   -0.016019
     0.445567   -0.015762
     0.466725   -0.015715
     0.488252   -0.015870
     0.510200   -0.016219
     0.532615   -0.016749
     0.555530   -0.017443
     0.578945   -0.018277
     0.602793   -0.019217
     0.626888   -0.020216
     0.650870   -0.021213
     0.674365   -0.022144
     0.697160   -0.022957
     0.719170   -0.023614
     0.740381   -0.024085
     0.760816   -0.024351
     0.780519   -0.024396
     0.799538   -0.024209
     0.817924   -0.023784
     0.835727   -0.023114
     0.852994   -0.022196
     0.869769   -0.021027
     0.886094   -0.019604
     0.902006   -0.017925
     0.917541   -0.015988
     0.932733   -0.013791
     0.947613   -0.011332
     0.962212   -0.008606
     0.976560   -0.005611
     0.990684   -0.002339
     1.000000    0.000000
