     1.000000    0.000000
     0.988608    0.003681
     0.971465    0.009688
     0.954146    0.016277
     0.936582    0.023409
     0.918722    0.031051
     0.900533    0.039160
     0.882004    0.047685
     0.863145    0.056560
     0.844000    0.065699
     0.824654    0.074995
     0.805245    0.084314
     0.785901    0.093533
     0.766690    0.102561
     0.747644    0.111334
     0.728770    0.119807
     0.710063    0.127948
     0.691511    0.135730
     0.673100    0.143135
     0.654814    0.150146
     0.636637    0.156750
     0.618557    0.162935
     0.600560    0.168692
     0.582636    0.174011
     0.564775    0.178885
     0.546970    0.183306
     0.529212    0.187270
     0.511498    0.190769
     0.493823    0.193799
     0.476185    0.196357
     0.458582    0.198439
     0.441015    0.200041
     0.423486    0.201164
     0.405998    0.201804
     0.388557    0.201961
     0.371171    0.201636
     0.353849    0.200831
     0.336604    0.199547
     0.319454    0.197789
     0.302416    0.195563
     0.285517    0.192874
     0.268784    0.189735
     0.252254    0.186157
     0.235968    0.182158
     0.219975    0.177760
     0.204329    0.172988
     0.189092    0.167878
     0.174331    0.162466
     0.160114    0.156801
     0.146508    0.150933
     0.133575    0.144917
     0.121367    0.138810
     0.109921    0.132667
     0.099257    0.126539
     0.089380    0.120470
     0.080277    0.114497
     0.071923    0.108648
     0.064282    0.102942
     0.057312    0.097392
     0.050968    0.092005
     0.045202    0.086783
     0.039970    0.081724
     0.035227    0.076824
     0.030934    0.072080
     0.027053    0.067485
     0.023549    0.063033
     0.020393    0.058719
     0.017556    0.054536
     0.015012    0.050480
     0.012739    0.046546
     0.010716    0.042730
     0.008923    0.039027
     0.007343    0.035434
     0.005959    0.031949
     0.004756    0.028569
     0.003721    0.025291
     0.002839    0.022113
     0.002100    0.019031
     0.001490    0.016045
     0.000999    0.013151
     0.000618    0.010349
     0.000336    0.007637
     0.000145    0.005012
     0.000035    0.002467
     0.000009    0.001234
     0.000000    0.000000
     0.000058   -0.002047
     0.000295   -0.004066
     0.000723   -0.006110
     0.001361   -0.008146
     0.002236   -0.010137
     0.003370   -0.012047
     0.004758   -0.013848
     0.006387   -0.015513
     0.008236   -0.017033
     0.010281   -0.018406
     0.012504   -0.019637
     0.014887   -0.020739
     0.017422   -0.021722
     0.020103   -0.022600
     0.022930   -0.023382
     0.025904   -0.024080
     0.029033   -0.024700
     0.032323   -0.025251
     0.035787   -0.025737
     0.039438   -0.026163
     0.043291   -0.026534
     0.047366   -0.026852
     0.051685   -0.027120
     0.056274   -0.027340
     0.061162   -0.027513
     0.066384   -0.027640
     0.071980   -0.027721
     0.077995   -0.027758
     0.084480   -0.027749
     0.091495   -0.027696
     0.099105   -0.027597
     0.107380   -0.027454
     0.116397   -0.027268
     0.126229   -0.027041
     0.136942   -0.026777
     0.148585   -0.026483
     0.161174   -0.026167
     0.174692   -0.025841
     0.189087   -0.025517
     0.204277   -0.025208
     0.220162   -0.024926
     0.236636   -0.024681
     0.253595   -0.024479
     0.270947   -0.024325
     0.288616   -0.024218
     0.306538   -0.024156
     0.324664   -0.024136
     0.342955   -0.024152
     0.361378   -0.024196
     0.379900   -0.024260
     0.398491   -0.024335
     0.417114   -0.024412
     0.435732   -0.024481
     0.454320   -0.024532
     0.472860   -0.024555
     0.491344   -0.024543
     0.509766   -0.024486
     0.528125   -0.024376
     0.546423   -0.024207
     0.564664   -0.023971
     0.582852   -0.023663
     0.600994   -0.023279
     0.619097   -0.022812
     0.637171   -0.022261
     0.655224   -0.021622
     0.673265   -0.020894
     0.691304   -0.020076
     0.709351   -0.019167
     0.727416   -0.018171
     0.745507   -0.017090
     0.763629   -0.015929
     0.781787   -0.014694
     0.799976   -0.013395
     0.818185   -0.012045
     0.836391   -0.010657
     0.854551   -0.009252
     0.872596   -0.007852
     0.890448   -0.006486
     0.908035   -0.005178
     0.925297   -0.003954
     0.942180   -0.002839
     0.958630   -0.001855
     0.974595   -0.001019
     0.990026   -0.000351
     1.000000    0.000000
