     1.000000    0.000000
     0.989740    0.004468
     0.974193    0.011057
     0.958482    0.017491
     0.942633    0.023744
     0.926664    0.029797
     0.910590    0.035634
     0.894423    0.041242
     0.878169    0.046609
     0.861834    0.051726
     0.845424    0.056584
     0.828943    0.061177
     0.812393    0.065499
     0.795779    0.069546
     0.779103    0.073312
     0.762369    0.076796
     0.745579    0.079996
     0.728737    0.082909
     0.711845    0.085535
     0.694908    0.087876
     0.677928    0.089932
     0.660910    0.091704
     0.643855    0.093197
     0.626768    0.094413
     0.609651    0.095356
     0.592508    0.096032
     0.575343    0.096444
     0.558157    0.096600
     0.540954    0.096506
     0.523737    0.096168
     0.506509    0.095593
     0.489272    0.094788
     0.472029    0.093763
     0.454783    0.092524
     0.437537    0.091079
     0.420295    0.089438
     0.403061    0.087609
     0.385841    0.085601
     0.368641    0.083423
     0.351470    0.081085
     0.334341    0.078597
     0.317269    0.075971
     0.300279    0.073220
     0.283398    0.070356
     0.266669    0.067397
     0.250142    0.064362
     0.233885    0.061274
     0.217980    0.058158
     0.202523    0.055044
     0.187619    0.051965
     0.173373    0.048954
     0.159881    0.046043
     0.147218    0.043258
     0.135427    0.040618
     0.124521    0.038137
     0.114481    0.035816
     0.105266    0.033655
     0.096818    0.031644
     0.089072    0.029775
     0.081962    0.028034
     0.075421    0.026410
     0.069391    0.024891
     0.063815    0.023466
     0.058645    0.022124
     0.053837    0.020856
     0.049353    0.019654
     0.045159    0.018509
     0.041225    0.017414
     0.037526    0.016365
     0.034040    0.015354
     0.030748    0.014376
     0.027633    0.013427
     0.024680    0.012502
     0.021876    0.011595
     0.019210    0.010703
     0.016672    0.009819
     0.014255    0.008939
     0.011953    0.008054
     0.009762    0.007158
     0.007678    0.006237
     0.005703    0.005277
     0.003862    0.004251
     0.002167    0.003110
     0.000716    0.001755
     0.000248    0.000941
     0.000000    0.000000
     0.000413   -0.001847
     0.001530   -0.003351
     0.003115   -0.004548
     0.004934   -0.005468
     0.006907   -0.006222
     0.009003   -0.006860
     0.011209   -0.007412
     0.013521   -0.007902
     0.015941   -0.008344
     0.018475   -0.008749
     0.021127   -0.009124
     0.023908   -0.009476
     0.026825   -0.009810
     0.029891   -0.010129
     0.033119   -0.010437
     0.036524   -0.010738
     0.040123   -0.011034
     0.043935   -0.011328
     0.047983   -0.011622
     0.052293   -0.011920
     0.056893   -0.012224
     0.061816   -0.012537
     0.067102   -0.012862
     0.072793   -0.013204
     0.078938   -0.013565
     0.085591   -0.013950
     0.092809   -0.014364
     0.100657   -0.014811
     0.109198   -0.015297
     0.118496   -0.015825
     0.128603   -0.016402
     0.139559   -0.017028
     0.151379   -0.017704
     0.164051   -0.018428
     0.177529   -0.019192
     0.191739   -0.019989
     0.206587   -0.020804
     0.221968   -0.021623
     0.237777   -0.022429
     0.253919   -0.023207
     0.270313   -0.023940
     0.286891   -0.024615
     0.303602   -0.025217
     0.320405   -0.025734
     0.337272   -0.026156
     0.354180   -0.026472
     0.371114   -0.026674
     0.388064   -0.026753
     0.405021   -0.026704
     0.421981   -0.026519
     0.438941   -0.026195
     0.455899   -0.025727
     0.472853   -0.025113
     0.489805   -0.024351
     0.506754   -0.023441
     0.523701   -0.022384
     0.540649   -0.021181
     0.557599   -0.019837
     0.574553   -0.018357
     0.591513   -0.016748
     0.608481   -0.015018
     0.625460   -0.013177
     0.642450   -0.011239
     0.659452   -0.009219
     0.676463   -0.007134
     0.693478   -0.005004
     0.710487   -0.002855
     0.727474   -0.000712
     0.744420    0.001393
     0.761315    0.003430
     0.778148    0.005364
     0.794913    0.007160
     0.811604    0.008780
     0.828216    0.010186
     0.844746    0.011336
     0.861191    0.012187
     0.877547    0.012695
     0.893813    0.012814
     0.909986    0.012497
     0.926065    0.011695
     0.942051    0.010358
     0.957947    0.008434
     0.973764    0.005869
     0.989512    0.002600
     1.000000    0.000000
