     1.000000    0.000000
     0.990497    0.005365
     0.976035    0.013112
     0.961260    0.020539
     0.946130    0.027682
     0.930607    0.034568
     0.914658    0.041223
     0.898256    0.047669
     0.881377    0.053926
     0.864007    0.060012
     0.846134    0.065945
     0.827759    0.071740
     0.808890    0.077411
     0.789548    0.082970
     0.769763    0.088425
     0.749578    0.093782
     0.729047    0.099041
     0.708234    0.104199
     0.687209    0.109250
     0.666046    0.114181
     0.644820    0.118979
     0.623604    0.123625
     0.602468    0.128099
     0.581472    0.132380
     0.560673    0.136445
     0.540115    0.140274
     0.519838    0.143846
     0.499871    0.147142
     0.480240    0.150143
     0.460962    0.152835
     0.442049    0.155203
     0.423511    0.157236
     0.405353    0.158924
     0.387578    0.160259
     0.370187    0.161235
     0.353179    0.161847
     0.336553    0.162093
     0.320307    0.161971
     0.304441    0.161481
     0.288952    0.160624
     0.273840    0.159403
     0.259106    0.157823
     0.244752    0.155889
     0.230782    0.153609
     0.217202    0.150994
     0.204019    0.148055
     0.191243    0.144808
     0.178887    0.141269
     0.166963    0.137460
     0.155485    0.133406
     0.144470    0.129133
     0.133931    0.124671
     0.123882    0.120055
     0.114335    0.115318
     0.105295    0.110496
     0.096768    0.105624
     0.088751    0.100736
     0.081237    0.095863
     0.074214    0.091033
     0.067667    0.086268
     0.061576    0.081589
     0.055918    0.077011
     0.050669    0.072544
     0.045803    0.068197
     0.041296    0.063973
     0.037122    0.059873
     0.033257    0.055898
     0.029680    0.052045
     0.026369    0.048310
     0.023305    0.044688
     0.020471    0.041175
     0.017850    0.037765
     0.015430    0.034453
     0.013198    0.031231
     0.011144    0.028094
     0.009259    0.025035
     0.007538    0.022048
     0.005976    0.019127
     0.004574    0.016265
     0.003332    0.013456
     0.002252    0.010693
     0.001343    0.007968
     0.000643    0.005281
     0.000196    0.002627
     0.000068    0.001318
     0.000000    0.000000
     0.000051   -0.002334
     0.000234   -0.004652
     0.000554   -0.006997
     0.001019   -0.009351
     0.001639   -0.011704
     0.002428   -0.014041
     0.003396   -0.016350
     0.004545   -0.018618
     0.005881   -0.020835
     0.007404   -0.022988
     0.009112   -0.025068
     0.011002   -0.027067
     0.013069   -0.028980
     0.015311   -0.030803
     0.017722   -0.032536
     0.020300   -0.034178
     0.023044   -0.035731
     0.025954   -0.037198
     0.029032   -0.038579
     0.032283   -0.039878
     0.035711   -0.041098
     0.039326   -0.042239
     0.043137   -0.043305
     0.047157   -0.044296
     0.051401   -0.045213
     0.055886   -0.046056
     0.060633   -0.046824
     0.065665   -0.047517
     0.071010   -0.048131
     0.076699   -0.048663
     0.082769   -0.049111
     0.089259   -0.049467
     0.096216   -0.049725
     0.103693   -0.049878
     0.111747   -0.049916
     0.120443   -0.049828
     0.129849   -0.049601
     0.140037   -0.049223
     0.151081   -0.048679
     0.163049   -0.047956
     0.176000   -0.047042
     0.189978   -0.045929
     0.205002   -0.044614
     0.221061   -0.043102
     0.238110   -0.041405
     0.256066   -0.039544
     0.274808   -0.037552
     0.294179   -0.035466
     0.313977   -0.033332
     0.334007   -0.031195
     0.354126   -0.029089
     0.374246   -0.027044
     0.394317   -0.025078
     0.414314   -0.023209
     0.434230   -0.021445
     0.454070   -0.019795
     0.473845   -0.018264
     0.493568   -0.016856
     0.513260   -0.015572
     0.532938   -0.014414
     0.552623   -0.013381
     0.572337   -0.012472
     0.592101   -0.011685
     0.611938   -0.011015
     0.631868   -0.010458
     0.651912   -0.010007
     0.672086   -0.009655
     0.692400   -0.009390
     0.712853   -0.009200
     0.733427   -0.009069
     0.754072   -0.008978
     0.774694   -0.008905
     0.795148   -0.008824
     0.815306   -0.008711
     0.835077   -0.008537
     0.854404   -0.008280
     0.873248   -0.007916
     0.891583   -0.007425
     0.909396   -0.006790
     0.926674   -0.005997
     0.943409   -0.005036
     0.959594   -0.003900
     0.975220   -0.002586
     0.990276   -0.001091
     1.000000    0.000000
