     1.000000    0.000000
     0.990523    0.007329
     0.976045    0.018091
     0.961272    0.028550
     0.946229    0.038677
     0.930931    0.048452
     0.915387    0.057864
     0.899604    0.066905
     0.883584    0.075569
     0.867326    0.083856
     0.850829    0.091765
     0.834090    0.099298
     0.817105    0.106455
     0.799870    0.113240
     0.782380    0.119655
     0.764633    0.125703
     0.746624    0.131388
     0.728350    0.136713
     0.709810    0.141682
     0.691003    0.146299
     0.671930    0.150567
     0.652593    0.154491
     0.632997    0.158074
     0.613150    0.161321
     0.593061    0.164235
     0.572744    0.166820
     0.552214    0.169080
     0.531492    0.171020
     0.510601    0.172643
     0.489571    0.173951
     0.468434    0.174949
     0.447229    0.175639
     0.426002    0.176024
     0.404802    0.176105
     0.383685    0.175885
     0.362717    0.175365
     0.341967    0.174547
     0.321510    0.173435
     0.301428    0.172032
     0.281806    0.170343
     0.262728    0.168377
     0.244277    0.166143
     0.226530    0.163655
     0.209551    0.160927
     0.193393    0.157978
     0.178091    0.154826
     0.163664    0.151492
     0.150115    0.147994
     0.137429    0.144351
     0.125584    0.140581
     0.114545    0.136697
     0.104275    0.132712
     0.094732    0.128637
     0.085873    0.124482
     0.077657    0.120255
     0.070045    0.115962
     0.063000    0.111610
     0.056487    0.107206
     0.050477    0.102756
     0.044940    0.098268
     0.039852    0.093750
     0.035187    0.089211
     0.030924    0.084660
     0.027042    0.080107
     0.023519    0.075565
     0.020336    0.071044
     0.017473    0.066556
     0.014910    0.062112
     0.012628    0.057724
     0.010606    0.053402
     0.008825    0.049154
     0.007266    0.044990
     0.005911    0.040915
     0.004741    0.036936
     0.003741    0.033057
     0.002893    0.029282
     0.002183    0.025611
     0.001597    0.022046
     0.001122    0.018587
     0.000745    0.015235
     0.000455    0.011988
     0.000242    0.008845
     0.000100    0.005802
     0.000021    0.002855
     0.000004    0.001428
     0.000000    0.000000
     0.000069   -0.002429
     0.000283   -0.004840
     0.000654   -0.007297
     0.001187   -0.009777
     0.001888   -0.012269
     0.002764   -0.014763
     0.003818   -0.017250
     0.005051   -0.019725
     0.006465   -0.022182
     0.008058   -0.024616
     0.009831   -0.027024
     0.011784   -0.029405
     0.013916   -0.031756
     0.016229   -0.034078
     0.018726   -0.036372
     0.021409   -0.038639
     0.024284   -0.040881
     0.027356   -0.043100
     0.030634   -0.045298
     0.034127   -0.047478
     0.037847   -0.049641
     0.041808   -0.051791
     0.046026   -0.053930
     0.050518   -0.056060
     0.055306   -0.058182
     0.060413   -0.060298
     0.065864   -0.062410
     0.071689   -0.064516
     0.077921   -0.066618
     0.084592   -0.068713
     0.091742   -0.070799
     0.099409   -0.072872
     0.107633   -0.074926
     0.116453   -0.076953
     0.125908   -0.078944
     0.136030   -0.080884
     0.146846   -0.082760
     0.158372   -0.084553
     0.170612   -0.086244
     0.183557   -0.087814
     0.197184   -0.089240
     0.211457   -0.090504
     0.226331   -0.091587
     0.241753   -0.092473
     0.257667   -0.093149
     0.274017   -0.093606
     0.290750   -0.093837
     0.307816   -0.093836
     0.325173   -0.093603
     0.342784   -0.093135
     0.360620   -0.092435
     0.378655   -0.091503
     0.396869   -0.090342
     0.415250   -0.088956
     0.433785   -0.087347
     0.452470   -0.085519
     0.471301   -0.083477
     0.490277   -0.081225
     0.509401   -0.078767
     0.528679   -0.076108
     0.548116   -0.073254
     0.567721   -0.070210
     0.587505   -0.066985
     0.607476   -0.063585
     0.627644   -0.060021
     0.648013   -0.056306
     0.668581   -0.052455
     0.689332   -0.048490
     0.710227   -0.044440
     0.731193   -0.040344
     0.752103   -0.036254
     0.772814   -0.032228
     0.793223   -0.028314
     0.813264   -0.024552
     0.832899   -0.020978
     0.852103   -0.017617
     0.870865   -0.014495
     0.889179   -0.011629
     0.907046   -0.009037
     0.924467   -0.006731
     0.941447   -0.004722
     0.957990   -0.003018
     0.974099   -0.001624
     0.989777   -0.000546
     1.000000    0.000000
