     1.000000    0.000000
     0.992339    0.009691
     0.980578    0.023984
     0.968493    0.037975
     0.956082    0.051630
     0.943338    0.064920
     0.930261    0.077819
     0.916847    0.090297
     0.903095    0.102328
     0.889003    0.113886
     0.874574    0.124945
     0.859811    0.135478
     0.844717    0.145464
     0.829301    0.154878
     0.813571    0.163702
     0.797539    0.171916
     0.781218    0.179506
     0.764625    0.186460
     0.747776    0.192768
     0.730691    0.198426
     0.713388    0.203431
     0.695889    0.207785
     0.678215    0.211493
     0.660385    0.214563
     0.642422    0.217005
     0.624345    0.218833
     0.606173    0.220060
     0.587925    0.220704
     0.569619    0.220782
     0.551270    0.220312
     0.532894    0.219312
     0.514507    0.217802
     0.496120    0.215801
     0.477747    0.213326
     0.459400    0.210396
     0.441090    0.207028
     0.422827    0.203241
     0.404624    0.199049
     0.386490    0.194469
     0.368438    0.189517
     0.350481    0.184210
     0.332634    0.178562
     0.314914    0.172592
     0.297345    0.166318
     0.279955    0.159762
     0.262779    0.152949
     0.245864    0.145912
     0.229269    0.138690
     0.213065    0.131333
     0.197339    0.123899
     0.182189    0.116460
     0.167715    0.109094
     0.154016    0.101885
     0.141172    0.094910
     0.129238    0.088237
     0.118233    0.081914
     0.108147    0.075972
     0.098940    0.070419
     0.090552    0.065252
     0.082913    0.060452
     0.075952    0.055995
     0.069594    0.051855
     0.063774    0.048004
     0.058430    0.044413
     0.053508    0.041058
     0.048959    0.037915
     0.044742    0.034963
     0.040819    0.032183
     0.037160    0.029558
     0.033737    0.027073
     0.030526    0.024715
     0.027506    0.022471
     0.024660    0.020333
     0.021971    0.018289
     0.019425    0.016333
     0.017011    0.014456
     0.014718    0.012652
     0.012537    0.010914
     0.010461    0.009236
     0.008480    0.007614
     0.006589    0.006043
     0.004788    0.004511
     0.003080    0.003009
     0.001437    0.001550
     0.000678    0.000812
     0.000000    0.000000
     0.000541   -0.001850
     0.001709   -0.003385
     0.003217   -0.004748
     0.004895   -0.005981
     0.006719   -0.007138
     0.008668   -0.008241
     0.010727   -0.009310
     0.012895   -0.010357
     0.015175   -0.011390
     0.017570   -0.012418
     0.020085   -0.013446
     0.022726   -0.014479
     0.025501   -0.015522
     0.028421   -0.016579
     0.031497   -0.017654
     0.034742   -0.018752
     0.038170   -0.019876
     0.041798   -0.021031
     0.045646   -0.022220
     0.049734   -0.023450
     0.054090   -0.024724
     0.058739   -0.026048
     0.063716   -0.027427
     0.069055   -0.028868
     0.074799   -0.030377
     0.080991   -0.031959
     0.087684   -0.033623
     0.094930   -0.035372
     0.102786   -0.037213
     0.111311   -0.039150
     0.120560   -0.041183
     0.130581   -0.043311
     0.141407   -0.045526
     0.153055   -0.047816
     0.165517   -0.050163
     0.178757   -0.052545
     0.192716   -0.054933
     0.207317   -0.057298
     0.222472   -0.059612
     0.238089   -0.061846
     0.254082   -0.063978
     0.270375   -0.065987
     0.286902   -0.067856
     0.303610   -0.069573
     0.320455   -0.071126
     0.337404   -0.072507
     0.354432   -0.073711
     0.371519   -0.074731
     0.388650   -0.075565
     0.405813   -0.076208
     0.422999   -0.076658
     0.440202   -0.076913
     0.457416   -0.076972
     0.474637   -0.076835
     0.491862   -0.076499
     0.509089   -0.075967
     0.526314   -0.075237
     0.543538   -0.074312
     0.560757   -0.073193
     0.577972   -0.071882
     0.595182   -0.070382
     0.612387   -0.068696
     0.629586   -0.066829
     0.646780   -0.064784
     0.663969   -0.062568
     0.681155   -0.060187
     0.698338   -0.057647
     0.715520   -0.054956
     0.732702   -0.052123
     0.749885   -0.049157
     0.767072   -0.046068
     0.784262   -0.042867
     0.801458   -0.039568
     0.818659   -0.036184
     0.835863   -0.032731
     0.853067   -0.029225
     0.870263   -0.025686
     0.887440   -0.022134
     0.904580   -0.018594
     0.921663   -0.015091
     0.938670   -0.011649
     0.955580   -0.008297
     0.972368   -0.005060
     0.989005   -0.001969
     1.000000    0.000000
