     1.000000    0.000000
     0.988686    0.004096
     0.971422    0.010056
     0.953828    0.015805
     0.935939    0.021366
     0.917789    0.026761
     0.899405    0.032016
     0.880815    0.037156
     0.862045    0.042205
     0.843119    0.047188
     0.824060    0.052124
     0.804893    0.057032
     0.785638    0.061927
     0.766319    0.066820
     0.746956    0.071718
     0.727569    0.076627
     0.708172    0.081547
     0.688771    0.086480
     0.669375    0.091422
     0.649989    0.096367
     0.630627    0.101304
     0.611299    0.106219
     0.592016    0.111097
     0.572784    0.115922
     0.553610    0.120675
     0.534501    0.125335
     0.515460    0.129881
     0.496493    0.134289
     0.477602    0.138537
     0.458794    0.142598
     0.440073    0.146447
     0.421444    0.150056
     0.402916    0.153397
     0.384495    0.156441
     0.366192    0.159160
     0.348019    0.161522
     0.329991    0.163499
     0.312125    0.165059
     0.294444    0.166173
     0.276972    0.166814
     0.259739    0.166953
     0.242780    0.166567
     0.226136    0.165635
     0.209853    0.164143
     0.193982    0.162083
     0.178581    0.159455
     0.163712    0.156269
     0.149438    0.152548
     0.135823    0.148329
     0.122927    0.143660
     0.110802    0.138600
     0.099486    0.133221
     0.089006    0.127598
     0.079369    0.121808
     0.070566    0.115927
     0.062572    0.110023
     0.055349    0.104154
     0.048851    0.098370
     0.043023    0.092709
     0.037809    0.087198
     0.033155    0.081857
     0.029005    0.076697
     0.025309    0.071724
     0.022021    0.066941
     0.019098    0.062345
     0.016501    0.057932
     0.014195    0.053696
     0.012152    0.049630
     0.010343    0.045729
     0.008744    0.041982
     0.007335    0.038384
     0.006096    0.034927
     0.005012    0.031604
     0.004068    0.028408
     0.003250    0.025332
     0.002547    0.022370
     0.001948    0.019516
     0.001445    0.016764
     0.001029    0.014111
     0.000693    0.011551
     0.000432    0.009081
     0.000238    0.006696
     0.000105    0.004390
     0.000028    0.002160
     0.000008    0.001080
     0.000000    0.000000
     0.000310   -0.001969
     0.001020   -0.003810
     0.002082   -0.005601
     0.003365   -0.007316
     0.004829   -0.008969
     0.006455   -0.010575
     0.008230   -0.012142
     0.010142   -0.013680
     0.012191   -0.015194
     0.014377   -0.016690
     0.016703   -0.018170
     0.019173   -0.019640
     0.021794   -0.021101
     0.024575   -0.022555
     0.027524   -0.024005
     0.030655   -0.025452
     0.033979   -0.026896
     0.037514   -0.028337
     0.041276   -0.029777
     0.045285   -0.031214
     0.049564   -0.032647
     0.054138   -0.034074
     0.059037   -0.035491
     0.064293   -0.036896
     0.069941   -0.038282
     0.076020   -0.039642
     0.082574   -0.040967
     0.089648   -0.042245
     0.097290   -0.043462
     0.105548   -0.044599
     0.114468   -0.045638
     0.124092   -0.046553
     0.134452   -0.047318
     0.145569   -0.047906
     0.157446   -0.048287
     0.170068   -0.048438
     0.183403   -0.048334
     0.197400   -0.047961
     0.211998   -0.047311
     0.227128   -0.046380
     0.242722   -0.045176
     0.258712   -0.043710
     0.275040   -0.042000
     0.291652   -0.040065
     0.308504   -0.037928
     0.325560   -0.035614
     0.342789   -0.033148
     0.360164   -0.030556
     0.377661   -0.027866
     0.395257   -0.025103
     0.412927   -0.022296
     0.430640   -0.019473
     0.448363   -0.016661
     0.466073   -0.013887
     0.483754   -0.011173
     0.501399   -0.008540
     0.519003   -0.006007
     0.536566   -0.003592
     0.554088   -0.001310
     0.571573    0.000826
     0.589024    0.002803
     0.606446    0.004609
     0.623843    0.006236
     0.641220    0.007673
     0.658583    0.008916
     0.675936    0.009957
     0.693287    0.010793
     0.710640    0.011422
     0.728001    0.011844
     0.745377    0.012059
     0.762772    0.012071
     0.780194    0.011886
     0.797646    0.011511
     0.815134    0.010957
     0.832658    0.010238
     0.850217    0.009371
     0.867807    0.008377
     0.885413    0.007281
     0.903012    0.006111
     0.920564    0.004905
     0.938009    0.003700
     0.955279    0.002541
     0.972307    0.001471
     0.989036    0.000535
     1.000000    0.000000
