     1.000000    0.000000
     0.991176    0.008677
     0.977715    0.021471
     0.963984    0.033986
     0.949985    0.046191
     0.935717    0.058058
     0.921182    0.069562
     0.906380    0.080676
     0.891310    0.091377
     0.875974    0.101640
     0.860373    0.111442
     0.844512    0.120761
     0.828394    0.129575
     0.812026    0.137863
     0.795416    0.145606
     0.778573    0.152789
     0.761509    0.159397
     0.744237    0.165420
     0.726770    0.170848
     0.709125    0.175677
     0.691317    0.179906
     0.673362    0.183537
     0.655279    0.186577
     0.637082    0.189034
     0.618789    0.190921
     0.600415    0.192253
     0.581974    0.193047
     0.563481    0.193323
     0.544946    0.193102
     0.526382    0.192406
     0.507799    0.191259
     0.489205    0.189685
     0.470609    0.187707
     0.452018    0.185349
     0.433439    0.182634
     0.414879    0.179586
     0.396344    0.176226
     0.377843    0.172578
     0.359383    0.168662
     0.340978    0.164498
     0.322639    0.160107
     0.304388    0.155510
     0.286248    0.150726
     0.268254    0.145778
     0.250452    0.140690
     0.232899    0.135487
     0.215669    0.130199
     0.198853    0.124860
     0.182555    0.119509
     0.166890    0.114188
     0.151971    0.108940
     0.137900    0.103806
     0.124753    0.098823
     0.112576    0.094018
     0.101377    0.089406
     0.091134    0.084994
     0.081801    0.080779
     0.073314    0.076751
     0.065604    0.072897
     0.058601    0.069199
     0.052236    0.065642
     0.046447    0.062208
     0.041178    0.058882
     0.036380    0.055650
     0.032009    0.052499
     0.028029    0.049417
     0.024407    0.046395
     0.021117    0.043425
     0.018136    0.040500
     0.015444    0.037617
     0.013024    0.034773
     0.010859    0.031966
     0.008937    0.029197
     0.007245    0.026466
     0.005769    0.023778
     0.004497    0.021137
     0.003415    0.018544
     0.002510    0.016006
     0.001769    0.013525
     0.001178    0.011105
     0.000722    0.008750
     0.000388    0.006464
     0.000163    0.004246
     0.000037    0.002092
     0.000008    0.001047
     0.000000    0.000000
     0.000926   -0.001713
     0.002441   -0.003004
     0.004121   -0.004208
     0.005919   -0.005360
     0.007834   -0.006485
     0.009844   -0.007606
     0.011949   -0.008733
     0.014154   -0.009872
     0.016465   -0.011032
     0.018885   -0.012216
     0.021422   -0.013432
     0.024085   -0.014683
     0.026882   -0.015975
     0.029825   -0.017314
     0.032927   -0.018703
     0.036201   -0.020151
     0.039665   -0.021662
     0.043336   -0.023245
     0.047237   -0.024906
     0.051390   -0.026654
     0.055824   -0.028500
     0.060570   -0.030453
     0.065664   -0.032526
     0.071146   -0.034731
     0.077062   -0.037083
     0.083462   -0.039595
     0.090400   -0.042284
     0.097935   -0.045165
     0.106129   -0.048253
     0.115041   -0.051558
     0.124723   -0.055087
     0.135218   -0.058840
     0.146547   -0.062809
     0.158708   -0.066971
     0.171674   -0.071295
     0.185388   -0.075739
     0.199775   -0.080255
     0.214746   -0.084790
     0.230209   -0.089295
     0.246076   -0.093721
     0.262269   -0.098027
     0.278723   -0.102176
     0.295382   -0.106137
     0.312204   -0.109884
     0.329155   -0.113395
     0.346208   -0.116651
     0.363344   -0.119635
     0.380546   -0.122333
     0.397801   -0.124731
     0.415098   -0.126818
     0.432430   -0.128583
     0.449786   -0.130015
     0.467161   -0.131107
     0.484548   -0.131851
     0.501939   -0.132240
     0.519329   -0.132268
     0.536711   -0.131932
     0.554079   -0.131228
     0.571427   -0.130154
     0.588750   -0.128710
     0.606041   -0.126897
     0.623296   -0.124716
     0.640510   -0.122173
     0.657678   -0.119272
     0.674797   -0.116019
     0.691862   -0.112422
     0.708873   -0.108490
     0.725826   -0.104233
     0.742721   -0.099663
     0.759557   -0.094793
     0.776334   -0.089635
     0.793053   -0.084204
     0.809715   -0.078516
     0.826323   -0.072587
     0.842878   -0.066435
     0.859384   -0.060078
     0.875840   -0.053536
     0.892250   -0.046831
     0.908612   -0.039985
     0.924924   -0.033026
     0.941178   -0.025981
     0.957362   -0.018884
     0.973457   -0.011771
     0.989433   -0.004687
     1.000000    0.000000
