     1.000000    0.000000
     0.990024    0.008480
     0.974649    0.021312
     0.958861    0.034192
     0.942739    0.047027
     0.926345    0.059748
     0.909725    0.072299
     0.892912    0.084638
     0.875931    0.096732
     0.858799    0.108552
     0.841528    0.120075
     0.824129    0.131281
     0.806607    0.142152
     0.788970    0.152671
     0.771221    0.162820
     0.753365    0.172584
     0.735407    0.181948
     0.717351    0.190896
     0.699202    0.199412
     0.680964    0.207483
     0.662644    0.215092
     0.644247    0.222226
     0.625779    0.228870
     0.607248    0.235010
     0.588661    0.240633
     0.570027    0.245726
     0.551355    0.250277
     0.532654    0.254274
     0.513934    0.257706
     0.495207    0.260563
     0.476485    0.262836
     0.457781    0.264517
     0.439108    0.265599
     0.420480    0.266074
     0.401915    0.265939
     0.383427    0.265190
     0.365036    0.263824
     0.346761    0.261841
     0.328623    0.259241
     0.310645    0.256027
     0.292852    0.252204
     0.275273    0.247779
     0.257938    0.242762
     0.240881    0.237168
     0.224144    0.231015
     0.207768    0.224328
     0.191805    0.217137
     0.176309    0.209483
     0.161342    0.201414
     0.146968    0.192991
     0.133255    0.184286
     0.120267    0.175379
     0.108065    0.166362
     0.096695    0.157327
     0.086190    0.148366
     0.076561    0.139564
     0.067800    0.130994
     0.059878    0.122711
     0.052752    0.114757
     0.046368    0.107154
     0.040667    0.099913
     0.035586    0.093034
     0.031063    0.086506
     0.027042    0.080317
     0.023469    0.074449
     0.020296    0.068882
     0.017480    0.063598
     0.014982    0.058576
     0.012770    0.053800
     0.010813    0.049250
     0.009085    0.044912
     0.007564    0.040771
     0.006230    0.036812
     0.005065    0.033023
     0.004054    0.029394
     0.003183    0.025914
     0.002440    0.022573
     0.001813    0.019362
     0.001293    0.016275
     0.000872    0.013305
     0.000543    0.010446
     0.000300    0.007693
     0.000134    0.005038
     0.000036    0.002476
     0.000011    0.001239
     0.000000    0.000000
     0.000184   -0.002087
     0.000647   -0.004110
     0.001401   -0.006143
     0.002400   -0.008145
     0.003601   -0.010105
     0.004986   -0.012028
     0.006542   -0.013919
     0.008257   -0.015783
     0.010124   -0.017624
     0.012141   -0.019448
     0.014306   -0.021259
     0.016622   -0.023061
     0.019094   -0.024858
     0.021725   -0.026654
     0.024525   -0.028453
     0.027501   -0.030256
     0.030665   -0.032068
     0.034030   -0.033890
     0.037610   -0.035725
     0.041422   -0.037575
     0.045486   -0.039443
     0.049823   -0.041328
     0.054457   -0.043233
     0.059415   -0.045158
     0.064729   -0.047102
     0.070432   -0.049064
     0.076559   -0.051042
     0.083151   -0.053032
     0.090250   -0.055027
     0.097898   -0.057020
     0.106141   -0.058999
     0.115019   -0.060950
     0.124569   -0.062856
     0.134822   -0.064695
     0.145796   -0.066444
     0.157496   -0.068076
     0.169913   -0.069563
     0.183021   -0.070878
     0.196780   -0.071996
     0.211138   -0.072896
     0.226037   -0.073560
     0.241415   -0.073975
     0.257213   -0.074136
     0.273373   -0.074039
     0.289846   -0.073686
     0.306588   -0.073082
     0.323561   -0.072235
     0.340736   -0.071153
     0.358087   -0.069849
     0.375597   -0.068332
     0.393248   -0.066618
     0.411030   -0.064717
     0.428932   -0.062644
     0.446949   -0.060413
     0.465072   -0.058039
     0.483299   -0.055535
     0.501623   -0.052919
     0.520039   -0.050204
     0.538540   -0.047409
     0.557115   -0.044550
     0.575751   -0.041646
     0.594426   -0.038717
     0.613111   -0.035784
     0.631773   -0.032869
     0.650391   -0.029992
     0.668952   -0.027170
     0.687445   -0.024421
     0.705868   -0.021759
     0.724216   -0.019199
     0.742491   -0.016753
     0.760691   -0.014434
     0.778819   -0.012253
     0.796874   -0.010221
     0.814857   -0.008348
     0.832767   -0.006643
     0.850601   -0.005114
     0.868355   -0.003769
     0.886022   -0.002615
     0.903589   -0.001656
     0.921040   -0.000896
     0.938351   -0.000339
     0.955490    0.000016
     0.972415    0.000171
     0.989072    0.000131
     1.000000    0.000000
