     1.000000    0.000000
     0.990696    0.002776
     0.975994    0.007370
     0.960280    0.012541
     0.943441    0.018329
     0.925368    0.024774
     0.905969    0.031895
     0.885236    0.039666
     0.863344    0.047971
     0.840809    0.056542
     0.818367    0.065021
     0.796453    0.073173
     0.775239    0.080887
     0.754746    0.088124
     0.734925    0.094882
     0.715709    0.101176
     0.697024    0.107024
     0.678802    0.112448
     0.660981    0.117466
     0.643508    0.122096
     0.626336    0.126353
     0.609424    0.130250
     0.592738    0.133800
     0.576246    0.137012
     0.559921    0.139895
     0.543739    0.142455
     0.527680    0.144700
     0.511724    0.146634
     0.495855    0.148263
     0.480060    0.149589
     0.464326    0.150615
     0.448643    0.151345
     0.433004    0.151780
     0.417402    0.151923
     0.401835    0.151774
     0.386300    0.151336
     0.370800    0.150611
     0.355339    0.149600
     0.339927    0.148307
     0.324575    0.146735
     0.309301    0.144889
     0.294127    0.142775
     0.279080    0.140403
     0.264195    0.137783
     0.249512    0.134930
     0.235076    0.131859
     0.220938    0.128594
     0.207151    0.125157
     0.193771    0.121575
     0.180849    0.117879
     0.168435    0.114100
     0.156569    0.110266
     0.145280    0.106409
     0.134588    0.102554
     0.124499    0.098724
     0.115008    0.094937
     0.106100    0.091207
     0.097755    0.087544
     0.089945    0.083953
     0.082639    0.080437
     0.075806    0.076995
     0.069412    0.073626
     0.063427    0.070325
     0.057820    0.067087
     0.052565    0.063906
     0.047634    0.060776
     0.043005    0.057690
     0.038658    0.054640
     0.034573    0.051619
     0.030735    0.048619
     0.027131    0.045631
     0.023750    0.042648
     0.020581    0.039660
     0.017621    0.036658
     0.014864    0.033634
     0.012309    0.030577
     0.009959    0.027477
     0.007820    0.024324
     0.005899    0.021108
     0.004211    0.017819
     0.002773    0.014447
     0.001605    0.010983
     0.000734    0.007423
     0.000191    0.003770
     0.000050    0.001891
     0.000000    0.000000
     0.000031   -0.003467
     0.000168   -0.006927
     0.000403   -0.010286
     0.000731   -0.013578
     0.001155   -0.016801
     0.001682   -0.019953
     0.002316   -0.023034
     0.003064   -0.026042
     0.003930   -0.028976
     0.004918   -0.031834
     0.006031   -0.034613
     0.007274   -0.037310
     0.008650   -0.039920
     0.010163   -0.042440
     0.011814   -0.044864
     0.013604   -0.047190
     0.015532   -0.049412
     0.017598   -0.051530
     0.019800   -0.053539
     0.022136   -0.055440
     0.024605   -0.057233
     0.027203   -0.058919
     0.029931   -0.060500
     0.032788   -0.061980
     0.035776   -0.063361
     0.038897   -0.064648
     0.042155   -0.065843
     0.045556   -0.066952
     0.049107   -0.067977
     0.052817   -0.068921
     0.056698   -0.069788
     0.060763   -0.070580
     0.065030   -0.071298
     0.069516   -0.071945
     0.074244   -0.072521
     0.079241   -0.073026
     0.084539   -0.073461
     0.090174   -0.073823
     0.096190   -0.074112
     0.102641   -0.074324
     0.109587   -0.074455
     0.117106   -0.074501
     0.125287   -0.074455
     0.134240   -0.074310
     0.144096   -0.074056
     0.155013   -0.073683
     0.167175   -0.073177
     0.180787   -0.072528
     0.196065   -0.071724
     0.213201   -0.070762
     0.232306   -0.069645
     0.253329   -0.068396
     0.275994   -0.067052
     0.299917   -0.065658
     0.324758   -0.064246
     0.350266   -0.062837
     0.376254   -0.061438
     0.402550   -0.060046
     0.428921   -0.058656
     0.455096   -0.057261
     0.480903   -0.055847
     0.506259   -0.054399
     0.531141   -0.052898
     0.555566   -0.051327
     0.579571   -0.049670
     0.603207   -0.047912
     0.626534   -0.046041
     0.649616   -0.044044
     0.672522   -0.041911
     0.695323   -0.039633
     0.718091   -0.037200
     0.740896   -0.034606
     0.763805   -0.031847
     0.786871   -0.028924
     0.810115   -0.025847
     0.833499   -0.022638
     0.856877   -0.019346
     0.879936   -0.016049
     0.902177   -0.012862
     0.923105   -0.009894
     0.942466   -0.007213
     0.960194   -0.004844
     0.976335   -0.002787
     0.990987   -0.001026
     1.000000    0.000000
