     1.000000    0.000000
     0.990970    0.006604
     0.977538    0.015867
     0.964119    0.024490
     0.950623    0.032562
     0.936984    0.040142
     0.923151    0.047274
     0.909078    0.053990
     0.894728    0.060314
     0.880066    0.066266
     0.865057    0.071863
     0.849671    0.077118
     0.833874    0.082046
     0.817636    0.086656
     0.800927    0.090961
     0.783718    0.094972
     0.765980    0.098700
     0.747690    0.102157
     0.728825    0.105356
     0.709370    0.108311
     0.689316    0.111035
     0.668662    0.113544
     0.647419    0.115854
     0.625608    0.117983
     0.603266    0.119947
     0.580443    0.121762
     0.557204    0.123441
     0.533628    0.124998
     0.509806    0.126440
     0.485841    0.127771
     0.461842    0.128990
     0.437923    0.130091
     0.414200    0.131064
     0.390787    0.131895
     0.367796    0.132567
     0.345333    0.133061
     0.323498    0.133358
     0.302380    0.133440
     0.282060    0.133294
     0.262604    0.132909
     0.244066    0.132279
     0.226480    0.131403
     0.209867    0.130286
     0.194230    0.128936
     0.179555    0.127364
     0.165817    0.125586
     0.152980    0.123615
     0.140998    0.121468
     0.129824    0.119159
     0.119407    0.116703
     0.109697    0.114112
     0.100644    0.111397
     0.092202    0.108568
     0.084327    0.105635
     0.076980    0.102605
     0.070124    0.099484
     0.063728    0.096280
     0.057763    0.092997
     0.052203    0.089642
     0.047026    0.086221
     0.042210    0.082738
     0.037739    0.079200
     0.033596    0.075614
     0.029767    0.071987
     0.026237    0.068325
     0.022995    0.064638
     0.020027    0.060933
     0.017323    0.057219
     0.014869    0.053504
     0.012654    0.049799
     0.010667    0.046111
     0.008895    0.042449
     0.007325    0.038822
     0.005946    0.035236
     0.004745    0.031700
     0.003709    0.028218
     0.002828    0.024797
     0.002088    0.021441
     0.001480    0.018153
     0.000992    0.014937
     0.000612    0.011796
     0.000330    0.008733
     0.000139    0.005747
     0.000031    0.002837
     0.000006    0.001419
     0.000000    0.000000
     0.000049   -0.002650
     0.000249   -0.005284
     0.000606   -0.007930
     0.001129   -0.010573
     0.001841   -0.013193
     0.002770   -0.015771
     0.003932   -0.018284
     0.005340   -0.020708
     0.007001   -0.023016
     0.008912   -0.025186
     0.011068   -0.027200
     0.013454   -0.029047
     0.016057   -0.030722
     0.018864   -0.032229
     0.021864   -0.033574
     0.025052   -0.034766
     0.028427   -0.035813
     0.031993   -0.036727
     0.035757   -0.037515
     0.039730   -0.038184
     0.043929   -0.038740
     0.048375   -0.039189
     0.053093   -0.039532
     0.058113   -0.039772
     0.063474   -0.039910
     0.069219   -0.039943
     0.075401   -0.039870
     0.082086   -0.039688
     0.089349   -0.039390
     0.097281   -0.038971
     0.105990   -0.038423
     0.115598   -0.037740
     0.126242   -0.036916
     0.138056   -0.035950
     0.151145   -0.034852
     0.165536   -0.033647
     0.181154   -0.032379
     0.197845   -0.031103
     0.215400   -0.029885
     0.233605   -0.028782
     0.252268   -0.027845
     0.271243   -0.027113
     0.290432   -0.026612
     0.309775   -0.026359
     0.329244   -0.026366
     0.348833   -0.026639
     0.368552   -0.027181
     0.388422   -0.027993
     0.408471   -0.029074
     0.428734   -0.030420
     0.449247   -0.032027
     0.470049   -0.033885
     0.491173   -0.035983
     0.512640   -0.038300
     0.534445   -0.040809
     0.556532   -0.043467
     0.578760   -0.046208
     0.600854   -0.048946
     0.622487   -0.051578
     0.643463   -0.054028
     0.663691   -0.056235
     0.683141   -0.058158
     0.701826   -0.059768
     0.719776   -0.061044
     0.737035   -0.061975
     0.753649   -0.062551
     0.769668   -0.062768
     0.785137   -0.062622
     0.800103   -0.062111
     0.814610   -0.061234
     0.828698   -0.059989
     0.842405   -0.058372
     0.855770   -0.056382
     0.868827   -0.054014
     0.881611   -0.051260
     0.894156   -0.048112
     0.906498   -0.044558
     0.918673   -0.040582
     0.930721   -0.036161
     0.942692   -0.031263
     0.954642   -0.025846
     0.966649   -0.019843
     0.978822   -0.013158
     0.991332   -0.005630
     1.000000    0.000000
