     1.000000    0.000000
     0.992251    0.006496
     0.980560    0.015910
     0.968764    0.024957
     0.956851    0.033652
     0.944806    0.042008
     0.932619    0.050035
     0.920280    0.057742
     0.907781    0.065136
     0.895113    0.072222
     0.882269    0.079006
     0.869240    0.085492
     0.856021    0.091683
     0.842605    0.097582
     0.828985    0.103192
     0.815157    0.108516
     0.801114    0.113553
     0.786854    0.118307
     0.772372    0.122777
     0.757667    0.126963
     0.742736    0.130867
     0.727579    0.134487
     0.712198    0.137824
     0.696595    0.140876
     0.680774    0.143644
     0.664740    0.146125
     0.648501    0.148319
     0.632066    0.150226
     0.615444    0.151844
     0.598649    0.153172
     0.581693    0.154211
     0.564592    0.154959
     0.547361    0.155416
     0.530017    0.155583
     0.512578    0.155460
     0.495063    0.155046
     0.477491    0.154343
     0.459882    0.153352
     0.442254    0.152075
     0.424628    0.150512
     0.407023    0.148666
     0.389461    0.146540
     0.371962    0.144135
     0.354548    0.141455
     0.337241    0.138506
     0.320067    0.135291
     0.303051    0.131817
     0.286223    0.128094
     0.269618    0.124131
     0.253274    0.119943
     0.237236    0.115546
     0.221553    0.110965
     0.206284    0.106225
     0.191491    0.101360
     0.177238    0.096409
     0.163590    0.091414
     0.150606    0.086422
     0.138336    0.081477
     0.126813    0.076623
     0.116053    0.071896
     0.106054    0.067326
     0.096796    0.062934
     0.088246    0.058732
     0.080362    0.054725
     0.073096    0.050912
     0.066396    0.047288
     0.060213    0.043845
     0.054498    0.040572
     0.049207    0.037458
     0.044297    0.034492
     0.039734    0.031660
     0.035482    0.028953
     0.031513    0.026360
     0.027801    0.023869
     0.024322    0.021472
     0.021058    0.019159
     0.017990    0.016920
     0.015104    0.014747
     0.012389    0.012630
     0.009836    0.010558
     0.007435    0.008521
     0.005191    0.006502
     0.003131    0.004467
     0.001239    0.002385
     0.000485    0.001266
     0.000000    0.000000
     0.000035   -0.002657
     0.000198   -0.005302
     0.000489   -0.007933
     0.000912   -0.010546
     0.001483   -0.013130
     0.002226   -0.015671
     0.003160   -0.018151
     0.004301   -0.020551
     0.005663   -0.022849
     0.007251   -0.025021
     0.009066   -0.027042
     0.011102   -0.028895
     0.013345   -0.030566
     0.015780   -0.032050
     0.018392   -0.033350
     0.021167   -0.034473
     0.024097   -0.035428
     0.027176   -0.036227
     0.030405   -0.036880
     0.033787   -0.037397
     0.037330   -0.037786
     0.041044   -0.038053
     0.044943   -0.038203
     0.049046   -0.038241
     0.053373   -0.038167
     0.057951   -0.037981
     0.062811   -0.037682
     0.067989   -0.037267
     0.073529   -0.036731
     0.079485   -0.036066
     0.085918   -0.035264
     0.092903   -0.034314
     0.100531   -0.033203
     0.108905   -0.031916
     0.118146   -0.030438
     0.128383   -0.028753
     0.139739   -0.026856
     0.152296   -0.024751
     0.166052   -0.022467
     0.180934   -0.020055
     0.196799   -0.017579
     0.213463   -0.015112
     0.230733   -0.012721
     0.248440   -0.010466
     0.266453   -0.008388
     0.284679   -0.006521
     0.303062   -0.004883
     0.321571   -0.003488
     0.340197   -0.002342
     0.358943   -0.001449
     0.377821   -0.000810
     0.396853   -0.000424
     0.416065   -0.000291
     0.435485   -0.000407
     0.455148   -0.000768
     0.475089   -0.001370
     0.495347   -0.002206
     0.515960   -0.003269
     0.536965   -0.004546
     0.558388   -0.006022
     0.580238   -0.007674
     0.602481   -0.009472
     0.625015   -0.011368
     0.647617   -0.013298
     0.669935   -0.015184
     0.691719   -0.016954
     0.712841   -0.018556
     0.733252   -0.019950
     0.752950   -0.021107
     0.771960   -0.022008
     0.790317   -0.022638
     0.808067   -0.022987
     0.825253   -0.023046
     0.841922   -0.022811
     0.858119   -0.022277
     0.873889   -0.021438
     0.889276   -0.020291
     0.904326   -0.018829
     0.919082   -0.017044
     0.933596   -0.014927
     0.947919   -0.012463
     0.962115   -0.009630
     0.976257   -0.006401
     0.990443   -0.002728
     1.000000    0.000000
