     1.000000    0.000000
     0.991951    0.008885
     0.979759    0.021740
     0.967414    0.034055
     0.954907    0.045840
     0.942225    0.057104
     0.929358    0.067855
     0.916299    0.078100
     0.903038    0.087846
     0.889567    0.097097
     0.875875    0.105860
     0.861954    0.114140
     0.847793    0.121943
     0.833382    0.129274
     0.818708    0.136138
     0.803762    0.142540
     0.788530    0.148487
     0.773002    0.153982
     0.757165    0.159032
     0.741008    0.163640
     0.724520    0.167813
     0.707689    0.171556
     0.690508    0.174873
     0.672968    0.177770
     0.655064    0.180253
     0.636792    0.182330
     0.618153    0.184005
     0.599150    0.185288
     0.579790    0.186186
     0.560086    0.186709
     0.540056    0.186865
     0.519720    0.186666
     0.499108    0.186124
     0.478254    0.185248
     0.457198    0.184051
     0.435986    0.182546
     0.414671    0.180743
     0.393313    0.178655
     0.371977    0.176292
     0.350736    0.173665
     0.329670    0.170785
     0.308864    0.167664
     0.288412    0.164313
     0.268410    0.160745
     0.248959    0.156977
     0.230160    0.153026
     0.212106    0.148913
     0.194883    0.144662
     0.178562    0.140299
     0.163192    0.135850
     0.148803    0.131342
     0.135401    0.126799
     0.122971    0.122244
     0.111481    0.117693
     0.100889    0.113161
     0.091141    0.108659
     0.082182    0.104193
     0.073953    0.099769
     0.066401    0.095389
     0.059471    0.091053
     0.053115    0.086762
     0.047289    0.082516
     0.041952    0.078314
     0.037068    0.074154
     0.032604    0.070038
     0.028533    0.065965
     0.024827    0.061935
     0.021464    0.057951
     0.018422    0.054015
     0.015682    0.050127
     0.013225    0.046293
     0.011034    0.042515
     0.009093    0.038797
     0.007387    0.035143
     0.005899    0.031556
     0.004615    0.028040
     0.003520    0.024599
     0.002601    0.021236
     0.001844    0.017952
     0.001236    0.014749
     0.000763    0.011631
     0.000413    0.008598
     0.000176    0.005651
     0.000041    0.002786
     0.000010    0.001394
     0.000000    0.000000
     0.000050   -0.002278
     0.000243   -0.004538
     0.000585   -0.006824
     0.001086   -0.009116
     0.001762   -0.011399
     0.002634   -0.013653
     0.003712   -0.015860
     0.005001   -0.018001
     0.006503   -0.020060
     0.008214   -0.022022
     0.010127   -0.023874
     0.012233   -0.025613
     0.014521   -0.027235
     0.016986   -0.028742
     0.019619   -0.030138
     0.022417   -0.031426
     0.025380   -0.032613
     0.028509   -0.033704
     0.031809   -0.034705
     0.035286   -0.035620
     0.038951   -0.036453
     0.042815   -0.037208
     0.046894   -0.037888
     0.051207   -0.038494
     0.055774   -0.039028
     0.060620   -0.039490
     0.065776   -0.039880
     0.071275   -0.040196
     0.077157   -0.040436
     0.083468   -0.040597
     0.090260   -0.040676
     0.097596   -0.040667
     0.105543   -0.040564
     0.114179   -0.040360
     0.123591   -0.040049
     0.133868   -0.039624
     0.145101   -0.039077
     0.157375   -0.038404
     0.170755   -0.037607
     0.185269   -0.036690
     0.200894   -0.035667
     0.217535   -0.034564
     0.235022   -0.033410
     0.253156   -0.032242
     0.271757   -0.031092
     0.290676   -0.029989
     0.309803   -0.028953
     0.329063   -0.028002
     0.348410   -0.027146
     0.367818   -0.026393
     0.387274   -0.025747
     0.406779   -0.025210
     0.426337   -0.024783
     0.445957   -0.024464
     0.465651   -0.024251
     0.485432   -0.024137
     0.505313   -0.024119
     0.525304   -0.024188
     0.545412   -0.024335
     0.565635   -0.024549
     0.585961   -0.024816
     0.606359   -0.025120
     0.626770   -0.025441
     0.647095   -0.025759
     0.667241   -0.026049
     0.687142   -0.026290
     0.706754   -0.026457
     0.726046   -0.026532
     0.745002   -0.026492
     0.763610   -0.026321
     0.781866   -0.025999
     0.799772   -0.025513
     0.817329   -0.024846
     0.834545   -0.023985
     0.851427   -0.022919
     0.867985   -0.021637
     0.884231   -0.020127
     0.900176   -0.018380
     0.915835   -0.016388
     0.931222   -0.014141
     0.946356   -0.011629
     0.961253   -0.008845
     0.975936   -0.005778
     0.990425   -0.002414
     1.000000    0.000000
