     1.000000    0.000000
     0.989992    0.006235
     0.973574    0.016338
     0.955634    0.027189
     0.936481    0.038533
     0.916490    0.050089
     0.896012    0.061601
     0.875322    0.072875
     0.854609    0.083783
     0.833987    0.094247
     0.813521    0.104225
     0.793241    0.113699
     0.773157    0.122662
     0.753268    0.131116
     0.733565    0.139067
     0.714038    0.146524
     0.694673    0.153496
     0.675456    0.159992
     0.656377    0.166021
     0.637421    0.171591
     0.618580    0.176710
     0.599842    0.181385
     0.581201    0.185622
     0.562650    0.189427
     0.544183    0.192805
     0.525800    0.195760
     0.507497    0.198297
     0.489277    0.200419
     0.471143    0.202130
     0.453102    0.203432
     0.435162    0.204330
     0.417335    0.204828
     0.399636    0.204930
     0.382083    0.204640
     0.364697    0.203965
     0.347505    0.202913
     0.330534    0.201492
     0.313816    0.199713
     0.297385    0.197589
     0.281279    0.195135
     0.265535    0.192369
     0.250192    0.189312
     0.235287    0.185984
     0.220856    0.182411
     0.206932    0.178619
     0.193541    0.174633
     0.180706    0.170481
     0.168441    0.166190
     0.156755    0.161784
     0.145650    0.157286
     0.135121    0.152719
     0.125160    0.148102
     0.115751    0.143449
     0.106877    0.138776
     0.098517    0.134093
     0.090648    0.129410
     0.083249    0.124732
     0.076294    0.120066
     0.069763    0.115413
     0.063631    0.110777
     0.057879    0.106159
     0.052486    0.101558
     0.047434    0.096976
     0.042707    0.092409
     0.038287    0.087859
     0.034163    0.083323
     0.030320    0.078801
     0.026747    0.074291
     0.023434    0.069792
     0.020371    0.065305
     0.017551    0.060827
     0.014966    0.056360
     0.012609    0.051904
     0.010474    0.047459
     0.008554    0.043027
     0.006845    0.038610
     0.005341    0.034209
     0.004037    0.029829
     0.002926    0.025470
     0.002004    0.021138
     0.001264    0.016834
     0.000700    0.012564
     0.000306    0.008335
     0.000074    0.004147
     0.000018    0.002075
     0.000000    0.000000
     0.000061   -0.004054
     0.000273   -0.008096
     0.000633   -0.012097
     0.001143   -0.016063
     0.001808   -0.019986
     0.002638   -0.023860
     0.003637   -0.027679
     0.004810   -0.031440
     0.006160   -0.035136
     0.007691   -0.038762
     0.009405   -0.042313
     0.011305   -0.045784
     0.013393   -0.049170
     0.015670   -0.052468
     0.018136   -0.055674
     0.020792   -0.058784
     0.023639   -0.061799
     0.026678   -0.064714
     0.029909   -0.067531
     0.033335   -0.070248
     0.036959   -0.072866
     0.040784   -0.075386
     0.044816   -0.077809
     0.049062   -0.080136
     0.053531   -0.082367
     0.058233   -0.084504
     0.063180   -0.086546
     0.068387   -0.088495
     0.073870   -0.090348
     0.079650   -0.092106
     0.085749   -0.093765
     0.092192   -0.095323
     0.099007   -0.096775
     0.106228   -0.098116
     0.113890   -0.099337
     0.122034   -0.100431
     0.130704   -0.101386
     0.139948   -0.102187
     0.149818   -0.102820
     0.160370   -0.103264
     0.171661   -0.103497
     0.183750   -0.103494
     0.196692   -0.103227
     0.210543   -0.102665
     0.225348   -0.101776
     0.241146   -0.100525
     0.257964   -0.098880
     0.275818   -0.096809
     0.294715   -0.094283
     0.314653   -0.091275
     0.335627   -0.087763
     0.357635   -0.083729
     0.380685   -0.079155
     0.404798   -0.074026
     0.430013   -0.068330
     0.456384   -0.062058
     0.483966   -0.055209
     0.512769   -0.047812
     0.542638   -0.039958
     0.573028   -0.031875
     0.602801   -0.023969
     0.631017   -0.016596
     0.657358   -0.009913
     0.681843   -0.003963
     0.704617    0.001269
     0.725864    0.005820
     0.745765    0.009735
     0.764485    0.013058
     0.782171    0.015831
     0.798954    0.018091
     0.814946    0.019870
     0.830249    0.021195
     0.844951    0.022089
     0.859136    0.022569
     0.872877    0.022649
     0.886245    0.022334
     0.899310    0.021629
     0.912142    0.020527
     0.924816    0.019016
     0.937417    0.017073
     0.950048    0.014658
     0.962851    0.011706
     0.976034    0.008106
     0.989954    0.003652
     1.000000    0.000000
