     1.000000    0.000000
     0.990334    0.008104
     0.975533    0.020274
     0.960430    0.032392
     0.945076    0.044378
     0.929509    0.056174
     0.913756    0.067732
     0.897834    0.079014
     0.881755    0.089987
     0.865525    0.100625
     0.849148    0.110904
     0.832626    0.120803
     0.815961    0.130303
     0.799152    0.139385
     0.782201    0.148034
     0.765108    0.156235
     0.747874    0.163973
     0.730501    0.171236
     0.712989    0.178014
     0.695343    0.184295
     0.677565    0.190071
     0.659659    0.195336
     0.641629    0.200085
     0.623481    0.204313
     0.605221    0.208018
     0.586854    0.211201
     0.568387    0.213862
     0.549828    0.216005
     0.531184    0.217635
     0.512464    0.218757
     0.493676    0.219378
     0.474830    0.219508
     0.455935    0.219156
     0.437002    0.218333
     0.418043    0.217049
     0.399071    0.215318
     0.380100    0.213151
     0.361147    0.210562
     0.342232    0.207564
     0.323378    0.204170
     0.304611    0.200396
     0.285966    0.196256
     0.267483    0.191766
     0.249210    0.186944
     0.231208    0.181812
     0.213547    0.176393
     0.196309    0.170716
     0.179588    0.164814
     0.163483    0.158728
     0.148095    0.152501
     0.133521    0.146183
     0.119839    0.139823
     0.107109    0.133468
     0.095361    0.127162
     0.084600    0.120940
     0.074804    0.114829
     0.065935    0.108850
     0.057939    0.103015
     0.050756    0.097332
     0.044323    0.091804
     0.038577    0.086433
     0.033458    0.081219
     0.028909    0.076161
     0.024877    0.071259
     0.021314    0.066510
     0.018174    0.061915
     0.015414    0.057472
     0.012998    0.053179
     0.010890    0.049036
     0.009057    0.045038
     0.007470    0.041185
     0.006103    0.037472
     0.004931    0.033896
     0.003932    0.030454
     0.003086    0.027140
     0.002376    0.023950
     0.001787    0.020878
     0.001304    0.017920
     0.000913    0.015071
     0.000605    0.012327
     0.000368    0.009684
     0.000196    0.007135
     0.000080    0.004675
     0.000017    0.002298
     0.000003    0.001150
     0.000000    0.000000
     0.000130   -0.001963
     0.000606   -0.003844
     0.001458   -0.005683
     0.002688   -0.007360
     0.004260   -0.008813
     0.006090   -0.010041
     0.008123   -0.011067
     0.010315   -0.011923
     0.012646   -0.012636
     0.015104   -0.013233
     0.017686   -0.013731
     0.020391   -0.014146
     0.023224   -0.014486
     0.026191   -0.014763
     0.029303   -0.014982
     0.032568   -0.015148
     0.036001   -0.015266
     0.039616   -0.015338
     0.043430   -0.015366
     0.047463   -0.015354
     0.051738   -0.015301
     0.056280   -0.015209
     0.061120   -0.015078
     0.066290   -0.014909
     0.071830   -0.014702
     0.077782   -0.014456
     0.084193   -0.014173
     0.091118   -0.013853
     0.098613   -0.013497
     0.106739   -0.013107
     0.115554   -0.012687
     0.125114   -0.012242
     0.135466   -0.011781
     0.146643   -0.011312
     0.158656   -0.010848
     0.171492   -0.010405
     0.185111   -0.009997
     0.199447   -0.009640
     0.214422   -0.009349
     0.229945   -0.009135
     0.245925   -0.009007
     0.262280   -0.008971
     0.278936   -0.009029
     0.295834   -0.009182
     0.312925   -0.009425
     0.330170   -0.009756
     0.347540   -0.010169
     0.365014   -0.010656
     0.382575   -0.011210
     0.400210   -0.011823
     0.417907   -0.012485
     0.435658   -0.013187
     0.453451   -0.013919
     0.471276   -0.014671
     0.489118   -0.015430
     0.506959   -0.016186
     0.524783   -0.016928
     0.542581   -0.017645
     0.560344   -0.018325
     0.578068   -0.018958
     0.595750   -0.019535
     0.613389   -0.020046
     0.630983   -0.020480
     0.648534   -0.020829
     0.666041   -0.021086
     0.683506   -0.021240
     0.700929   -0.021286
     0.718312   -0.021215
     0.735657   -0.021022
     0.752963   -0.020699
     0.770234   -0.020243
     0.787468   -0.019648
     0.804666   -0.018911
     0.821828   -0.018029
     0.838952   -0.016999
     0.856034   -0.015821
     0.873067   -0.014495
     0.890044   -0.013022
     0.906951   -0.011407
     0.923768   -0.009656
     0.940469   -0.007775
     0.957017   -0.005777
     0.973365   -0.003676
     0.989452   -0.001493
     1.000000    0.000000
