     1.000000    0.000000
     0.988944    0.006768
     0.971529    0.017497
     0.953264    0.028806
     0.934374    0.040513
     0.915104    0.052417
     0.895643    0.064353
     0.876118    0.076194
     0.856609    0.087847
     0.837160    0.099249
     0.817791    0.110351
     0.798511    0.121120
     0.779319    0.131528
     0.760208    0.141556
     0.741171    0.151185
     0.722201    0.160403
     0.703289    0.169195
     0.684428    0.177549
     0.665611    0.185457
     0.646832    0.192907
     0.628087    0.199890
     0.609372    0.206400
     0.590684    0.212427
     0.572023    0.217965
     0.553387    0.223008
     0.534777    0.227549
     0.516196    0.231582
     0.497647    0.235104
     0.479134    0.238110
     0.460663    0.240596
     0.442242    0.242558
     0.423881    0.243995
     0.405591    0.244904
     0.387386    0.245284
     0.369280    0.245135
     0.351292    0.244458
     0.333444    0.243254
     0.315758    0.241528
     0.298263    0.239283
     0.280987    0.236526
     0.263966    0.233268
     0.247237    0.229518
     0.230839    0.225293
     0.214817    0.220611
     0.199216    0.215494
     0.184085    0.209968
     0.169472    0.204064
     0.155424    0.197817
     0.141986    0.191268
     0.129200    0.184458
     0.117100    0.177434
     0.105714    0.170243
     0.095059    0.162935
     0.085147    0.155556
     0.075975    0.148153
     0.067535    0.140768
     0.059808    0.133443
     0.052770    0.126211
     0.046388    0.119104
     0.040629    0.112148
     0.035451    0.105363
     0.030816    0.098767
     0.026681    0.092372
     0.023005    0.086188
     0.019749    0.080220
     0.016875    0.074470
     0.014344    0.068938
     0.012125    0.063623
     0.010184    0.058520
     0.008493    0.053624
     0.007025    0.048929
     0.005757    0.044427
     0.004665    0.040111
     0.003732    0.035974
     0.002939    0.032006
     0.002270    0.028201
     0.001712    0.024549
     0.001253    0.021042
     0.000880    0.017675
     0.000585    0.014439
     0.000358    0.011329
     0.000192    0.008337
     0.000081    0.005457
     0.000019    0.002680
     0.000004    0.001340
     0.000000    0.000000
     0.000113   -0.002325
     0.000427   -0.004616
     0.000962   -0.006956
     0.001715   -0.009307
     0.002677   -0.011654
     0.003841   -0.013988
     0.005199   -0.016307
     0.006747   -0.018610
     0.008478   -0.020897
     0.010390   -0.023168
     0.012482   -0.025427
     0.014753   -0.027677
     0.017207   -0.029922
     0.019848   -0.032167
     0.022683   -0.034415
     0.025721   -0.036670
     0.028972   -0.038939
     0.032449   -0.041225
     0.036169   -0.043533
     0.040148   -0.045869
     0.044409   -0.048237
     0.048974   -0.050642
     0.053872   -0.053090
     0.059133   -0.055585
     0.064792   -0.058132
     0.070888   -0.060737
     0.077463   -0.063402
     0.084563   -0.066130
     0.092238   -0.068923
     0.100538   -0.071781
     0.109515   -0.074702
     0.119215   -0.077679
     0.129682   -0.080702
     0.140946   -0.083757
     0.153022   -0.086827
     0.165910   -0.089887
     0.179588   -0.092912
     0.194016   -0.095875
     0.209135   -0.098747
     0.224876   -0.101501
     0.241165   -0.104115
     0.257925   -0.106567
     0.275082   -0.108843
     0.292571   -0.110928
     0.310330   -0.112815
     0.328309   -0.114496
     0.346464   -0.115966
     0.364757   -0.117223
     0.383158   -0.118264
     0.401638   -0.119088
     0.420175   -0.119693
     0.438750   -0.120079
     0.457345   -0.120244
     0.475944   -0.120188
     0.494535   -0.119909
     0.513105   -0.119406
     0.531641   -0.118676
     0.550134   -0.117719
     0.568573   -0.116533
     0.586950   -0.115114
     0.605254   -0.113461
     0.623478   -0.111571
     0.641613   -0.109442
     0.659651   -0.107070
     0.677586   -0.104454
     0.695410   -0.101589
     0.713116   -0.098473
     0.730698   -0.095104
     0.748151   -0.091477
     0.765467   -0.087591
     0.782642   -0.083443
     0.799670   -0.079030
     0.816547   -0.074350
     0.833266   -0.069400
     0.849823   -0.064180
     0.866212   -0.058687
     0.882428   -0.052923
     0.898463   -0.046886
     0.914311   -0.040578
     0.929962   -0.034003
     0.945405   -0.027164
     0.960627   -0.020070
     0.975611   -0.012732
     0.990335   -0.005165
     1.000000    0.000000
