     1.000000    0.000000
     0.991118    0.005803
     0.977610    0.014288
     0.963886    0.022501
     0.949956    0.030430
     0.935822    0.038069
     0.921482    0.045415
     0.906929    0.052467
     0.892153    0.059228
     0.877141    0.065700
     0.861880    0.071885
     0.846352    0.077786
     0.830536    0.083408
     0.814413    0.088751
     0.797960    0.093821
     0.781152    0.098618
     0.763963    0.103144
     0.746366    0.107403
     0.728332    0.111393
     0.709832    0.115117
     0.690835    0.118574
     0.671311    0.121765
     0.651231    0.124690
     0.630568    0.127347
     0.609299    0.129736
     0.587406    0.131857
     0.564881    0.133710
     0.541726    0.135293
     0.517964    0.136608
     0.493636    0.137655
     0.468816    0.138436
     0.443611    0.138953
     0.418168    0.139211
     0.392678    0.139215
     0.367373    0.138972
     0.342517    0.138492
     0.318385    0.137787
     0.295238    0.136874
     0.273299    0.135772
     0.252728    0.134501
     0.233610    0.133085
     0.215964    0.131544
     0.199747    0.129899
     0.184878    0.128165
     0.171254    0.126357
     0.158758    0.124485
     0.147278    0.122555
     0.136704    0.120575
     0.126938    0.118545
     0.117891    0.116470
     0.109484    0.114348
     0.101650    0.112179
     0.094330    0.109962
     0.087471    0.107696
     0.081030    0.105376
     0.074969    0.103002
     0.069255    0.100569
     0.063860    0.098075
     0.058760    0.095515
     0.053936    0.092886
     0.049370    0.090185
     0.045048    0.087409
     0.040958    0.084552
     0.037090    0.081614
     0.033437    0.078590
     0.029993    0.075478
     0.026751    0.072276
     0.023709    0.068984
     0.020864    0.065599
     0.018212    0.062122
     0.015753    0.058553
     0.013482    0.054893
     0.011400    0.051144
     0.009503    0.047306
     0.007789    0.043383
     0.006256    0.039377
     0.004900    0.035289
     0.003717    0.031123
     0.002706    0.026882
     0.001862    0.022566
     0.001181    0.018179
     0.000658    0.013725
     0.000285    0.009209
     0.000064    0.004634
     0.000012    0.002318
     0.000000    0.000000
     0.000049   -0.004389
     0.000241   -0.008769
     0.000563   -0.012996
     0.001010   -0.017121
     0.001589   -0.021143
     0.002305   -0.025062
     0.003166   -0.028879
     0.004173   -0.032593
     0.005332   -0.036205
     0.006647   -0.039714
     0.008121   -0.043116
     0.009759   -0.046411
     0.011564   -0.049595
     0.013539   -0.052665
     0.015686   -0.055618
     0.018005   -0.058451
     0.020496   -0.061163
     0.023160   -0.063753
     0.025997   -0.066220
     0.029007   -0.068566
     0.032190   -0.070792
     0.035549   -0.072903
     0.039088   -0.074900
     0.042811   -0.076789
     0.046728   -0.078575
     0.050847   -0.080261
     0.055182   -0.081852
     0.059749   -0.083353
     0.064568   -0.084769
     0.069664   -0.086103
     0.075066   -0.087358
     0.080810   -0.088538
     0.086938   -0.089645
     0.093504   -0.090683
     0.100571   -0.091651
     0.108218   -0.092553
     0.116540   -0.093388
     0.125659   -0.094157
     0.135727   -0.094860
     0.146931   -0.095498
     0.159513   -0.096070
     0.173768   -0.096580
     0.190050   -0.097031
     0.208752   -0.097437
     0.230213   -0.097819
     0.254530   -0.098211
     0.281291   -0.098654
     0.309821   -0.099189
     0.339555   -0.099840
     0.370131   -0.100611
     0.401268   -0.101482
     0.432541   -0.102403
     0.463189   -0.103295
     0.492571   -0.104074
     0.520427   -0.104680
     0.546720   -0.105068
     0.571526   -0.105213
     0.594964   -0.105099
     0.617164   -0.104717
     0.638253   -0.104062
     0.658346   -0.103135
     0.677551   -0.101936
     0.695959   -0.100467
     0.713654   -0.098730
     0.730708   -0.096727
     0.747186   -0.094459
     0.763146   -0.091928
     0.778639   -0.089134
     0.793711   -0.086078
     0.808403   -0.082758
     0.822752   -0.079174
     0.836792   -0.075323
     0.850555   -0.071201
     0.864070   -0.066805
     0.877364   -0.062128
     0.890463   -0.057165
     0.903393   -0.051907
     0.916179   -0.046343
     0.928847   -0.040461
     0.941425   -0.034244
     0.953943   -0.027673
     0.966435   -0.020721
     0.978946   -0.013352
     0.991531   -0.005518
     1.000000    0.000000
