     1.000000    0.000000
     0.989407    0.005436
     0.972533    0.014010
     0.954658    0.022971
     0.936013    0.032168
     0.916822    0.041460
     0.897272    0.050727
     0.877506    0.059876
     0.857625    0.068840
     0.837699    0.077570
     0.817770    0.086034
     0.797864    0.094208
     0.777997    0.102074
     0.758177    0.109623
     0.738407    0.116843
     0.718690    0.123729
     0.699023    0.130274
     0.679407    0.136474
     0.659841    0.142324
     0.640322    0.147822
     0.620852    0.152962
     0.601431    0.157743
     0.582060    0.162161
     0.562740    0.166213
     0.543476    0.169896
     0.524272    0.173208
     0.505133    0.176147
     0.486068    0.178709
     0.467085    0.180892
     0.448195    0.182696
     0.429411    0.184117
     0.410748    0.185154
     0.392224    0.185807
     0.373858    0.186076
     0.355674    0.185961
     0.337698    0.185464
     0.319958    0.184588
     0.302488    0.183338
     0.285321    0.181720
     0.268497    0.179743
     0.252056    0.177418
     0.236039    0.174759
     0.220490    0.171784
     0.205448    0.168513
     0.190955    0.164967
     0.177044    0.161172
     0.163746    0.157156
     0.151084    0.152946
     0.139075    0.148571
     0.127725    0.144059
     0.117035    0.139436
     0.106998    0.134728
     0.097601    0.129958
     0.088824    0.125145
     0.080646    0.120308
     0.073041    0.115461
     0.065983    0.110618
     0.059444    0.105790
     0.053396    0.100987
     0.047813    0.096216
     0.042668    0.091484
     0.037936    0.086798
     0.033594    0.082163
     0.029618    0.077583
     0.025987    0.073064
     0.022680    0.068610
     0.019679    0.064224
     0.016964    0.059912
     0.014519    0.055675
     0.012325    0.051518
     0.010367    0.047445
     0.008629    0.043457
     0.007097    0.039558
     0.005754    0.035749
     0.004588    0.032032
     0.003585    0.028409
     0.002732    0.024880
     0.002018    0.021446
     0.001430    0.018105
     0.000958    0.014859
     0.000591    0.011706
     0.000320    0.008648
     0.000136    0.005680
     0.000032    0.002798
     0.000007    0.001400
     0.000000    0.000000
     0.000084   -0.002599
     0.000329   -0.005177
     0.000748   -0.007810
     0.001346   -0.010468
     0.002126   -0.013144
     0.003091   -0.015825
     0.004242   -0.018506
     0.005579   -0.021183
     0.007105   -0.023850
     0.008818   -0.026504
     0.010721   -0.029141
     0.012815   -0.031760
     0.015101   -0.034358
     0.017584   -0.036935
     0.020266   -0.039490
     0.023154   -0.042023
     0.026253   -0.044532
     0.029573   -0.047019
     0.033122   -0.049483
     0.036912   -0.051922
     0.040955   -0.054337
     0.045266   -0.056727
     0.049861   -0.059088
     0.054759   -0.061421
     0.059980   -0.063720
     0.065546   -0.065982
     0.071482   -0.068202
     0.077814   -0.070373
     0.084569   -0.072488
     0.091778   -0.074537
     0.099470   -0.076508
     0.107676   -0.078388
     0.116427   -0.080161
     0.125750   -0.081810
     0.135672   -0.083314
     0.146215   -0.084652
     0.157396   -0.085802
     0.169224   -0.086739
     0.181703   -0.087441
     0.194830   -0.087884
     0.208591   -0.088048
     0.222972   -0.087914
     0.237949   -0.087466
     0.253498   -0.086693
     0.269592   -0.085586
     0.286205   -0.084140
     0.303312   -0.082353
     0.320892   -0.080226
     0.338927   -0.077764
     0.357401   -0.074971
     0.376305   -0.071857
     0.395632   -0.068433
     0.415377   -0.064711
     0.435537   -0.060708
     0.456108   -0.056443
     0.477078   -0.051941
     0.498421   -0.047233
     0.520086   -0.042363
     0.541975   -0.037389
     0.563921   -0.032386
     0.585707   -0.027447
     0.607188   -0.022644
     0.628284   -0.018032
     0.648952   -0.013651
     0.669177   -0.009534
     0.688959   -0.005704
     0.708305   -0.002181
     0.727228    0.001019
     0.745746    0.003886
     0.763875    0.006410
     0.781635    0.008582
     0.799046    0.010398
     0.816126    0.011850
     0.832897    0.012936
     0.849381    0.013651
     0.865600    0.013991
     0.881579    0.013953
     0.897344    0.013530
     0.912926    0.012717
     0.928359    0.011504
     0.943685    0.009880
     0.958955    0.007825
     0.974236    0.005315
     0.989617    0.002309
     1.000000    0.000000
