     1.000000    0.000000
     0.989414    0.005023
     0.973241    0.013015
     0.956692    0.021557
     0.939765    0.030609
     0.922467    0.040129
     0.904810    0.050065
     0.886828    0.060347
     0.868578    0.070885
     0.850160    0.081562
     0.831725    0.092229
     0.813391    0.102760
     0.795218    0.113066
     0.777236    0.123085
     0.759454    0.132771
     0.741869    0.142089
     0.724472    0.151016
     0.707253    0.159529
     0.690199    0.167613
     0.673298    0.175252
     0.656539    0.182436
     0.639912    0.189153
     0.623406    0.195393
     0.607013    0.201149
     0.590726    0.206413
     0.574537    0.211179
     0.558440    0.215442
     0.542428    0.219196
     0.526497    0.222438
     0.510642    0.225163
     0.494859    0.227370
     0.479143    0.229055
     0.463491    0.230217
     0.447901    0.230854
     0.432371    0.230965
     0.416898    0.230551
     0.401482    0.229610
     0.386123    0.228144
     0.370820    0.226153
     0.355576    0.223640
     0.340392    0.220607
     0.325274    0.217058
     0.310225    0.212999
     0.295254    0.208435
     0.280370    0.203375
     0.265586    0.197831
     0.250919    0.191817
     0.236392    0.185352
     0.222031    0.178463
     0.207873    0.171181
     0.193962    0.163548
     0.180351    0.155619
     0.167105    0.147459
     0.154295    0.139148
     0.141998    0.130775
     0.130290    0.122440
     0.119240    0.114242
     0.108898    0.106272
     0.099294    0.098609
     0.090436    0.091312
     0.082306    0.084415
     0.074868    0.077935
     0.068075    0.071869
     0.061874    0.066205
     0.056208    0.060920
     0.051022    0.055988
     0.046264    0.051380
     0.041889    0.047069
     0.037853    0.043028
     0.034121    0.039231
     0.030658    0.035656
     0.027438    0.032283
     0.024434    0.029091
     0.021625    0.026065
     0.018993    0.023188
     0.016520    0.020449
     0.014194    0.017833
     0.012002    0.015330
     0.009935    0.012929
     0.007980    0.010622
     0.006131    0.008400
     0.004396    0.006247
     0.002769    0.004153
     0.001223    0.002119
     0.000551    0.001095
     0.000000    0.000000
     0.000079   -0.002264
     0.000354   -0.004497
     0.000841   -0.006766
     0.001553   -0.009031
     0.002510   -0.011263
     0.003719   -0.013436
     0.005175   -0.015531
     0.006869   -0.017534
     0.008787   -0.019436
     0.010916   -0.021235
     0.013245   -0.022933
     0.015765   -0.024535
     0.018471   -0.026049
     0.021361   -0.027481
     0.024437   -0.028837
     0.027704   -0.030127
     0.031170   -0.031353
     0.034846   -0.032524
     0.038746   -0.033643
     0.042887   -0.034714
     0.047289   -0.035740
     0.051976   -0.036725
     0.056976   -0.037671
     0.062321   -0.038577
     0.068048   -0.039446
     0.074198   -0.040276
     0.080818   -0.041067
     0.087960   -0.041816
     0.095683   -0.042519
     0.104048   -0.043171
     0.113120   -0.043764
     0.122961   -0.044290
     0.133631   -0.044738
     0.145174   -0.045095
     0.157620   -0.045345
     0.170971   -0.045473
     0.185201   -0.045463
     0.200255   -0.045301
     0.216053   -0.044974
     0.232497   -0.044472
     0.249486   -0.043788
     0.266918   -0.042919
     0.284705   -0.041861
     0.302771   -0.040616
     0.321053   -0.039184
     0.339505   -0.037566
     0.358092   -0.035764
     0.376791   -0.033783
     0.395587   -0.031623
     0.414471   -0.029290
     0.433441   -0.026787
     0.452499   -0.024118
     0.471649   -0.021292
     0.490895   -0.018314
     0.510244   -0.015194
     0.529697   -0.011947
     0.549250   -0.008587
     0.568887   -0.005137
     0.588575   -0.001625
     0.608250    0.001909
     0.627810    0.005419
     0.647156    0.008853
     0.666217    0.012166
     0.684946    0.015316
     0.703311    0.018265
     0.721292    0.020980
     0.738879    0.023429
     0.756069    0.025587
     0.772864    0.027427
     0.789271    0.028930
     0.805303    0.030077
     0.820972    0.030848
     0.836295    0.031230
     0.851294    0.031208
     0.865989    0.030765
     0.880406    0.029889
     0.894572    0.028563
     0.908521    0.026767
     0.922287    0.024480
     0.935915    0.021674
     0.949461    0.018310
     0.962996    0.014336
     0.976621    0.009675
     0.990488    0.004203
     1.000000    0.000000
