     1.000000    0.000000
     0.989372    0.003970
     0.973085    0.009996
     0.956464    0.016074
     0.939590    0.022165
     0.922531    0.028236
     0.905336    0.034264
     0.888043    0.040226
     0.870679    0.046105
     0.853266    0.051887
     0.835816    0.057559
     0.818341    0.063109
     0.800848    0.068527
     0.783341    0.073803
     0.765824    0.078926
     0.748300    0.083887
     0.730771    0.088678
     0.713238    0.093288
     0.695703    0.097708
     0.678165    0.101930
     0.660627    0.105943
     0.643089    0.109739
     0.625553    0.113309
     0.608019    0.116644
     0.590490    0.119734
     0.572967    0.122570
     0.555452    0.125145
     0.537948    0.127449
     0.520457    0.129474
     0.502983    0.131212
     0.485528    0.132655
     0.468098    0.133796
     0.450697    0.134626
     0.433330    0.135140
     0.416004    0.135330
     0.398726    0.135191
     0.381504    0.134717
     0.364348    0.133904
     0.347271    0.132748
     0.330286    0.131247
     0.313412    0.129398
     0.296670    0.127204
     0.280086    0.124667
     0.263695    0.121794
     0.247537    0.118596
     0.231662    0.115090
     0.216128    0.111298
     0.201004    0.107252
     0.186367    0.102991
     0.172298    0.098563
     0.158876    0.094023
     0.146171    0.089429
     0.134240    0.084840
     0.123115    0.080309
     0.112806    0.075884
     0.103300    0.071598
     0.094565    0.067477
     0.086554    0.063534
     0.079214    0.059775
     0.072485    0.056199
     0.066311    0.052800
     0.060636    0.049570
     0.055409    0.046499
     0.050585    0.043575
     0.046121    0.040788
     0.041981    0.038127
     0.038133    0.035581
     0.034547    0.033141
     0.031199    0.030797
     0.028067    0.028540
     0.025132    0.026364
     0.022378    0.024259
     0.019790    0.022219
     0.017356    0.020238
     0.015066    0.018309
     0.012913    0.016425
     0.010888    0.014580
     0.008987    0.012767
     0.007206    0.010979
     0.005548    0.009207
     0.004024    0.007441
     0.002642    0.005664
     0.001408    0.003859
     0.000467    0.001986
     0.000174    0.001015
     0.000000    0.000000
     0.000334   -0.002009
     0.001056   -0.003896
     0.002112   -0.005752
     0.003364   -0.007563
     0.004777   -0.009343
     0.006340   -0.011109
     0.008044   -0.012869
     0.009879   -0.014633
     0.011846   -0.016406
     0.013947   -0.018195
     0.016189   -0.020006
     0.018576   -0.021844
     0.021118   -0.023714
     0.023824   -0.025621
     0.026707   -0.027568
     0.029781   -0.029562
     0.033063   -0.031606
     0.036571   -0.033706
     0.040327   -0.035866
     0.044355   -0.038090
     0.048683   -0.040385
     0.053343   -0.042754
     0.058370   -0.045201
     0.063804   -0.047729
     0.069688   -0.050340
     0.076069   -0.053033
     0.082997   -0.055806
     0.090526   -0.058653
     0.098705   -0.061562
     0.107583   -0.064517
     0.117199   -0.067493
     0.127580   -0.070459
     0.138737   -0.073379
     0.150660   -0.076208
     0.163320   -0.078901
     0.176666   -0.081410
     0.190636   -0.083692
     0.205157   -0.085710
     0.220156   -0.087431
     0.235560   -0.088832
     0.251303   -0.089900
     0.267328   -0.090623
     0.283587   -0.091001
     0.300038   -0.091033
     0.316649   -0.090725
     0.333395   -0.090084
     0.350255   -0.089120
     0.367212   -0.087845
     0.384257   -0.086270
     0.401378   -0.084409
     0.418571   -0.082276
     0.435829   -0.079885
     0.453152   -0.077252
     0.470536   -0.074393
     0.487983   -0.071324
     0.505491   -0.068063
     0.523061   -0.064627
     0.540694   -0.061036
     0.558388   -0.057310
     0.576142   -0.053470
     0.593949   -0.049541
     0.611799   -0.045547
     0.629675   -0.041518
     0.647550   -0.037484
     0.665389   -0.033480
     0.683173   -0.029537
     0.700886   -0.025684
     0.718518   -0.021950
     0.736065   -0.018362
     0.753524   -0.014947
     0.770894   -0.011729
     0.788173   -0.008735
     0.805362   -0.005988
     0.822462   -0.003513
     0.839473   -0.001334
     0.856396    0.000526
     0.873233    0.002045
     0.889987    0.003200
     0.906659    0.003970
     0.923254    0.004333
     0.939780    0.004268
     0.956245    0.003753
     0.972666    0.002765
     0.989060    0.001280
     1.000000    0.000000
