     1.000000    0.000000
     0.991336    0.005319
     0.977953    0.013269
     0.964145    0.021143
     0.949961    0.028894
     0.935440    0.036487
     0.920611    0.043895
     0.905496    0.051098
     0.890112    0.058082
     0.874469    0.064836
     0.858572    0.071353
     0.842426    0.077628
     0.826032    0.083657
     0.809387    0.089439
     0.792492    0.094971
     0.775345    0.100251
     0.757943    0.105280
     0.740285    0.110054
     0.722371    0.114573
     0.704202    0.118836
     0.685779    0.122840
     0.667107    0.126585
     0.648191    0.130067
     0.629042    0.133285
     0.609669    0.136237
     0.590088    0.138919
     0.570317    0.141330
     0.550378    0.143468
     0.530295    0.145329
     0.510099    0.146913
     0.489825    0.148216
     0.469510    0.149238
     0.449200    0.149978
     0.428941    0.150435
     0.408788    0.150611
     0.388798    0.150508
     0.369033    0.150128
     0.349557    0.149477
     0.330439    0.148562
     0.311746    0.147392
     0.293546    0.145979
     0.275903    0.144337
     0.258877    0.142482
     0.242518    0.140432
     0.226866    0.138207
     0.211952    0.135828
     0.197792    0.133313
     0.184390    0.130685
     0.171739    0.127960
     0.159822    0.125155
     0.148613    0.122285
     0.138082    0.119362
     0.128192    0.116397
     0.118907    0.113396
     0.110188    0.110367
     0.101997    0.107312
     0.094299    0.104235
     0.087058    0.101137
     0.080242    0.098019
     0.073822    0.094879
     0.067771    0.091716
     0.062063    0.088529
     0.056678    0.085313
     0.051596    0.082068
     0.046799    0.078788
     0.042273    0.075471
     0.038004    0.072112
     0.033982    0.068708
     0.030197    0.065255
     0.026642    0.061747
     0.023312    0.058181
     0.020202    0.054553
     0.017309    0.050859
     0.014632    0.047094
     0.012172    0.043256
     0.009928    0.039340
     0.007902    0.035343
     0.006098    0.031262
     0.004517    0.027094
     0.003165    0.022836
     0.002045    0.018482
     0.001163    0.014028
     0.000522    0.009470
     0.000130    0.004802
     0.000031    0.002404
     0.000000    0.000000
     0.000038   -0.004312
     0.000208   -0.008616
     0.000490   -0.012669
     0.000875   -0.016569
     0.001367   -0.020324
     0.001971   -0.023941
     0.002694   -0.027427
     0.003538   -0.030788
     0.004509   -0.034026
     0.005612   -0.037145
     0.006851   -0.040143
     0.008234   -0.043017
     0.009764   -0.045766
     0.011446   -0.048383
     0.013283   -0.050864
     0.015276   -0.053204
     0.017423   -0.055395
     0.019724   -0.057434
     0.022172   -0.059320
     0.024764   -0.061049
     0.027496   -0.062624
     0.030362   -0.064048
     0.033360   -0.065325
     0.036489   -0.066461
     0.039749   -0.067461
     0.043144   -0.068331
     0.046678   -0.069077
     0.050359   -0.069703
     0.054197   -0.070214
     0.058204   -0.070613
     0.062396   -0.070903
     0.066791   -0.071084
     0.071411   -0.071158
     0.076284   -0.071123
     0.081441   -0.070977
     0.086919   -0.070715
     0.092764   -0.070333
     0.099032   -0.069824
     0.105788   -0.069177
     0.113113   -0.068380
     0.121108   -0.067419
     0.129892   -0.066275
     0.139612   -0.064928
     0.150441   -0.063354
     0.162567   -0.061532
     0.176167   -0.059449
     0.191326   -0.057116
     0.207964   -0.054581
     0.225865   -0.051923
     0.244750   -0.049231
     0.264344   -0.046586
     0.284430   -0.044053
     0.304865   -0.041674
     0.325574   -0.039476
     0.346534   -0.037470
     0.367754   -0.035662
     0.389270   -0.034051
     0.411133   -0.032632
     0.433402   -0.031398
     0.456145   -0.030340
     0.479434   -0.029445
     0.503336   -0.028700
     0.527906   -0.028086
     0.553166   -0.027579
     0.579063   -0.027150
     0.605412   -0.026765
     0.631808   -0.026384
     0.657814   -0.025968
     0.683197   -0.025482
     0.707879   -0.024895
     0.731866   -0.024183
     0.755200   -0.023327
     0.777937   -0.022313
     0.800133   -0.021130
     0.821833   -0.019773
     0.843068   -0.018238
     0.863844   -0.016529
     0.884141   -0.014652
     0.903904   -0.012625
     0.923041   -0.010473
     0.941421   -0.008231
     0.958894   -0.005945
     0.975309   -0.003663
     0.990539   -0.001436
     1.000000    0.000000
