     1.000000    0.000000
     0.990062    0.004919
     0.974225    0.012527
     0.957300    0.020360
     0.939349    0.028357
     0.920441    0.036459
     0.900647    0.044615
     0.880036    0.052781
     0.858675    0.060923
     0.836628    0.069010
     0.813962    0.077016
     0.790745    0.084917
     0.767052    0.092690
     0.742964    0.100311
     0.718568    0.107755
     0.693959    0.114995
     0.669232    0.122003
     0.644488    0.128751
     0.619823    0.135213
     0.595329    0.141361
     0.571094    0.147171
     0.547197    0.152621
     0.523710    0.157692
     0.500695    0.162369
     0.478204    0.166640
     0.456283    0.170497
     0.434968    0.173934
     0.414291    0.176951
     0.394272    0.179550
     0.374928    0.181737
     0.356271    0.183520
     0.338305    0.184909
     0.321031    0.185918
     0.304445    0.186562
     0.288537    0.186856
     0.273297    0.186818
     0.258709    0.186465
     0.244756    0.185814
     0.231417    0.184884
     0.218671    0.183691
     0.206496    0.182252
     0.194868    0.180583
     0.183764    0.178698
     0.173160    0.176612
     0.163034    0.174335
     0.153363    0.171881
     0.144125    0.169260
     0.135301    0.166480
     0.126870    0.163551
     0.118814    0.160480
     0.111116    0.157273
     0.103762    0.153938
     0.096735    0.150479
     0.090022    0.146901
     0.083612    0.143208
     0.077493    0.139406
     0.071655    0.135496
     0.066088    0.131484
     0.060786    0.127371
     0.055740    0.123162
     0.050945    0.118859
     0.046393    0.114466
     0.042080    0.109985
     0.038002    0.105422
     0.034154    0.100778
     0.030532    0.096059
     0.027133    0.091268
     0.023954    0.086409
     0.020991    0.081489
     0.018242    0.076511
     0.015703    0.071482
     0.013372    0.066409
     0.011245    0.061296
     0.009319    0.056153
     0.007590    0.050986
     0.006054    0.045803
     0.004706    0.040614
     0.003541    0.035427
     0.002555    0.030252
     0.001741    0.025097
     0.001093    0.019974
     0.000602    0.014892
     0.000260    0.009864
     0.000061    0.004898
     0.000014    0.002450
     0.000000    0.000000
     0.000048   -0.004372
     0.000240   -0.008734
     0.000559   -0.012894
     0.000998   -0.016925
     0.001562   -0.020829
     0.002257   -0.024610
     0.003089   -0.028270
     0.004059   -0.031811
     0.005174   -0.035235
     0.006435   -0.038540
     0.007848   -0.041725
     0.009418   -0.044786
     0.011147   -0.047719
     0.013039   -0.050519
     0.015094   -0.053182
     0.017312   -0.055701
     0.019693   -0.058073
     0.022232   -0.060295
     0.024928   -0.062363
     0.027777   -0.064277
     0.030775   -0.066039
     0.033920   -0.067649
     0.037210   -0.069111
     0.040645   -0.070430
     0.044227   -0.071608
     0.047961   -0.072650
     0.051852   -0.073559
     0.055908   -0.074340
     0.060141   -0.074994
     0.064563   -0.075523
     0.069192   -0.075929
     0.074047   -0.076210
     0.079152   -0.076366
     0.084534   -0.076392
     0.090228   -0.076285
     0.096274   -0.076038
     0.102719   -0.075643
     0.109620   -0.075088
     0.117049   -0.074358
     0.125089   -0.073437
     0.133846   -0.072302
     0.143445   -0.070925
     0.154046   -0.069274
     0.165837   -0.067309
     0.179043   -0.064987
     0.193906   -0.062266
     0.210643   -0.059117
     0.229320   -0.055557
     0.249666   -0.051689
     0.271132   -0.047681
     0.293175   -0.043700
     0.315395   -0.039873
     0.337562   -0.036278
     0.359572   -0.032958
     0.381408   -0.029932
     0.403095   -0.027206
     0.424683   -0.024779
     0.446237   -0.022647
     0.467825   -0.020805
     0.489526   -0.019248
     0.511421   -0.017969
     0.533597   -0.016964
     0.556151   -0.016226
     0.579185   -0.015748
     0.602807   -0.015520
     0.627119   -0.015531
     0.652194   -0.015757
     0.678020   -0.016165
     0.704383   -0.016696
     0.730710   -0.017266
     0.756185   -0.017773
     0.780326   -0.018134
     0.803016   -0.018294
     0.824312   -0.018221
     0.844347   -0.017896
     0.863271   -0.017309
     0.881229   -0.016454
     0.898357   -0.015326
     0.914779   -0.013920
     0.930611   -0.012227
     0.945962   -0.010237
     0.960941   -0.007932
     0.975661   -0.005286
     0.990252   -0.002259
     1.000000    0.000000
