     1.000000    0.000000
     0.991575    0.005155
     0.978820    0.012626
     0.965867    0.019821
     0.952669    0.026770
     0.939191    0.033493
     0.925393    0.040008
     0.911239    0.046330
     0.896695    0.052468
     0.881728    0.058435
     0.866302    0.064236
     0.850388    0.069879
     0.833953    0.075367
     0.816973    0.080705
     0.799424    0.085893
     0.781290    0.090930
     0.762565    0.095815
     0.743251    0.100542
     0.723366    0.105105
     0.702941    0.109493
     0.682025    0.113695
     0.660682    0.117697
     0.638993    0.121482
     0.617051    0.125036
     0.594956    0.128340
     0.572815    0.131378
     0.550731    0.134137
     0.528802    0.136603
     0.507116    0.138767
     0.485749    0.140620
     0.464766    0.142160
     0.444220    0.143383
     0.424149    0.144291
     0.404583    0.144887
     0.385545    0.145175
     0.367048    0.145162
     0.349100    0.144855
     0.331707    0.144264
     0.314870    0.143398
     0.298588    0.142269
     0.282859    0.140888
     0.267679    0.139268
     0.253046    0.137422
     0.238954    0.135365
     0.225399    0.133110
     0.212375    0.130672
     0.199878    0.128068
     0.187901    0.125312
     0.176437    0.122422
     0.165478    0.119411
     0.155015    0.116297
     0.145037    0.113094
     0.135533    0.109817
     0.126491    0.106480
     0.117896    0.103094
     0.109734    0.099673
     0.101989    0.096227
     0.094645    0.092765
     0.087684    0.089295
     0.081091    0.085824
     0.074847    0.082359
     0.068937    0.078903
     0.063343    0.075460
     0.058051    0.072032
     0.053043    0.068623
     0.048307    0.065231
     0.043829    0.061857
     0.039595    0.058501
     0.035595    0.055161
     0.031817    0.051836
     0.028253    0.048521
     0.024894    0.045215
     0.021733    0.041914
     0.018764    0.038612
     0.015984    0.035305
     0.013391    0.031986
     0.010985    0.028649
     0.008769    0.025285
     0.006748    0.021885
     0.004934    0.018438
     0.003346    0.014932
     0.002007    0.011350
     0.000955    0.007678
     0.000267    0.003906
     0.000079    0.001961
     0.000000    0.000000
     0.000065   -0.004266
     0.000278   -0.008522
     0.000632   -0.012721
     0.001127   -0.016875
     0.001766   -0.020979
     0.002550   -0.025028
     0.003480   -0.029019
     0.004558   -0.032947
     0.005783   -0.036810
     0.007156   -0.040604
     0.008679   -0.044325
     0.010351   -0.047971
     0.012173   -0.051537
     0.014146   -0.055021
     0.016270   -0.058419
     0.018545   -0.061728
     0.020971   -0.064946
     0.023549   -0.068069
     0.026279   -0.071094
     0.029161   -0.074020
     0.032196   -0.076843
     0.035384   -0.079562
     0.038728   -0.082174
     0.042227   -0.084678
     0.045885   -0.087071
     0.049704   -0.089354
     0.053687   -0.091523
     0.057838   -0.093577
     0.062162   -0.095515
     0.066665   -0.097334
     0.071355   -0.099034
     0.076240   -0.100612
     0.081329   -0.102064
     0.086636   -0.103388
     0.092172   -0.104580
     0.097954   -0.105636
     0.104000   -0.106550
     0.110330   -0.107316
     0.116968   -0.107925
     0.123942   -0.108370
     0.131282   -0.108639
     0.139027   -0.108720
     0.147218   -0.108597
     0.155904   -0.108252
     0.165141   -0.107665
     0.174999   -0.106811
     0.185554   -0.105659
     0.196899   -0.104175
     0.209144   -0.102317
     0.222421   -0.100038
     0.236884   -0.097279
     0.252720   -0.093974
     0.270148   -0.090049
     0.289422   -0.085421
     0.310810   -0.080013
     0.334532   -0.073777
     0.360572   -0.066761
     0.388272   -0.059233
     0.416183   -0.051711
     0.443298   -0.044578
     0.469279   -0.037998
     0.494135   -0.032007
     0.518001   -0.026594
     0.541042   -0.021726
     0.563420   -0.017372
     0.585284   -0.013500
     0.606771   -0.010083
     0.628006   -0.007099
     0.649112   -0.004530
     0.670210   -0.002361
     0.691428   -0.000581
     0.712900    0.000818
     0.734775    0.001843
     0.757221    0.002499
     0.780421    0.002790
     0.804556    0.002726
     0.829747    0.002333
     0.855890    0.001671
     0.882342    0.000860
     0.907754    0.000088
     0.931105   -0.000483
     0.952259   -0.000769
     0.971464   -0.000744
     0.989031   -0.000399
     1.000000    0.000000
