     1.000000    0.000000
     0.991455    0.007412
     0.978498    0.018224
     0.965397    0.028656
     0.952169    0.038688
     0.938818    0.048314
     0.925351    0.057531
     0.911764    0.066342
     0.898053    0.074751
     0.884210    0.082762
     0.870226    0.090384
     0.856089    0.097622
     0.841785    0.104483
     0.827299    0.110975
     0.812615    0.117102
     0.797715    0.122871
     0.782580    0.128286
     0.767188    0.133352
     0.751517    0.138073
     0.735543    0.142451
     0.719242    0.146489
     0.702586    0.150187
     0.685547    0.153547
     0.668095    0.156568
     0.650200    0.159249
     0.631831    0.161590
     0.612956    0.163588
     0.593543    0.165242
     0.573563    0.166549
     0.552992    0.167507
     0.531807    0.168115
     0.509998    0.168373
     0.487567    0.168281
     0.464532    0.167843
     0.440939    0.167065
     0.416867    0.165957
     0.392434    0.164534
     0.367809    0.162816
     0.343212    0.160830
     0.318908    0.158608
     0.295195    0.156188
     0.272369    0.153609
     0.250693    0.150913
     0.230366    0.148136
     0.211501    0.145310
     0.194130    0.142458
     0.178215    0.139596
     0.163672    0.136732
     0.150390    0.133871
     0.138246    0.131011
     0.127121    0.128150
     0.116901    0.125281
     0.107487    0.122401
     0.098788    0.119500
     0.090725    0.116573
     0.083232    0.113612
     0.076252    0.110610
     0.069736    0.107560
     0.063642    0.104455
     0.057935    0.101289
     0.052588    0.098056
     0.047575    0.094750
     0.042876    0.091366
     0.038476    0.087900
     0.034361    0.084349
     0.030520    0.080710
     0.026944    0.076983
     0.023625    0.073168
     0.020558    0.069266
     0.017735    0.065280
     0.015153    0.061213
     0.012803    0.057072
     0.010681    0.052861
     0.008779    0.048589
     0.007091    0.044262
     0.005608    0.039888
     0.004323    0.035477
     0.003225    0.031038
     0.002307    0.026579
     0.001560    0.022111
     0.000971    0.017643
     0.000529    0.013187
     0.000223    0.008756
     0.000048    0.004358
     0.000008    0.002180
     0.000000    0.000000
     0.000045   -0.003863
     0.000230   -0.007716
     0.000543   -0.011444
     0.000983   -0.015087
     0.001558   -0.018641
     0.002278   -0.022104
     0.003154   -0.025471
     0.004191   -0.028739
     0.005399   -0.031904
     0.006784   -0.034958
     0.008353   -0.037893
     0.010110   -0.040699
     0.012059   -0.043369
     0.014201   -0.045891
     0.016533   -0.048261
     0.019052   -0.050471
     0.021752   -0.052519
     0.024627   -0.054405
     0.027674   -0.056130
     0.030890   -0.057700
     0.034272   -0.059118
     0.037822   -0.060392
     0.041545   -0.061528
     0.045448   -0.062531
     0.049541   -0.063409
     0.053838   -0.064164
     0.058357   -0.064802
     0.063121   -0.065324
     0.068156   -0.065734
     0.073495   -0.066030
     0.079177   -0.066211
     0.085250   -0.066276
     0.091772   -0.066220
     0.098815   -0.066036
     0.106467   -0.065715
     0.114837   -0.065248
     0.124059   -0.064621
     0.134297   -0.063816
     0.145750   -0.062818
     0.158646   -0.061610
     0.173211   -0.060183
     0.189582   -0.058552
     0.207669   -0.056770
     0.227179   -0.054924
     0.247730   -0.053113
     0.268962   -0.051426
     0.290607   -0.049929
     0.312509   -0.048665
     0.334600   -0.047658
     0.356875   -0.046922
     0.379372   -0.046462
     0.402153   -0.046279
     0.425304   -0.046373
     0.448919   -0.046738
     0.473099   -0.047368
     0.497937   -0.048249
     0.523488   -0.049357
     0.549709   -0.050652
     0.576347   -0.052063
     0.602791   -0.053482
     0.628298   -0.054789
     0.652508   -0.055898
     0.675339   -0.056755
     0.696846   -0.057333
     0.717138   -0.057617
     0.736339   -0.057603
     0.754569   -0.057288
     0.771937   -0.056677
     0.788542   -0.055770
     0.804470   -0.054572
     0.819800   -0.053084
     0.834600   -0.051309
     0.848931   -0.049245
     0.862851   -0.046892
     0.876411   -0.044246
     0.889661   -0.041302
     0.902647   -0.038051
     0.915420   -0.034481
     0.928027   -0.030574
     0.940527   -0.026306
     0.952983   -0.021642
     0.965476   -0.016533
     0.978116   -0.010904
     0.991065   -0.004635
     1.000000    0.000000
