     1.000000    0.000000
     0.988007    0.003366
     0.970105    0.008812
     0.952288    0.014701
     0.934549    0.020980
     0.916879    0.027604
     0.899269    0.034528
     0.881709    0.041712
     0.864189    0.049114
     0.846700    0.056699
     0.829231    0.064429
     0.811774    0.072269
     0.794322    0.080184
     0.776869    0.088141
     0.759414    0.096103
     0.741955    0.104036
     0.724487    0.111907
     0.707006    0.119687
     0.689502    0.127345
     0.671967    0.134852
     0.654394    0.142180
     0.636775    0.149300
     0.619102    0.156185
     0.601369    0.162804
     0.583570    0.169129
     0.565701    0.175131
     0.547759    0.180778
     0.529742    0.186039
     0.511651    0.190885
     0.493487    0.195284
     0.475256    0.199203
     0.456964    0.202612
     0.438621    0.205480
     0.420237    0.207776
     0.401828    0.209472
     0.383411    0.210542
     0.365008    0.210959
     0.346643    0.210703
     0.328344    0.209756
     0.310141    0.208104
     0.292071    0.205738
     0.274173    0.202657
     0.256490    0.198864
     0.239074    0.194372
     0.221981    0.189206
     0.205274    0.183399
     0.189026    0.177000
     0.173317    0.170075
     0.158234    0.162705
     0.143867    0.154990
     0.130305    0.147044
     0.117623    0.138992
     0.105879    0.130957
     0.095102    0.123055
     0.085291    0.115383
     0.076417    0.108011
     0.068426    0.100989
     0.061250    0.094339
     0.054814    0.088066
     0.049041    0.082163
     0.043855    0.076611
     0.039191    0.071389
     0.034987    0.066472
     0.031188    0.061836
     0.027749    0.057457
     0.024629    0.053311
     0.021793    0.049379
     0.019211    0.045640
     0.016858    0.042076
     0.014712    0.038673
     0.012754    0.035417
     0.010969    0.032294
     0.009343    0.029292
     0.007866    0.026403
     0.006528    0.023617
     0.005322    0.020925
     0.004244    0.018320
     0.003287    0.015795
     0.002449    0.013345
     0.001726    0.010964
     0.001120    0.008648
     0.000645    0.006396
     0.000304    0.004206
     0.000094    0.002075
     0.000033    0.001039
     0.000000    0.000000
     0.001544   -0.001061
     0.003343   -0.001719
     0.005216   -0.002379
     0.007184   -0.003000
     0.009231   -0.003612
     0.011355   -0.004232
     0.013562   -0.004858
     0.015859   -0.005492
     0.018252   -0.006140
     0.020746   -0.006804
     0.023350   -0.007488
     0.026071   -0.008192
     0.028919   -0.008920
     0.031905   -0.009675
     0.035041   -0.010459
     0.038340   -0.011276
     0.041819   -0.012128
     0.045493   -0.013020
     0.049383   -0.013955
     0.053510   -0.014938
     0.057900   -0.015974
     0.062582   -0.017068
     0.067587   -0.018227
     0.072953   -0.019456
     0.078721   -0.020763
     0.084936   -0.022155
     0.091648   -0.023641
     0.098913   -0.025229
     0.106788   -0.026925
     0.115330   -0.028738
     0.124596   -0.030671
     0.134633   -0.032725
     0.145475   -0.034898
     0.157137   -0.037180
     0.169609   -0.039558
     0.182855   -0.042009
     0.196815   -0.044509
     0.211408   -0.047026
     0.226546   -0.049532
     0.242138   -0.051998
     0.258098   -0.054396
     0.274349   -0.056704
     0.290828   -0.058901
     0.307484   -0.060972
     0.324273   -0.062902
     0.341166   -0.064681
     0.358136   -0.066299
     0.375165   -0.067748
     0.392239   -0.069022
     0.409347   -0.070113
     0.426480   -0.071018
     0.443633   -0.071733
     0.460798   -0.072252
     0.477973   -0.072574
     0.495153   -0.072695
     0.512335   -0.072614
     0.529517   -0.072329
     0.546696   -0.071839
     0.563870   -0.071144
     0.581036   -0.070245
     0.598195   -0.069143
     0.615343   -0.067839
     0.632479   -0.066336
     0.649603   -0.064637
     0.666714   -0.062746
     0.683810   -0.060669
     0.700892   -0.058410
     0.717959   -0.055976
     0.735012   -0.053375
     0.752051   -0.050614
     0.769076   -0.047703
     0.786089   -0.044651
     0.803091   -0.041470
     0.820082   -0.038171
     0.837064   -0.034768
     0.854035   -0.031275
     0.870997   -0.027706
     0.887946   -0.024080
     0.904880   -0.020415
     0.921791   -0.016731
     0.938668   -0.013051
     0.955496   -0.009400
     0.972258   -0.005802
     0.988936   -0.002287
     1.000000    0.000000
