     1.000000    0.000000
     0.992049    0.004960
     0.979864    0.012323
     0.967402    0.019564
     0.954703    0.026646
     0.941797    0.033545
     0.928706    0.040239
     0.915448    0.046714
     0.902035    0.052961
     0.888475    0.058972
     0.874773    0.064742
     0.860931    0.070268
     0.846949    0.075548
     0.832824    0.080582
     0.818555    0.085369
     0.804137    0.089909
     0.789565    0.094201
     0.774835    0.098247
     0.759939    0.102046
     0.744872    0.105598
     0.729629    0.108903
     0.714201    0.111961
     0.698584    0.114771
     0.682771    0.117333
     0.666756    0.119646
     0.650533    0.121709
     0.634098    0.123521
     0.617445    0.125081
     0.600572    0.126388
     0.583475    0.127440
     0.566153    0.128237
     0.548606    0.128777
     0.530836    0.129059
     0.512846    0.129082
     0.494641    0.128847
     0.476232    0.128352
     0.457629    0.127598
     0.438850    0.126587
     0.419913    0.125320
     0.400847    0.123800
     0.381683    0.122031
     0.362464    0.120019
     0.343238    0.117773
     0.324066    0.115301
     0.305022    0.112619
     0.286191    0.109743
     0.267670    0.106696
     0.249568    0.103502
     0.231999    0.100194
     0.215079    0.096804
     0.198913    0.093369
     0.183591    0.089924
     0.169174    0.086502
     0.155699    0.083132
     0.143169    0.079835
     0.131563    0.076626
     0.120841    0.073515
     0.110946    0.070505
     0.101816    0.067595
     0.093387    0.064781
     0.085594    0.062057
     0.078376    0.059415
     0.071678    0.056848
     0.065448    0.054347
     0.059642    0.051903
     0.054218    0.049508
     0.049141    0.047153
     0.044381    0.044829
     0.039910    0.042528
     0.035704    0.040242
     0.031745    0.037961
     0.028015    0.035677
     0.024501    0.033380
     0.021193    0.031059
     0.018083    0.028705
     0.015168    0.026303
     0.012447    0.023842
     0.009926    0.021305
     0.007616    0.018675
     0.005536    0.015933
     0.003714    0.013063
     0.002191    0.010043
     0.001020    0.006858
     0.000269    0.003516
     0.000071    0.001769
     0.000000    0.000000
     0.000048   -0.003916
     0.000240   -0.007821
     0.000565   -0.011614
     0.001020   -0.015330
     0.001614   -0.018964
     0.002356   -0.022511
     0.003255   -0.025969
     0.004315   -0.029334
     0.005543   -0.032601
     0.006944   -0.035767
     0.008522   -0.038822
     0.010283   -0.041762
     0.012226   -0.044579
     0.014353   -0.047266
     0.016664   -0.049820
     0.019155   -0.052235
     0.021823   -0.054509
     0.024666   -0.056641
     0.027681   -0.058632
     0.030867   -0.060485
     0.034221   -0.062202
     0.037747   -0.063787
     0.041447   -0.065244
     0.045327   -0.066578
     0.049395   -0.067793
     0.053663   -0.068891
     0.058144   -0.069876
     0.062854   -0.070749
     0.067814   -0.071512
     0.073048   -0.072163
     0.078584   -0.072702
     0.084456   -0.073125
     0.090704   -0.073429
     0.097372   -0.073606
     0.104517   -0.073649
     0.112203   -0.073545
     0.120504   -0.073282
     0.129508   -0.072841
     0.139320   -0.072201
     0.150056   -0.071337
     0.161852   -0.070216
     0.174853   -0.068805
     0.189214   -0.067063
     0.205084   -0.064951
     0.222592   -0.062428
     0.241820   -0.059464
     0.262791   -0.056040
     0.285453   -0.052155
     0.309685   -0.047828
     0.335321   -0.043090
     0.362173   -0.037985
     0.390053   -0.032564
     0.418770   -0.026884
     0.448098   -0.021015
     0.477693   -0.015060
     0.507034   -0.009165
     0.535646   -0.003467
     0.563257    0.001937
     0.589721    0.006983
     0.614979    0.011626
     0.639020    0.015842
     0.661867    0.019615
     0.683567    0.022944
     0.704181    0.025831
     0.723776    0.028286
     0.742425    0.030319
     0.760203    0.031946
     0.777181    0.033180
     0.793429    0.034035
     0.809015    0.034526
     0.824002    0.034664
     0.838450    0.034459
     0.852416    0.033919
     0.865954    0.033049
     0.879117    0.031853
     0.891957    0.030329
     0.904526    0.028473
     0.916877    0.026275
     0.929070    0.023719
     0.941173    0.020781
     0.953267    0.017420
     0.965460    0.013579
     0.977906    0.009163
     0.990857    0.004004
     1.000000    0.000000
