     1.000000    0.000000
     0.990667    0.006454
     0.976365    0.016036
     0.961744    0.025458
     0.946848    0.034675
     0.931712    0.043654
     0.916365    0.052368
     0.900828    0.060799
     0.885116    0.068932
     0.869244    0.076756
     0.853221    0.084263
     0.837055    0.091445
     0.820754    0.098298
     0.804323    0.104817
     0.787768    0.110999
     0.771095    0.116842
     0.754307    0.122344
     0.737410    0.127501
     0.720407    0.132314
     0.703305    0.136781
     0.686106    0.140901
     0.668817    0.144674
     0.651442    0.148099
     0.633986    0.151177
     0.616454    0.153907
     0.598853    0.156291
     0.581187    0.158327
     0.563463    0.160018
     0.545687    0.161364
     0.527867    0.162366
     0.510008    0.163026
     0.492118    0.163345
     0.474205    0.163324
     0.456278    0.162965
     0.438347    0.162271
     0.420421    0.161243
     0.402511    0.159883
     0.384631    0.158195
     0.366795    0.156182
     0.349021    0.153848
     0.331328    0.151196
     0.313739    0.148234
     0.296285    0.144968
     0.278999    0.141409
     0.261923    0.137570
     0.245108    0.133467
     0.228613    0.129122
     0.212508    0.124565
     0.196870    0.119828
     0.181784    0.114954
     0.167333    0.109989
     0.153597    0.104986
     0.140641    0.099996
     0.128513    0.095067
     0.117234    0.090242
     0.106804    0.085554
     0.097199    0.081028
     0.088381    0.076677
     0.080298    0.072506
     0.072892    0.068516
     0.066106    0.064700
     0.059882    0.061051
     0.054166    0.057556
     0.048908    0.054206
     0.044064    0.050987
     0.039594    0.047889
     0.035463    0.044899
     0.031640    0.042008
     0.028098    0.039205
     0.024814    0.036480
     0.021769    0.033824
     0.018946    0.031228
     0.016331    0.028685
     0.013914    0.026188
     0.011685    0.023727
     0.009639    0.021297
     0.007773    0.018890
     0.006085    0.016501
     0.004581    0.014123
     0.003264    0.011753
     0.002145    0.009385
     0.001235    0.007017
     0.000564    0.004659
     0.000156    0.002320
     0.000048    0.001165
     0.000000    0.000000
     0.000121   -0.002218
     0.000458   -0.004397
     0.001031   -0.006612
     0.001833   -0.008825
     0.002853   -0.011016
     0.004082   -0.013175
     0.005511   -0.015297
     0.007134   -0.017379
     0.008942   -0.019421
     0.010933   -0.021420
     0.013103   -0.023378
     0.015452   -0.025296
     0.017982   -0.027175
     0.020697   -0.029016
     0.023602   -0.030822
     0.026704   -0.032591
     0.030013   -0.034326
     0.033540   -0.036025
     0.037298   -0.037690
     0.041303   -0.039318
     0.045573   -0.040908
     0.050128   -0.042458
     0.054990   -0.043964
     0.060187   -0.045423
     0.065747   -0.046827
     0.071701   -0.048171
     0.078085   -0.049445
     0.084935   -0.050638
     0.092293   -0.051738
     0.100199   -0.052728
     0.108696   -0.053592
     0.117825   -0.054309
     0.127623   -0.054857
     0.138123   -0.055211
     0.149348   -0.055346
     0.161309   -0.055239
     0.174008   -0.054866
     0.187429   -0.054209
     0.201545   -0.053252
     0.216319   -0.051987
     0.231706   -0.050411
     0.247657   -0.048528
     0.264120   -0.046346
     0.281049   -0.043879
     0.298398   -0.041144
     0.316128   -0.038164
     0.334202   -0.034962
     0.352586   -0.031564
     0.371246   -0.027999
     0.390146   -0.024300
     0.409240   -0.020502
     0.428467   -0.016645
     0.447743   -0.012774
     0.466982   -0.008935
     0.486127   -0.005168
     0.505144   -0.001504
     0.524013    0.002029
     0.542726    0.005409
     0.561280    0.008613
     0.579678    0.011626
     0.597923    0.014430
     0.616023    0.017011
     0.633985    0.019358
     0.651814    0.021457
     0.669520    0.023299
     0.687109    0.024874
     0.704590    0.026173
     0.721970    0.027188
     0.739256    0.027914
     0.756455    0.028344
     0.773575    0.028472
     0.790621    0.028295
     0.807599    0.027808
     0.824515    0.027011
     0.841373    0.025900
     0.858174    0.024477
     0.874919    0.022742
     0.891606    0.020698
     0.908226    0.018352
     0.924768    0.015711
     0.941210    0.012787
     0.957522    0.009598
     0.973659    0.006167
     0.989562    0.002527
     1.000000    0.000000
