     1.000000    0.000000
     0.989894    0.008302
     0.974549    0.020769
     0.959010    0.033210
     0.943303    0.045573
     0.927447    0.057818
     0.911451    0.069911
     0.895319    0.081822
     0.879053    0.093526
     0.862651    0.104998
     0.846110    0.116216
     0.829426    0.127158
     0.812596    0.137802
     0.795615    0.148126
     0.778480    0.158109
     0.761187    0.167730
     0.743735    0.176966
     0.726121    0.185796
     0.708347    0.194197
     0.690413    0.202148
     0.672320    0.209628
     0.654074    0.216616
     0.635678    0.223091
     0.617141    0.229035
     0.598469    0.234429
     0.579672    0.239257
     0.560763    0.243504
     0.541752    0.247157
     0.522655    0.250203
     0.503485    0.252635
     0.484259    0.254446
     0.464995    0.255630
     0.445710    0.256185
     0.426422    0.256110
     0.407151    0.255408
     0.387917    0.254082
     0.368740    0.252136
     0.349644    0.249577
     0.330650    0.246414
     0.311784    0.242657
     0.293074    0.238316
     0.274549    0.233405
     0.256247    0.227938
     0.238207    0.221935
     0.220478    0.215417
     0.203117    0.208413
     0.186193    0.200959
     0.169784    0.193101
     0.153979    0.184897
     0.138875    0.176419
     0.124571    0.167752
     0.111160    0.158991
     0.098716    0.150236
     0.087290    0.141585
     0.076902    0.133124
     0.067540    0.124926
     0.059163    0.117041
     0.051708    0.109503
     0.045102    0.102325
     0.039265    0.095511
     0.034117    0.089051
     0.029581    0.082933
     0.025588    0.077138
     0.022074    0.071647
     0.018984    0.066441
     0.016268    0.061499
     0.013881    0.056804
     0.011787    0.052338
     0.009952    0.048086
     0.008347    0.044031
     0.006946    0.040161
     0.005728    0.036463
     0.004672    0.032927
     0.003762    0.029542
     0.002982    0.026297
     0.002318    0.023185
     0.001760    0.020197
     0.001295    0.017326
     0.000916    0.014566
     0.000612    0.011910
     0.000378    0.009354
     0.000206    0.006890
     0.000089    0.004514
     0.000022    0.002219
     0.000006    0.001110
     0.000000    0.000000
     0.000788   -0.001771
     0.002137   -0.003197
     0.003687   -0.004537
     0.005355   -0.005823
     0.007146   -0.007078
     0.009041   -0.008317
     0.011033   -0.009555
     0.013125   -0.010796
     0.015322   -0.012046
     0.017628   -0.013311
     0.020048   -0.014595
     0.022590   -0.015901
     0.025261   -0.017233
     0.028072   -0.018595
     0.031033   -0.019991
     0.034157   -0.021424
     0.037458   -0.022899
     0.040952   -0.024419
     0.044658   -0.025989
     0.048595   -0.027614
     0.052788   -0.029298
     0.057262   -0.031046
     0.062049   -0.032864
     0.067181   -0.034757
     0.072698   -0.036731
     0.078641   -0.038792
     0.085058   -0.040943
     0.091998   -0.043190
     0.099516   -0.045534
     0.107668   -0.047976
     0.116509   -0.050512
     0.126087   -0.053134
     0.136443   -0.055830
     0.147602   -0.058581
     0.159569   -0.061359
     0.172327   -0.064135
     0.185834   -0.066872
     0.200028   -0.069533
     0.214833   -0.072084
     0.230165   -0.074490
     0.245941   -0.076726
     0.262081   -0.078769
     0.278516   -0.080603
     0.295186   -0.082217
     0.312042   -0.083604
     0.329044   -0.084762
     0.346159   -0.085688
     0.363364   -0.086384
     0.380638   -0.086853
     0.397966   -0.087097
     0.415335   -0.087122
     0.432738   -0.086931
     0.450165   -0.086530
     0.467611   -0.085924
     0.485071   -0.085119
     0.502542   -0.084120
     0.520020   -0.082934
     0.537502   -0.081567
     0.554987   -0.080023
     0.572473   -0.078311
     0.589958   -0.076435
     0.607442   -0.074403
     0.624923   -0.072220
     0.642401   -0.069892
     0.659874   -0.067426
     0.677344   -0.064829
     0.694808   -0.062106
     0.712268   -0.059263
     0.729721   -0.056308
     0.747169   -0.053245
     0.764610   -0.050082
     0.782043   -0.046823
     0.799467   -0.043476
     0.816880   -0.040045
     0.834280   -0.036538
     0.851663   -0.032959
     0.869025   -0.029316
     0.886358   -0.025613
     0.903652   -0.021859
     0.920896   -0.018059
     0.938071   -0.014222
     0.955154   -0.010358
     0.972115   -0.006475
     0.988912   -0.002588
     1.000000    0.000000
