     1.000000    0.000000
     0.990858    0.004205
     0.975719    0.011232
     0.958740    0.019192
     0.939912    0.028084
     0.919445    0.037787
     0.897880    0.048003
     0.875888    0.058361
     0.853986    0.068566
     0.832484    0.078427
     0.811530    0.087843
     0.791174    0.096768
     0.771411    0.105189
     0.752214    0.113108
     0.733543    0.120537
     0.715359    0.127490
     0.697622    0.133984
     0.680294    0.140033
     0.663343    0.145653
     0.646738    0.150858
     0.630451    0.155661
     0.614457    0.160074
     0.598733    0.164109
     0.583260    0.167776
     0.568018    0.171084
     0.552990    0.174042
     0.538160    0.176658
     0.523514    0.178940
     0.509039    0.180893
     0.494722    0.182525
     0.480551    0.183839
     0.466517    0.184841
     0.452610    0.185535
     0.438821    0.185925
     0.425142    0.186014
     0.411565    0.185805
     0.398084    0.185301
     0.384694    0.184502
     0.371389    0.183412
     0.358165    0.182032
     0.345020    0.180363
     0.331950    0.178407
     0.318955    0.176165
     0.306035    0.173639
     0.293192    0.170831
     0.280428    0.167743
     0.267749    0.164378
     0.255163    0.160740
     0.242678    0.156836
     0.230308    0.152671
     0.218069    0.148256
     0.205979    0.143603
     0.194063    0.138727
     0.182347    0.133646
     0.170862    0.128385
     0.159643    0.122970
     0.148728    0.117433
     0.138154    0.111809
     0.127959    0.106138
     0.118178    0.100459
     0.108842    0.094811
     0.099972    0.089234
     0.091585    0.083759
     0.083687    0.078417
     0.076273    0.073229
     0.069334    0.068213
     0.062853    0.063377
     0.056807    0.058726
     0.051173    0.054261
     0.045924    0.049978
     0.041033    0.045870
     0.036473    0.041929
     0.032220    0.038145
     0.028250    0.034507
     0.024543    0.031005
     0.021078    0.027625
     0.017839    0.024357
     0.014811    0.021188
     0.011985    0.018104
     0.009353    0.015090
     0.006909    0.012128
     0.004671    0.009195
     0.002664    0.006252
     0.000940    0.003243
     0.000337    0.001668
     0.000000    0.000000
     0.000037   -0.003321
     0.000187   -0.006633
     0.000445   -0.009903
     0.000811   -0.013143
     0.001290   -0.016347
     0.001890   -0.019509
     0.002619   -0.022625
     0.003483   -0.025691
     0.004486   -0.028703
     0.005635   -0.031656
     0.006931   -0.034546
     0.008380   -0.037366
     0.009985   -0.040112
     0.011746   -0.042779
     0.013666   -0.045364
     0.015743   -0.047862
     0.017979   -0.050273
     0.020372   -0.052594
     0.022922   -0.054827
     0.025629   -0.056970
     0.028494   -0.059027
     0.031518   -0.060999
     0.034704   -0.062891
     0.038058   -0.064704
     0.041584   -0.066443
     0.045292   -0.068112
     0.049191   -0.069715
     0.053293   -0.071255
     0.057612   -0.072735
     0.062167   -0.074160
     0.066978   -0.075532
     0.072069   -0.076854
     0.077468   -0.078128
     0.083208   -0.079357
     0.089328   -0.080543
     0.095872   -0.081687
     0.102892   -0.082789
     0.110448   -0.083850
     0.118609   -0.084869
     0.127456   -0.085845
     0.137077   -0.086775
     0.147571   -0.087655
     0.159044   -0.088479
     0.171602   -0.089240
     0.185342   -0.089926
     0.200341   -0.090525
     0.216632   -0.091022
     0.234195   -0.091399
     0.252945   -0.091641
     0.272733   -0.091729
     0.293367   -0.091650
     0.314635   -0.091393
     0.336335   -0.090947
     0.358293   -0.090306
     0.380370   -0.089464
     0.402467   -0.088417
     0.424519   -0.087161
     0.446488   -0.085691
     0.468363   -0.084004
     0.490146   -0.082094
     0.511859   -0.079957
     0.533531   -0.077586
     0.555202   -0.074976
     0.576923   -0.072118
     0.598752   -0.069005
     0.620755   -0.065626
     0.643007   -0.061973
     0.665590   -0.058037
     0.688586   -0.053810
     0.712067   -0.049293
     0.736063   -0.044502
     0.760507   -0.039485
     0.785133   -0.034348
     0.809363   -0.029280
     0.832562   -0.024484
     0.854428   -0.020083
     0.874920   -0.016129
     0.894124   -0.012634
     0.912180   -0.009587
     0.929241   -0.006971
     0.945456   -0.004767
     0.960972   -0.002959
     0.975926   -0.001534
     0.990457   -0.000490
     1.000000    0.000000
