     1.000000    0.000000
     0.989805    0.004499
     0.973308    0.011682
     0.955483    0.019308
     0.936543    0.027247
     0.916739    0.035364
     0.896318    0.043529
     0.875488    0.051634
     0.854412    0.059599
     0.833207    0.067363
     0.811952    0.074888
     0.790703    0.082145
     0.769492    0.089117
     0.748343    0.095790
     0.727270    0.102156
     0.706283    0.108209
     0.685388    0.113943
     0.664591    0.119355
     0.643894    0.124442
     0.623303    0.129201
     0.602821    0.133630
     0.582454    0.137727
     0.562207    0.141490
     0.542087    0.144917
     0.522103    0.148006
     0.502262    0.150757
     0.482578    0.153166
     0.463061    0.155235
     0.443728    0.156962
     0.424594    0.158347
     0.405678    0.159390
     0.387003    0.160093
     0.368591    0.160458
     0.350468    0.160489
     0.332663    0.160189
     0.315207    0.159565
     0.298131    0.158626
     0.281471    0.157381
     0.265260    0.155842
     0.249532    0.154025
     0.234321    0.151944
     0.219655    0.149620
     0.205562    0.147073
     0.192062    0.144324
     0.179170    0.141395
     0.166896    0.138310
     0.155242    0.135090
     0.144204    0.131756
     0.133770    0.128328
     0.123927    0.124824
     0.114655    0.121260
     0.105932    0.117649
     0.097732    0.114003
     0.090030    0.110332
     0.082801    0.106643
     0.076017    0.102943
     0.069655    0.099237
     0.063690    0.095529
     0.058100    0.091821
     0.052862    0.088115
     0.047958    0.084414
     0.043370    0.080717
     0.039081    0.077026
     0.035077    0.073341
     0.031343    0.069662
     0.027867    0.065991
     0.024640    0.062328
     0.021649    0.058673
     0.018887    0.055028
     0.016345    0.051394
     0.014016    0.047773
     0.011892    0.044166
     0.009967    0.040576
     0.008234    0.037006
     0.006687    0.033458
     0.005320    0.029936
     0.004126    0.026444
     0.003099    0.022985
     0.002232    0.019562
     0.001519    0.016179
     0.000952    0.012841
     0.000524    0.009552
     0.000227    0.006315
     0.000055    0.003132
     0.000013    0.001567
     0.000000    0.000000
     0.000073   -0.003245
     0.000299   -0.006475
     0.000688   -0.009747
     0.001243   -0.013041
     0.001973   -0.016346
     0.002883   -0.019653
     0.003979   -0.022957
     0.005265   -0.026250
     0.006745   -0.029526
     0.008422   -0.032778
     0.010298   -0.036000
     0.012377   -0.039188
     0.014660   -0.042334
     0.017150   -0.045437
     0.019849   -0.048492
     0.022761   -0.051495
     0.025890   -0.054444
     0.029239   -0.057336
     0.032814   -0.060170
     0.036622   -0.062942
     0.040670   -0.065651
     0.044969   -0.068295
     0.049527   -0.070871
     0.054358   -0.073376
     0.059474   -0.075807
     0.064892   -0.078161
     0.070628   -0.080431
     0.076702   -0.082613
     0.083134   -0.084701
     0.089948   -0.086686
     0.097167   -0.088559
     0.104820   -0.090310
     0.112933   -0.091925
     0.121537   -0.093392
     0.130661   -0.094694
     0.140339   -0.095813
     0.150599   -0.096729
     0.161474   -0.097419
     0.172991   -0.097861
     0.185178   -0.098030
     0.198057   -0.097901
     0.211650   -0.097446
     0.225971   -0.096641
     0.241033   -0.095460
     0.256846   -0.093882
     0.273415   -0.091884
     0.290746   -0.089448
     0.308844   -0.086559
     0.327717   -0.083203
     0.347376   -0.079371
     0.367837   -0.075055
     0.389122   -0.070253
     0.411255   -0.064966
     0.434259   -0.059203
     0.458143   -0.052987
     0.482872   -0.046361
     0.508313   -0.039412
     0.534143   -0.032294
     0.559779   -0.025244
     0.584727   -0.018474
     0.608756   -0.012109
     0.631794   -0.006215
     0.653851   -0.000825
     0.674973    0.004051
     0.695223    0.008412
     0.714666    0.012266
     0.733368    0.015623
     0.751390    0.018494
     0.768791    0.020893
     0.785627    0.022832
     0.801947    0.024322
     0.817802    0.025374
     0.833238    0.025997
     0.848299    0.026198
     0.863029    0.025982
     0.877473    0.025350
     0.891676    0.024303
     0.905686    0.022833
     0.919556    0.020929
     0.933350    0.018574
     0.947143    0.015735
     0.961039    0.012366
     0.975180    0.008389
     0.989795    0.003672
     1.000000    0.000000
