     1.000000    0.000000
     0.990382    0.005194
     0.975517    0.013265
     0.960223    0.021598
     0.944638    0.030071
     0.928883    0.038576
     0.913044    0.047022
     0.897179    0.055339
     0.881323    0.063472
     0.865497    0.071378
     0.849709    0.079024
     0.833961    0.086384
     0.818251    0.093435
     0.802574    0.100161
     0.786923    0.106544
     0.771292    0.112572
     0.755674    0.118234
     0.740063    0.123520
     0.724451    0.128420
     0.708833    0.132927
     0.693203    0.137034
     0.677556    0.140735
     0.661888    0.144026
     0.646195    0.146903
     0.630473    0.149363
     0.614718    0.151404
     0.598928    0.153026
     0.583099    0.154229
     0.567230    0.155013
     0.551317    0.155380
     0.535360    0.155334
     0.519357    0.154879
     0.503305    0.154019
     0.487204    0.152760
     0.471052    0.151109
     0.454848    0.149073
     0.438592    0.146661
     0.422284    0.143882
     0.405923    0.140746
     0.389510    0.137266
     0.373048    0.133453
     0.356540    0.129321
     0.339991    0.124887
     0.323411    0.120167
     0.306812    0.115183
     0.290214    0.109957
     0.273646    0.104518
     0.257148    0.098901
     0.240777    0.093147
     0.224608    0.087307
     0.208738    0.081441
     0.193285    0.075621
     0.178381    0.069921
     0.164160    0.064420
     0.150742    0.059186
     0.138216    0.054273
     0.126630    0.049715
     0.115989    0.045526
     0.106259    0.041697
     0.097381    0.038212
     0.089280    0.035040
     0.081878    0.032154
     0.075099    0.029521
     0.068870    0.027113
     0.063130    0.024905
     0.057821    0.022872
     0.052895    0.020996
     0.048307    0.019257
     0.044021    0.017640
     0.040005    0.016131
     0.036231    0.014719
     0.032675    0.013393
     0.029316    0.012145
     0.026135    0.010965
     0.023117    0.009847
     0.020248    0.008784
     0.017515    0.007770
     0.014909    0.006799
     0.012420    0.005863
     0.010043    0.004956
     0.007764    0.004072
     0.005583    0.003201
     0.003525    0.002300
     0.001538    0.001373
     0.000648    0.000818
     0.000000    0.000000
     0.000096   -0.002028
     0.000435   -0.004010
     0.001040   -0.006007
     0.001923   -0.007962
     0.003096   -0.009823
     0.004539   -0.011568
     0.006223   -0.013183
     0.008120   -0.014670
     0.010204   -0.016038
     0.012461   -0.017300
     0.014879   -0.018469
     0.017454   -0.019558
     0.020184   -0.020580
     0.023073   -0.021543
     0.026129   -0.022457
     0.029359   -0.023329
     0.032777   -0.024167
     0.036397   -0.024976
     0.040237   -0.025762
     0.044318   -0.026531
     0.048663   -0.027286
     0.053303   -0.028034
     0.058269   -0.028778
     0.063600   -0.029523
     0.069340   -0.030275
     0.075537   -0.031039
     0.082248   -0.031819
     0.089534   -0.032622
     0.097463   -0.033454
     0.106106   -0.034320
     0.115535   -0.035228
     0.125817   -0.036181
     0.137004   -0.037185
     0.149126   -0.038240
     0.162182   -0.039344
     0.176133   -0.040493
     0.190904   -0.041676
     0.206389   -0.042878
     0.222466   -0.044084
     0.239011   -0.045276
     0.255907   -0.046435
     0.273052   -0.047544
     0.290366   -0.048586
     0.307784   -0.049546
     0.325258   -0.050412
     0.342754   -0.051170
     0.360248   -0.051809
     0.377723   -0.052320
     0.395170   -0.052693
     0.412583   -0.052920
     0.429959   -0.052995
     0.447299   -0.052910
     0.464604   -0.052661
     0.481878   -0.052241
     0.499126   -0.051648
     0.516353   -0.050878
     0.533567   -0.049929
     0.550774   -0.048800
     0.567984   -0.047491
     0.585204   -0.046002
     0.602444   -0.044335
     0.619713   -0.042494
     0.637023   -0.040484
     0.654382   -0.038312
     0.671800   -0.035986
     0.689282   -0.033517
     0.706833   -0.030921
     0.724450   -0.028217
     0.742121   -0.025426
     0.759820   -0.022580
     0.777499   -0.019714
     0.795087   -0.016874
     0.812519   -0.014103
     0.829753   -0.011446
     0.846758   -0.008944
     0.863518   -0.006635
     0.880028   -0.004556
     0.896288   -0.002742
     0.912310   -0.001228
     0.928111   -0.000047
     0.943715    0.000768
     0.959161    0.001182
     0.974494    0.001156
     0.989779    0.000639
     1.000000    0.000000
