     1.000000    0.000000
     0.991712    0.001724
     0.978487    0.004572
     0.964253    0.007763
     0.948975    0.011304
     0.932648    0.015193
     0.915305    0.019411
     0.897054    0.023911
     0.878118    0.028607
     0.858841    0.033379
     0.839546    0.038111
     0.820437    0.042720
     0.801619    0.047155
     0.783133    0.051387
     0.764982    0.055400
     0.747147    0.059189
     0.729601    0.062752
     0.712313    0.066089
     0.695252    0.069204
     0.678387    0.072099
     0.661691    0.074776
     0.645137    0.077240
     0.628700    0.079493
     0.612361    0.081538
     0.596098    0.083377
     0.579893    0.085012
     0.563730    0.086445
     0.547593    0.087677
     0.531468    0.088710
     0.515343    0.089546
     0.499207    0.090184
     0.483049    0.090627
     0.466861    0.090874
     0.450635    0.090928
     0.434365    0.090788
     0.418047    0.090455
     0.401680    0.089932
     0.385264    0.089218
     0.368803    0.088316
     0.352306    0.087228
     0.335785    0.085958
     0.319260    0.084509
     0.302759    0.082887
     0.286318    0.081100
     0.269986    0.079159
     0.253824    0.077076
     0.237906    0.074867
     0.222319    0.072555
     0.207157    0.070161
     0.192521    0.067714
     0.178504    0.065242
     0.165187    0.062773
     0.152631    0.060331
     0.140870    0.057939
     0.129913    0.055612
     0.119745    0.053360
     0.110332    0.051190
     0.101629    0.049103
     0.093581    0.047096
     0.086134    0.045165
     0.079234    0.043306
     0.072827    0.041512
     0.066867    0.039775
     0.061308    0.038090
     0.056112    0.036449
     0.051244    0.034845
     0.046672    0.033272
     0.042371    0.031724
     0.038315    0.030193
     0.034485    0.028673
     0.030862    0.027158
     0.027430    0.025639
     0.024178    0.024110
     0.021095    0.022562
     0.018173    0.020985
     0.015406    0.019368
     0.012794    0.017698
     0.010339    0.015960
     0.008049    0.014133
     0.005943    0.012194
     0.004052    0.010118
     0.002425    0.007873
     0.001139    0.005429
     0.000300    0.002803
     0.000080    0.001418
     0.000000    0.000000
     0.000031   -0.003140
     0.000179   -0.006272
     0.000435   -0.009321
     0.000796   -0.012314
     0.001269   -0.015247
     0.001867   -0.018112
     0.002598   -0.020907
     0.003473   -0.023625
     0.004501   -0.026258
     0.005688   -0.028798
     0.007042   -0.031235
     0.008568   -0.033556
     0.010270   -0.035749
     0.012144   -0.037805
     0.014190   -0.039712
     0.016399   -0.041466
     0.018764   -0.043061
     0.021276   -0.044498
     0.023929   -0.045781
     0.026716   -0.046914
     0.029633   -0.047902
     0.032679   -0.048754
     0.035855   -0.049475
     0.039165   -0.050072
     0.042615   -0.050550
     0.046214   -0.050913
     0.049972   -0.051166
     0.053904   -0.051309
     0.058026   -0.051345
     0.062359   -0.051272
     0.066925   -0.051090
     0.071753   -0.050794
     0.076876   -0.050381
     0.082334   -0.049844
     0.088173   -0.049175
     0.094450   -0.048362
     0.101232   -0.047392
     0.108602   -0.046249
     0.116658   -0.044912
     0.125519   -0.043357
     0.135323   -0.041557
     0.146231   -0.039484
     0.158410   -0.037108
     0.172006   -0.034412
     0.187081   -0.031407
     0.203530   -0.028143
     0.221115   -0.024707
     0.239542   -0.021198
     0.258529   -0.017709
     0.277851   -0.014312
     0.297353   -0.011059
     0.316945   -0.007981
     0.336578   -0.005096
     0.356235   -0.002416
     0.375916    0.000056
     0.395633    0.002319
     0.415403    0.004374
     0.435246    0.006223
     0.455185    0.007869
     0.475242    0.009314
     0.495438    0.010562
     0.515796    0.011616
     0.536338    0.012481
     0.557083    0.013161
     0.578051    0.013661
     0.599261    0.013984
     0.620728    0.014138
     0.642469    0.014127
     0.664492    0.013959
     0.686807    0.013641
     0.709412    0.013182
     0.732299    0.012592
     0.755449    0.011880
     0.778823    0.011059
     0.802358    0.010141
     0.825956    0.009141
     0.849476    0.008077
     0.872716    0.006967
     0.895418    0.005833
     0.917267    0.004697
     0.937933    0.003585
     0.957126    0.002518
     0.974649    0.001513
     0.990427    0.000580
     1.000000    0.000000
