     1.000000    0.000000
     0.991135    0.007592
     0.977721    0.018576
     0.964121    0.029126
     0.950300    0.039275
     0.936223    0.049055
     0.921862    0.058487
     0.907187    0.067591
     0.892169    0.076384
     0.876783    0.084881
     0.861000    0.093092
     0.844796    0.101030
     0.828145    0.108701
     0.811025    0.116114
     0.793417    0.123273
     0.775305    0.130181
     0.756681    0.136839
     0.737542    0.143247
     0.717896    0.149399
     0.697760    0.155291
     0.677165    0.160913
     0.656156    0.166253
     0.634787    0.171298
     0.613128    0.176033
     0.591260    0.180441
     0.569268    0.184507
     0.547244    0.188212
     0.525280    0.191543
     0.503465    0.194485
     0.481882    0.197029
     0.460606    0.199167
     0.439701    0.200893
     0.419222    0.202207
     0.399216    0.203108
     0.379716    0.203602
     0.360751    0.203694
     0.342338    0.203392
     0.324492    0.202707
     0.307220    0.201650
     0.290525    0.200234
     0.274408    0.198474
     0.258865    0.196383
     0.243892    0.193976
     0.229483    0.191271
     0.215630    0.188282
     0.202326    0.185027
     0.189561    0.181523
     0.177327    0.177785
     0.165615    0.173832
     0.154415    0.169680
     0.143716    0.165347
     0.133511    0.160848
     0.123787    0.156202
     0.114535    0.151425
     0.105745    0.146532
     0.097405    0.141540
     0.089504    0.136464
     0.082031    0.131318
     0.074974    0.126117
     0.068322    0.120875
     0.062062    0.115603
     0.056183    0.110314
     0.050671    0.105018
     0.045514    0.099725
     0.040701    0.094446
     0.036219    0.089188
     0.032056    0.083958
     0.028200    0.078765
     0.024639    0.073613
     0.021364    0.068509
     0.018362    0.063457
     0.015623    0.058462
     0.013138    0.053527
     0.010897    0.048656
     0.008890    0.043852
     0.007109    0.039117
     0.005546    0.034454
     0.004193    0.029867
     0.003042    0.025355
     0.002086    0.020922
     0.001318    0.016568
     0.000732    0.012298
     0.000323    0.008115
     0.000083    0.004017
     0.000023    0.002010
     0.000000    0.000000
     0.000054   -0.003732
     0.000261   -0.007451
     0.000614   -0.011094
     0.001114   -0.014679
     0.001773   -0.018197
     0.002605   -0.021641
     0.003619   -0.025002
     0.004824   -0.028272
     0.006229   -0.031441
     0.007838   -0.034497
     0.009661   -0.037428
     0.011696   -0.040222
     0.013947   -0.042868
     0.016409   -0.045356
     0.019078   -0.047679
     0.021950   -0.049833
     0.025016   -0.051815
     0.028274   -0.053628
     0.031720   -0.055274
     0.035353   -0.056758
     0.039175   -0.058085
     0.043191   -0.059260
     0.047410   -0.060289
     0.051845   -0.061176
     0.056512   -0.061924
     0.061431   -0.062536
     0.066628   -0.063012
     0.072134   -0.063352
     0.077988   -0.063554
     0.084236   -0.063612
     0.090935   -0.063521
     0.098152   -0.063270
     0.105973   -0.062849
     0.114502   -0.062240
     0.123869   -0.061425
     0.134233   -0.060379
     0.145791   -0.059074
     0.158772   -0.057479
     0.173429   -0.055569
     0.189972   -0.053334
     0.208430   -0.050813
     0.228478   -0.048116
     0.249601   -0.045393
     0.271294   -0.042787
     0.293185   -0.040408
     0.315058   -0.038325
     0.336821   -0.036577
     0.358461   -0.035183
     0.380013   -0.034154
     0.401537   -0.033492
     0.423111   -0.033200
     0.444824   -0.033279
     0.466776   -0.033729
     0.489073   -0.034554
     0.511833   -0.035752
     0.535176   -0.037324
     0.559211   -0.039259
     0.583997   -0.041531
     0.609456   -0.044080
     0.635226   -0.046788
     0.660482   -0.049457
     0.684383   -0.051888
     0.706625   -0.053963
     0.727232   -0.055633
     0.746352   -0.056887
     0.764170   -0.057727
     0.780864   -0.058168
     0.796590   -0.058222
     0.811484   -0.057902
     0.825662   -0.057218
     0.839222   -0.056179
     0.852251   -0.054791
     0.864822   -0.053054
     0.877002   -0.050968
     0.888850   -0.048528
     0.900423   -0.045724
     0.911775   -0.042543
     0.922961   -0.038963
     0.934040   -0.034955
     0.945081   -0.030476
     0.956167   -0.025462
     0.967415   -0.019817
     0.978997   -0.013384
     0.991215   -0.005881
     1.000000    0.000000
