     1.000000    0.000000
     0.990989    0.008662
     0.977207    0.021350
     0.963101    0.033671
     0.948675    0.045607
     0.933934    0.057145
     0.918886    0.068271
     0.903537    0.078975
     0.887897    0.089249
     0.871976    0.099086
     0.855786    0.108481
     0.839340    0.117430
     0.822649    0.125933
     0.805729    0.133990
     0.788593    0.141602
     0.771255    0.148772
     0.753730    0.155506
     0.736032    0.161806
     0.718174    0.167680
     0.700170    0.173132
     0.682033    0.178167
     0.663776    0.182792
     0.645412    0.187011
     0.626950    0.190828
     0.608404    0.194247
     0.589785    0.197271
     0.571101    0.199901
     0.552366    0.202137
     0.533587    0.203980
     0.514776    0.205429
     0.495944    0.206480
     0.477100    0.207130
     0.458255    0.207375
     0.439421    0.207210
     0.420609    0.206629
     0.401833    0.205625
     0.383106    0.204190
     0.364443    0.202319
     0.345863    0.200003
     0.327385    0.197236
     0.309032    0.194012
     0.290831    0.190326
     0.272814    0.186176
     0.255021    0.181564
     0.237499    0.176497
     0.220304    0.170989
     0.203504    0.165064
     0.187179    0.158757
     0.171420    0.152119
     0.156325    0.145216
     0.141993    0.138128
     0.128515    0.130947
     0.115965    0.123770
     0.104389    0.116689
     0.093799    0.109784
     0.084178    0.103118
     0.075481    0.096735
     0.067644    0.090658
     0.060594    0.084896
     0.054252    0.079444
     0.048544    0.074291
     0.043399    0.069419
     0.038753    0.064811
     0.034550    0.060445
     0.030740    0.056302
     0.027279    0.052362
     0.024131    0.048609
     0.021263    0.045026
     0.018648    0.041598
     0.016262    0.038310
     0.014086    0.035152
     0.012101    0.032111
     0.010295    0.029179
     0.008655    0.026345
     0.007171    0.023603
     0.005834    0.020944
     0.004640    0.018363
     0.003584    0.015853
     0.002662    0.013410
     0.001870    0.011029
     0.001210    0.008707
     0.000691    0.006444
     0.000322    0.004240
     0.000096    0.002093
     0.000033    0.001049
     0.000000    0.000000
     0.001101   -0.001510
     0.002770   -0.002484
     0.004562   -0.003348
     0.006469   -0.004133
     0.008481   -0.004867
     0.010580   -0.005574
     0.012770   -0.006261
     0.015057   -0.006935
     0.017446   -0.007600
     0.019941   -0.008260
     0.022550   -0.008918
     0.025280   -0.009577
     0.028141   -0.010239
     0.031144   -0.010906
     0.034301   -0.011580
     0.037624   -0.012262
     0.041129   -0.012955
     0.044833   -0.013661
     0.048756   -0.014381
     0.052919   -0.015116
     0.057349   -0.015870
     0.062072   -0.016644
     0.067123   -0.017441
     0.072537   -0.018261
     0.078355   -0.019108
     0.084623   -0.019984
     0.091392   -0.020890
     0.098717   -0.021828
     0.106655   -0.022800
     0.115265   -0.023805
     0.124605   -0.024844
     0.134724   -0.025914
     0.145659   -0.027013
     0.157430   -0.028134
     0.170029   -0.029273
     0.183424   -0.030420
     0.197558   -0.031569
     0.212351   -0.032712
     0.227713   -0.033842
     0.243551   -0.034955
     0.259776   -0.036049
     0.276307   -0.037122
     0.293077   -0.038174
     0.310029   -0.039206
     0.327120   -0.040221
     0.344314   -0.041220
     0.361585   -0.042205
     0.378912   -0.043178
     0.396281   -0.044140
     0.413678   -0.045091
     0.431095   -0.046032
     0.448526   -0.046960
     0.465963   -0.047875
     0.483404   -0.048773
     0.500843   -0.049651
     0.518279   -0.050503
     0.535707   -0.051324
     0.553127   -0.052106
     0.570534   -0.052841
     0.587928   -0.053519
     0.605305   -0.054129
     0.622664   -0.054659
     0.640002   -0.055095
     0.657316   -0.055422
     0.674604   -0.055622
     0.691862   -0.055678
     0.709087   -0.055570
     0.726274   -0.055278
     0.743419   -0.054778
     0.760517   -0.054047
     0.777562   -0.053060
     0.794546   -0.051790
     0.811462   -0.050212
     0.828301   -0.048297
     0.845053   -0.046017
     0.861706   -0.043345
     0.878249   -0.040252
     0.894669   -0.036713
     0.910951   -0.032702
     0.927081   -0.028195
     0.943047   -0.023170
     0.958835   -0.017606
     0.974434   -0.011486
     0.989835   -0.004792
     1.000000    0.000000
