     1.000000    0.000000
     0.989612    0.005741
     0.973902    0.014555
     0.958060    0.023572
     0.942110    0.032723
     0.926082    0.041946
     0.910001    0.051179
     0.893888    0.060367
     0.877748    0.069463
     0.861584    0.078427
     0.845390    0.087223
     0.829161    0.095819
     0.812890    0.104185
     0.796568    0.112292
     0.780188    0.120115
     0.763743    0.127626
     0.747226    0.134801
     0.730632    0.141615
     0.713959    0.148045
     0.697202    0.154068
     0.680361    0.159663
     0.663437    0.164807
     0.646431    0.169483
     0.629347    0.173671
     0.612189    0.177358
     0.594964    0.180527
     0.577678    0.183168
     0.560341    0.185272
     0.542961    0.186831
     0.525549    0.187842
     0.508114    0.188304
     0.490668    0.188218
     0.473221    0.187587
     0.455786    0.186420
     0.438372    0.184725
     0.420990    0.182513
     0.403651    0.179798
     0.386367    0.176596
     0.369146    0.172923
     0.352002    0.168799
     0.334947    0.164244
     0.317996    0.159282
     0.301166    0.153937
     0.284479    0.148240
     0.267964    0.142221
     0.251658    0.135920
     0.235606    0.129381
     0.219868    0.122656
     0.204518    0.115808
     0.189641    0.108910
     0.175331    0.102039
     0.161686    0.095281
     0.148791    0.088715
     0.136716    0.082414
     0.125501    0.076434
     0.115155    0.070812
     0.105657    0.065563
     0.096965    0.060688
     0.089021    0.056173
     0.081758    0.051998
     0.075110    0.048135
     0.069011    0.044558
     0.063402    0.041239
     0.058227    0.038153
     0.053438    0.035275
     0.048994    0.032586
     0.044855    0.030064
     0.040989    0.027694
     0.037368    0.025459
     0.033967    0.023347
     0.030764    0.021345
     0.027742    0.019444
     0.024883    0.017633
     0.022173    0.015904
     0.019600    0.014249
     0.017153    0.012663
     0.014821    0.011137
     0.012599    0.009666
     0.010479    0.008242
     0.008453    0.006862
     0.006513    0.005520
     0.004673    0.004197
     0.002938    0.002879
     0.001268    0.001571
     0.000550    0.000856
     0.000000    0.000000
     0.000510   -0.001882
     0.001616   -0.003484
     0.003077   -0.004932
     0.004719   -0.006254
     0.006518   -0.007497
     0.008453   -0.008684
     0.010507   -0.009831
     0.012680   -0.010949
     0.014973   -0.012048
     0.017391   -0.013133
     0.019937   -0.014211
     0.022619   -0.015286
     0.025446   -0.016360
     0.028429   -0.017439
     0.031580   -0.018524
     0.034913   -0.019618
     0.038443   -0.020724
     0.042190   -0.021845
     0.046174   -0.022981
     0.050420   -0.024135
     0.054954   -0.025309
     0.059808   -0.026504
     0.065017   -0.027720
     0.070621   -0.028959
     0.076663   -0.030218
     0.083193   -0.031497
     0.090264   -0.032792
     0.097931   -0.034097
     0.106253   -0.035404
     0.115286   -0.036700
     0.125080   -0.037970
     0.135674   -0.039193
     0.147089   -0.040346
     0.159324   -0.041399
     0.172352   -0.042323
     0.186121   -0.043089
     0.200560   -0.043669
     0.215581   -0.044039
     0.231095   -0.044183
     0.247012   -0.044088
     0.263253   -0.043747
     0.279748   -0.043160
     0.296441   -0.042328
     0.313285   -0.041255
     0.330246   -0.039949
     0.347295   -0.038419
     0.364412   -0.036674
     0.381582   -0.034724
     0.398796   -0.032581
     0.416045   -0.030257
     0.433324   -0.027765
     0.450631   -0.025118
     0.467963   -0.022331
     0.485320   -0.019419
     0.502700   -0.016397
     0.520103   -0.013283
     0.537526   -0.010097
     0.554965   -0.006858
     0.572412   -0.003589
     0.589853   -0.000314
     0.607273    0.002939
     0.624660    0.006145
     0.642006    0.009275
     0.659304    0.012303
     0.676551    0.015200
     0.693743    0.017937
     0.710879    0.020484
     0.727956    0.022812
     0.744972    0.024889
     0.761923    0.026684
     0.778807    0.028164
     0.795619    0.029295
     0.812355    0.030046
     0.829010    0.030383
     0.845576    0.030273
     0.862048    0.029683
     0.878417    0.028582
     0.894675    0.026938
     0.910817    0.024723
     0.926835    0.021908
     0.942726    0.018465
     0.958490    0.014367
     0.974135    0.009586
     0.989674    0.004087
     1.000000    0.000000
