     1.000000    0.000000
     0.992148    0.008408
     0.980084    0.020888
     0.967724    0.033150
     0.955115    0.045128
     0.942286    0.056786
     0.929260    0.068096
     0.916053    0.079040
     0.902675    0.089611
     0.889131    0.099803
     0.875425    0.109616
     0.861556    0.119049
     0.847523    0.128106
     0.833326    0.136788
     0.818962    0.145099
     0.804427    0.153042
     0.789720    0.160618
     0.774838    0.167829
     0.759780    0.174678
     0.744544    0.181163
     0.729131    0.187286
     0.713541    0.193047
     0.697777    0.198443
     0.681841    0.203473
     0.665739    0.208135
     0.649476    0.212427
     0.633062    0.216345
     0.616504    0.219887
     0.599815    0.223049
     0.583007    0.225829
     0.566093    0.228223
     0.549090    0.230229
     0.532014    0.231844
     0.514883    0.233067
     0.497716    0.233895
     0.480533    0.234328
     0.463355    0.234367
     0.446201    0.234011
     0.429095    0.233262
     0.412056    0.232122
     0.395108    0.230594
     0.378273    0.228683
     0.361572    0.226394
     0.345028    0.223732
     0.328664    0.220705
     0.312504    0.217321
     0.296569    0.213591
     0.280886    0.209525
     0.265477    0.205137
     0.250368    0.200441
     0.235586    0.195454
     0.221156    0.190196
     0.207105    0.184687
     0.193461    0.178952
     0.180248    0.173015
     0.167494    0.166905
     0.155220    0.160652
     0.143449    0.154286
     0.132197    0.147838
     0.121478    0.141340
     0.111301    0.134822
     0.101670    0.128312
     0.092582    0.121836
     0.084030    0.115416
     0.076005    0.109071
     0.068490    0.102816
     0.061469    0.096662
     0.054919    0.090617
     0.048820    0.084685
     0.043150    0.078867
     0.037887    0.073163
     0.033009    0.067567
     0.028497    0.062075
     0.024333    0.056678
     0.020502    0.051369
     0.016990    0.046136
     0.013787    0.040967
     0.010888    0.035850
     0.008291    0.030770
     0.005999    0.025711
     0.004026    0.020654
     0.002391    0.015579
     0.001128    0.010461
     0.000309    0.005283
     0.000089    0.002649
     0.000000    0.000000
     0.000054   -0.004767
     0.000269   -0.009525
     0.000621   -0.014027
     0.001106   -0.018370
     0.001730   -0.022558
     0.002499   -0.026598
     0.003418   -0.030495
     0.004492   -0.034253
     0.005725   -0.037873
     0.007122   -0.041355
     0.008691   -0.044697
     0.010435   -0.047895
     0.012359   -0.050944
     0.014467   -0.053838
     0.016757   -0.056573
     0.019230   -0.059140
     0.021884   -0.061538
     0.024714   -0.063762
     0.027718   -0.065812
     0.030889   -0.067690
     0.034226   -0.069396
     0.037728   -0.070937
     0.041394   -0.072318
     0.045227   -0.073542
     0.049234   -0.074617
     0.053422   -0.075547
     0.057804   -0.076337
     0.062395   -0.076990
     0.067213   -0.077509
     0.072282   -0.077894
     0.077631   -0.078145
     0.083294   -0.078261
     0.089312   -0.078238
     0.095735   -0.078070
     0.102626   -0.077749
     0.110060   -0.077263
     0.118129   -0.076599
     0.126949   -0.075738
     0.136664   -0.074658
     0.147453   -0.073331
     0.159535   -0.071725
     0.173162   -0.069807
     0.188590   -0.067554
     0.205977   -0.064972
     0.225188   -0.062132
     0.245811   -0.059164
     0.267347   -0.056217
     0.289365   -0.053414
     0.311581   -0.050841
     0.333848   -0.048550
     0.356123   -0.046566
     0.378422   -0.044899
     0.400805   -0.043555
     0.423353   -0.042531
     0.446162   -0.041826
     0.469345   -0.041437
     0.493025   -0.041358
     0.517333   -0.041584
     0.542396   -0.042102
     0.568303   -0.042890
     0.595031   -0.043905
     0.622295   -0.045070
     0.649347   -0.046260
     0.675238   -0.047333
     0.699510   -0.048185
     0.722105   -0.048762
     0.743145   -0.049039
     0.762805   -0.049005
     0.781262   -0.048662
     0.798679   -0.048011
     0.815197   -0.047058
     0.830939   -0.045804
     0.846011   -0.044254
     0.860507   -0.042407
     0.874509   -0.040261
     0.888091   -0.037811
     0.901324   -0.035048
     0.914276   -0.031960
     0.927014   -0.028526
     0.939614   -0.024718
     0.952159   -0.020497
     0.964757   -0.015799
     0.977550   -0.010533
     0.990765   -0.004540
     1.000000    0.000000
