     1.000000    0.000000
     0.990973    0.003514
     0.977085    0.008745
     0.962840    0.013889
     0.948307    0.018905
     0.933539    0.023762
     0.918580    0.028434
     0.903463    0.032903
     0.888211    0.037157
     0.872840    0.041186
     0.857362    0.044985
     0.841782    0.048548
     0.826104    0.051875
     0.810329    0.054965
     0.794455    0.057817
     0.778481    0.060434
     0.762402    0.062815
     0.746215    0.064965
     0.729914    0.066884
     0.713497    0.068577
     0.696956    0.070046
     0.680288    0.071295
     0.663487    0.072329
     0.646548    0.073151
     0.629467    0.073766
     0.612238    0.074179
     0.594857    0.074396
     0.577320    0.074424
     0.559624    0.074267
     0.541764    0.073933
     0.523740    0.073430
     0.505547    0.072765
     0.487187    0.071946
     0.468658    0.070982
     0.449963    0.069883
     0.431106    0.068657
     0.412094    0.067317
     0.392937    0.065871
     0.373652    0.064333
     0.354262    0.062714
     0.334800    0.061028
     0.315313    0.059289
     0.295865    0.057510
     0.276541    0.055710
     0.257455    0.053906
     0.238744    0.052115
     0.220572    0.050358
     0.203115    0.048651
     0.186542    0.047011
     0.170995    0.045449
     0.156568    0.043972
     0.143299    0.042581
     0.131173    0.041274
     0.120133    0.040043
     0.110095    0.038879
     0.100965    0.037775
     0.092645    0.036720
     0.085042    0.035705
     0.078071    0.034724
     0.071658    0.033767
     0.065737    0.032829
     0.060250    0.031903
     0.055148    0.030984
     0.050389    0.030067
     0.045937    0.029145
     0.041760    0.028215
     0.037833    0.027271
     0.034133    0.026309
     0.030640    0.025321
     0.027339    0.024304
     0.024217    0.023249
     0.021262    0.022151
     0.018468    0.021000
     0.015831    0.019787
     0.013348    0.018502
     0.011023    0.017133
     0.008863    0.015666
     0.006883    0.014089
     0.005103    0.012390
     0.003549    0.010562
     0.002253    0.008607
     0.001245    0.006537
     0.000536    0.004392
     0.000124    0.002210
     0.000027    0.001112
     0.000000    0.000000
     0.000051   -0.002271
     0.000247   -0.004523
     0.000598   -0.006799
     0.001113   -0.009081
     0.001810   -0.011349
     0.002711   -0.013584
     0.003827   -0.015764
     0.005163   -0.017869
     0.006719   -0.019882
     0.008489   -0.021787
     0.010466   -0.023572
     0.012637   -0.025235
     0.014993   -0.026772
     0.017525   -0.028188
     0.020227   -0.029487
     0.023097   -0.030675
     0.026134   -0.031758
     0.029341   -0.032741
     0.032725   -0.033631
     0.036295   -0.034431
     0.040062   -0.035146
     0.044040   -0.035778
     0.048247   -0.036328
     0.052705   -0.036798
     0.057438   -0.037188
     0.062474   -0.037495
     0.067847   -0.037719
     0.073596   -0.037854
     0.079766   -0.037896
     0.086407   -0.037838
     0.093578   -0.037674
     0.101345   -0.037392
     0.109782   -0.036981
     0.118968   -0.036430
     0.128986   -0.035723
     0.139920   -0.034846
     0.151844   -0.033787
     0.164820   -0.032533
     0.178879   -0.031078
     0.194022   -0.029421
     0.210205   -0.027571
     0.227348   -0.025541
     0.245341   -0.023355
     0.264051   -0.021040
     0.283340   -0.018625
     0.303065   -0.016140
     0.323086   -0.013615
     0.343275   -0.011078
     0.363541   -0.008550
     0.383825   -0.006049
     0.404086   -0.003586
     0.424298   -0.001173
     0.444444    0.001181
     0.464512    0.003469
     0.484492    0.005683
     0.504376    0.007816
     0.524156    0.009860
     0.543825    0.011809
     0.563375    0.013655
     0.582797    0.015390
     0.602084    0.017006
     0.621225    0.018496
     0.640211    0.019850
     0.659033    0.021059
     0.677681    0.022116
     0.696146    0.023012
     0.714418    0.023737
     0.732489    0.024282
     0.750350    0.024639
     0.767994    0.024800
     0.785414    0.024756
     0.802604    0.024499
     0.819560    0.024022
     0.836277    0.023317
     0.852755    0.022379
     0.868990    0.021199
     0.884984    0.019772
     0.900738    0.018092
     0.916254    0.016154
     0.931537    0.013951
     0.946593    0.011479
     0.961429    0.008730
     0.976054    0.005700
     0.990479    0.002379
     1.000000    0.000000
