     1.000000    0.000000
     0.993229    0.007448
     0.983263    0.017908
     0.973458    0.027651
     0.963755    0.036777
     0.954109    0.045350
     0.944486    0.053423
     0.934861    0.061034
     0.925217    0.068210
     0.915534    0.074975
     0.905798    0.081348
     0.895995    0.087344
     0.886112    0.092978
     0.876134    0.098260
     0.866050    0.103199
     0.855845    0.107805
     0.845506    0.112083
     0.835018    0.116039
     0.824367    0.119678
     0.813535    0.123003
     0.802507    0.126016
     0.791263    0.128719
     0.779783    0.131113
     0.768046    0.133196
     0.756029    0.134968
     0.743706    0.136425
     0.731049    0.137565
     0.718027    0.138382
     0.704608    0.138870
     0.690756    0.139023
     0.676431    0.138834
     0.661590    0.138294
     0.646186    0.137393
     0.630171    0.136122
     0.613489    0.134472
     0.596084    0.132432
     0.577897    0.129995
     0.558866    0.127156
     0.538932    0.123912
     0.518042    0.120267
     0.496158    0.116234
     0.473270    0.111838
     0.449422    0.107123
     0.424756    0.102164
     0.399564    0.097068
     0.374279    0.091975
     0.349211    0.086991
     0.324505    0.082180
     0.300231    0.077576
     0.276441    0.073203
     0.253212    0.069075
     0.230681    0.065209
     0.209062    0.061622
     0.188634    0.058330
     0.169694    0.055346
     0.152478    0.052668
     0.137093    0.050279
     0.123483    0.048147
     0.111465    0.046227
     0.100819    0.044476
     0.091333    0.042859
     0.082825    0.041343
     0.075141    0.039905
     0.068155    0.038524
     0.061766    0.037184
     0.055890    0.035871
     0.050458    0.034571
     0.045416    0.033275
     0.040717    0.031972
     0.036323    0.030651
     0.032205    0.029304
     0.028336    0.027918
     0.024697    0.026482
     0.021273    0.024985
     0.018055    0.023411
     0.015038    0.021745
     0.012225    0.019968
     0.009623    0.018059
     0.007254    0.015996
     0.005147    0.013760
     0.003343    0.011336
     0.001892    0.008721
     0.000838    0.005933
     0.000203    0.003022
     0.000046    0.001521
     0.000000    0.000000
     0.000032   -0.002729
     0.000171   -0.005449
     0.000414   -0.008148
     0.000761   -0.010829
     0.001219   -0.013488
     0.001799   -0.016115
     0.002511   -0.018704
     0.003363   -0.021248
     0.004363   -0.023738
     0.005515   -0.026165
     0.006825   -0.028520
     0.008296   -0.030793
     0.009931   -0.032974
     0.011727   -0.035056
     0.013682   -0.037030
     0.015794   -0.038893
     0.018057   -0.040641
     0.020466   -0.042273
     0.023019   -0.043790
     0.025711   -0.045194
     0.028542   -0.046488
     0.031511   -0.047675
     0.034620   -0.048760
     0.037873   -0.049746
     0.041274   -0.050636
     0.044833   -0.051434
     0.048557   -0.052143
     0.052459   -0.052764
     0.056554   -0.053300
     0.060858   -0.053749
     0.065390   -0.054113
     0.070175   -0.054390
     0.075241   -0.054578
     0.080618   -0.054674
     0.086345   -0.054674
     0.092466   -0.054572
     0.099035   -0.054362
     0.106112   -0.054034
     0.113772   -0.053577
     0.122101   -0.052979
     0.131202   -0.052225
     0.141192   -0.051296
     0.152207   -0.050174
     0.164395   -0.048837
     0.177909   -0.047269
     0.192882   -0.045455
     0.209392   -0.043399
     0.227406   -0.041122
     0.246701   -0.038682
     0.266916   -0.036158
     0.287710   -0.033624
     0.308821   -0.031142
     0.330073   -0.028755
     0.351370   -0.026489
     0.372663   -0.024362
     0.393941   -0.022382
     0.415212   -0.020553
     0.436495   -0.018876
     0.457815   -0.017351
     0.479203   -0.015974
     0.500690   -0.014743
     0.522308   -0.013652
     0.544091   -0.012697
     0.566072   -0.011870
     0.588284   -0.011165
     0.610757   -0.010573
     0.633519   -0.010083
     0.656587   -0.009682
     0.679961   -0.009355
     0.703610   -0.009086
     0.727450   -0.008853
     0.751316   -0.008635
     0.774964   -0.008406
     0.798201   -0.008142
     0.820905   -0.007823
     0.842995   -0.007428
     0.864414   -0.006943
     0.885106   -0.006356
     0.905017   -0.005662
     0.924084   -0.004860
     0.942238   -0.003957
     0.959411   -0.002963
     0.975542   -0.001894
     0.990583   -0.000770
     1.000000    0.000000
