     1.000000    0.000000
     0.991141    0.004916
     0.977322    0.012339
     0.962890    0.019781
     0.947888    0.027200
     0.932353    0.034561
     0.916318    0.041834
     0.899810    0.048994
     0.882854    0.056023
     0.865474    0.062904
     0.847691    0.069623
     0.829527    0.076168
     0.811006    0.082529
     0.792154    0.088693
     0.773000    0.094650
     0.753576    0.100390
     0.733917    0.105901
     0.714061    0.111173
     0.694050    0.116194
     0.673925    0.120953
     0.653730    0.125440
     0.633507    0.129646
     0.613300    0.133562
     0.593149    0.137179
     0.573094    0.140491
     0.553169    0.143493
     0.533409    0.146179
     0.513843    0.148548
     0.494498    0.150597
     0.475398    0.152325
     0.456565    0.153732
     0.438017    0.154820
     0.419771    0.155590
     0.401843    0.156048
     0.384245    0.156195
     0.366990    0.156038
     0.350089    0.155582
     0.333554    0.154834
     0.317396    0.153802
     0.301624    0.152494
     0.286250    0.150919
     0.271285    0.149090
     0.256739    0.147017
     0.242623    0.144713
     0.228948    0.142192
     0.215724    0.139470
     0.202961    0.136563
     0.190666    0.133488
     0.178848    0.130262
     0.167510    0.126904
     0.156657    0.123432
     0.146287    0.119864
     0.136398    0.116219
     0.126986    0.112512
     0.118043    0.108761
     0.109557    0.104979
     0.101517    0.101180
     0.093908    0.097374
     0.086714    0.093572
     0.079918    0.089782
     0.073502    0.086010
     0.067449    0.082262
     0.061740    0.078540
     0.056358    0.074848
     0.051286    0.071186
     0.046507    0.067556
     0.042008    0.063956
     0.037772    0.060385
     0.033788    0.056840
     0.030043    0.053320
     0.026527    0.049822
     0.023232    0.046340
     0.020148    0.042871
     0.017271    0.039411
     0.014595    0.035953
     0.012120    0.032492
     0.009844    0.029021
     0.007770    0.025534
     0.005903    0.022024
     0.004253    0.018481
     0.002834    0.014898
     0.001665    0.011264
     0.000774    0.007575
     0.000211    0.003827
     0.000061    0.001920
     0.000000    0.000000
     0.000059   -0.004070
     0.000267   -0.008130
     0.000616   -0.012096
     0.001104   -0.015995
     0.001737   -0.019821
     0.002518   -0.023570
     0.003454   -0.027239
     0.004545   -0.030823
     0.005795   -0.034320
     0.007207   -0.037725
     0.008782   -0.041032
     0.010524   -0.044238
     0.012433   -0.047336
     0.014511   -0.050323
     0.016757   -0.053192
     0.019172   -0.055941
     0.021754   -0.058563
     0.024502   -0.061057
     0.027416   -0.063420
     0.030494   -0.065650
     0.033736   -0.067746
     0.037142   -0.069708
     0.040712   -0.071536
     0.044449   -0.073230
     0.048358   -0.074791
     0.052443   -0.076221
     0.056711   -0.077519
     0.061173   -0.078686
     0.065839   -0.079722
     0.070723   -0.080625
     0.075844   -0.081394
     0.081220   -0.082027
     0.086876   -0.082518
     0.092841   -0.082863
     0.099148   -0.083055
     0.105836   -0.083083
     0.112955   -0.082938
     0.120559   -0.082603
     0.128716   -0.082062
     0.137510   -0.081292
     0.147037   -0.080267
     0.157418   -0.078952
     0.168800   -0.077309
     0.181361   -0.075288
     0.195316   -0.072833
     0.210918   -0.069880
     0.228439   -0.066367
     0.248120   -0.062250
     0.270025   -0.057549
     0.293735   -0.052423
     0.318280   -0.047178
     0.342808   -0.042092
     0.366864   -0.037333
     0.390290   -0.032979
     0.413094   -0.029054
     0.435352   -0.025560
     0.457166   -0.022486
     0.478647   -0.019821
     0.499905   -0.017551
     0.521049   -0.015667
     0.542189   -0.014160
     0.563439   -0.013022
     0.584920   -0.012248
     0.606764   -0.011836
     0.629114   -0.011781
     0.652121   -0.012079
     0.675926   -0.012718
     0.700612   -0.013672
     0.726071   -0.014879
     0.751785   -0.016219
     0.776668   -0.017509
     0.799863   -0.018585
     0.821186   -0.019357
     0.840788   -0.019788
     0.858917   -0.019868
     0.875822   -0.019594
     0.891727   -0.018968
     0.906828   -0.017986
     0.921298   -0.016639
     0.935297   -0.014909
     0.948982   -0.012766
     0.962529   -0.010156
     0.976149   -0.006994
     0.990158   -0.003121
     1.000000    0.000000
