     1.000000    0.000000
     0.989386    0.006557
     0.973344    0.016343
     0.957170    0.026056
     0.940882    0.035676
     0.924492    0.045187
     0.908008    0.054575
     0.891435    0.063829
     0.874776    0.072935
     0.858032    0.081884
     0.841204    0.090664
     0.824290    0.099263
     0.807291    0.107669
     0.790203    0.115872
     0.773027    0.123857
     0.755761    0.131612
     0.738402    0.139123
     0.720951    0.146375
     0.703406    0.153354
     0.685766    0.160043
     0.668032    0.166427
     0.650203    0.172488
     0.632282    0.178210
     0.614271    0.183574
     0.596171    0.188562
     0.577988    0.193155
     0.559724    0.197335
     0.541387    0.201084
     0.522984    0.204381
     0.504522    0.207210
     0.486012    0.209551
     0.467464    0.211388
     0.448891    0.212703
     0.430306    0.213482
     0.411727    0.213710
     0.393169    0.213373
     0.374651    0.212462
     0.356195    0.210967
     0.337824    0.208882
     0.319561    0.206203
     0.301437    0.202929
     0.283483    0.199064
     0.265733    0.194616
     0.248231    0.189598
     0.231025    0.184031
     0.214171    0.177945
     0.197736    0.171381
     0.181798    0.164394
     0.166442    0.157053
     0.151761    0.149446
     0.137850    0.141671
     0.124792    0.133839
     0.112655    0.126061
     0.101478    0.118438
     0.091269    0.111057
     0.082007    0.103983
     0.073643    0.097256
     0.066111    0.090894
     0.059337    0.084900
     0.053244    0.079262
     0.047757    0.073963
     0.042808    0.068979
     0.038334    0.064286
     0.034280    0.059860
     0.030598    0.055678
     0.027248    0.051716
     0.024192    0.047955
     0.021400    0.044375
     0.018847    0.040960
     0.016509    0.037695
     0.014368    0.034566
     0.012407    0.031560
     0.010614    0.028667
     0.008976    0.025877
     0.007485    0.023181
     0.006133    0.020571
     0.004916    0.018039
     0.003830    0.015579
     0.002871    0.013185
     0.002039    0.010851
     0.001334    0.008573
     0.000770    0.006350
     0.000363    0.004181
     0.000111    0.002065
     0.000039    0.001035
     0.000000    0.000000
     0.001413   -0.001149
     0.003243   -0.001680
     0.005139   -0.002140
     0.007139   -0.002517
     0.009220   -0.002850
     0.011375   -0.003160
     0.013614   -0.003450
     0.015944   -0.003723
     0.018369   -0.003983
     0.020893   -0.004233
     0.023526   -0.004475
     0.026276   -0.004711
     0.029152   -0.004940
     0.032164   -0.005165
     0.035324   -0.005386
     0.038646   -0.005604
     0.042144   -0.005819
     0.045835   -0.006032
     0.049737   -0.006244
     0.053873   -0.006454
     0.058267   -0.006664
     0.062947   -0.006873
     0.067943   -0.007082
     0.073291   -0.007291
     0.079031   -0.007500
     0.085207   -0.007710
     0.091869   -0.007920
     0.099070   -0.008130
     0.106866   -0.008341
     0.115315   -0.008552
     0.124475   -0.008763
     0.134396   -0.008974
     0.145117   -0.009184
     0.156660   -0.009393
     0.169022   -0.009601
     0.182176   -0.009809
     0.196066   -0.010016
     0.210618   -0.010225
     0.225743   -0.010436
     0.241347   -0.010652
     0.257340   -0.010874
     0.273639   -0.011106
     0.290175   -0.011350
     0.306891   -0.011607
     0.323742   -0.011881
     0.340692   -0.012171
     0.357717   -0.012481
     0.374796   -0.012810
     0.391914   -0.013160
     0.409061   -0.013531
     0.426230   -0.013922
     0.443414   -0.014333
     0.460609   -0.014762
     0.477814   -0.015209
     0.495025   -0.015671
     0.512240   -0.016145
     0.529459   -0.016629
     0.546679   -0.017117
     0.563899   -0.017607
     0.581117   -0.018092
     0.598330   -0.018568
     0.615537   -0.019027
     0.632736   -0.019463
     0.649927   -0.019868
     0.667109   -0.020233
     0.684280   -0.020549
     0.701439   -0.020805
     0.718584   -0.020992
     0.735716   -0.021096
     0.752831   -0.021105
     0.769928   -0.021005
     0.787006   -0.020783
     0.804062   -0.020423
     0.821093   -0.019908
     0.838097   -0.019223
     0.855069   -0.018348
     0.872006   -0.017267
     0.888902   -0.015959
     0.905752   -0.014405
     0.922549   -0.012586
     0.939287   -0.010482
     0.955956   -0.008071
     0.972547   -0.005336
     0.989048   -0.002255
     1.000000    0.000000
