     1.000000    0.000000
     0.989839    0.007567
     0.974370    0.018674
     0.958633    0.029481
     0.942643    0.039972
     0.926415    0.050135
     0.909959    0.059964
     0.893286    0.069452
     0.876405    0.078596
     0.859327    0.087394
     0.842060    0.095845
     0.824613    0.103950
     0.806995    0.111710
     0.789216    0.119128
     0.771284    0.126206
     0.753208    0.132948
     0.734996    0.139358
     0.716657    0.145440
     0.698200    0.151198
     0.679632    0.156635
     0.660962    0.161758
     0.642198    0.166568
     0.623348    0.171070
     0.604418    0.175268
     0.585418    0.179162
     0.566353    0.182756
     0.547233    0.186050
     0.528063    0.189045
     0.508853    0.191740
     0.489608    0.194133
     0.470339    0.196222
     0.451053    0.198001
     0.431760    0.199465
     0.412470    0.200609
     0.393194    0.201422
     0.373945    0.201894
     0.354737    0.202015
     0.335589    0.201769
     0.316519    0.201142
     0.297552    0.200116
     0.278718    0.198673
     0.260052    0.196793
     0.241596    0.194454
     0.223402    0.191638
     0.205532    0.188325
     0.188059    0.184501
     0.171068    0.180158
     0.154654    0.175296
     0.138920    0.169929
     0.123975    0.164085
     0.109918    0.157811
     0.096842    0.151170
     0.084814    0.144240
     0.073876    0.137109
     0.064036    0.129870
     0.055273    0.122615
     0.047538    0.115424
     0.040762    0.108370
     0.034863    0.101507
     0.029752    0.094876
     0.025339    0.088506
     0.021540    0.082412
     0.018274    0.076601
     0.015471    0.071071
     0.013065    0.065817
     0.011002    0.060828
     0.009234    0.056092
     0.007718    0.051595
     0.006420    0.047324
     0.005310    0.043264
     0.004361    0.039401
     0.003552    0.035722
     0.002864    0.032215
     0.002281    0.028868
     0.001790    0.025670
     0.001379    0.022610
     0.001038    0.019679
     0.000758    0.016870
     0.000532    0.014174
     0.000352    0.011585
     0.000214    0.009095
     0.000113    0.006698
     0.000047    0.004387
     0.000010    0.002156
     0.000002    0.001078
     0.000000    0.000000
     0.000557   -0.001816
     0.001813   -0.003246
     0.003432   -0.004422
     0.005230   -0.005408
     0.007173   -0.006270
     0.009235   -0.007039
     0.011403   -0.007737
     0.013677   -0.008377
     0.016059   -0.008970
     0.018550   -0.009521
     0.021157   -0.010037
     0.023886   -0.010520
     0.026744   -0.010973
     0.029741   -0.011397
     0.032888   -0.011795
     0.036197   -0.012167
     0.039681   -0.012513
     0.043356   -0.012833
     0.047241   -0.013126
     0.051355   -0.013390
     0.055722   -0.013625
     0.060367   -0.013829
     0.065321   -0.013998
     0.070616   -0.014129
     0.076290   -0.014218
     0.082385   -0.014260
     0.088949   -0.014250
     0.096030   -0.014179
     0.103684   -0.014042
     0.111968   -0.013828
     0.120937   -0.013529
     0.130644   -0.013134
     0.141132   -0.012636
     0.152430   -0.012024
     0.164546   -0.011295
     0.177466   -0.010447
     0.191147   -0.009481
     0.205528   -0.008406
     0.220526   -0.007233
     0.236052   -0.005977
     0.252016   -0.004656
     0.268330   -0.003291
     0.284915   -0.001899
     0.301702   -0.000500
     0.318636    0.000888
     0.335676    0.002250
     0.352790    0.003569
     0.369954    0.004835
     0.387151    0.006034
     0.404370    0.007157
     0.421602    0.008193
     0.438843    0.009136
     0.456088    0.009977
     0.473334    0.010710
     0.490582    0.011329
     0.507830    0.011830
     0.525078    0.012211
     0.542328    0.012467
     0.559578    0.012597
     0.576831    0.012601
     0.594088    0.012479
     0.611350    0.012234
     0.628618    0.011868
     0.645895    0.011385
     0.663181    0.010791
     0.680477    0.010094
     0.697786    0.009302
     0.715106    0.008425
     0.732439    0.007476
     0.749782    0.006469
     0.767131    0.005421
     0.784478    0.004351
     0.801812    0.003278
     0.819119    0.002228
     0.836387    0.001224
     0.853608    0.000295
     0.870775   -0.000533
     0.887881   -0.001228
     0.904921   -0.001759
     0.921891   -0.002094
     0.938785   -0.002196
     0.955597   -0.002031
     0.972324   -0.001562
     0.988957   -0.000749
     1.000000    0.000000
