     1.000000    0.000000
     0.990750    0.005687
     0.976099    0.014525
     0.960664    0.023609
     0.944631    0.032784
     0.928171    0.041918
     0.911429    0.050900
     0.894516    0.059649
     0.877513    0.068107
     0.860470    0.076236
     0.843422    0.084014
     0.826385    0.091426
     0.809368    0.098465
     0.792374    0.105130
     0.775398    0.111420
     0.758434    0.117337
     0.741476    0.122883
     0.724513    0.128063
     0.707537    0.132880
     0.690536    0.137336
     0.673500    0.141435
     0.656420    0.145181
     0.639285    0.148574
     0.622086    0.151619
     0.604813    0.154315
     0.587458    0.156666
     0.570013    0.158672
     0.552470    0.160334
     0.534824    0.161652
     0.517070    0.162628
     0.499204    0.163261
     0.481227    0.163551
     0.463137    0.163499
     0.444940    0.163105
     0.426643    0.162371
     0.408257    0.161297
     0.389798    0.159887
     0.371288    0.158144
     0.352758    0.156074
     0.334245    0.153683
     0.315796    0.150984
     0.297472    0.147991
     0.279343    0.144721
     0.261491    0.141199
     0.244011    0.137454
     0.227002    0.133521
     0.210568    0.129440
     0.194806    0.125254
     0.179804    0.121006
     0.165627    0.116739
     0.152318    0.112491
     0.139894    0.108294
     0.128347    0.104171
     0.117648    0.100139
     0.107757    0.096208
     0.098621    0.092382
     0.090184    0.088661
     0.082389    0.085041
     0.075180    0.081515
     0.068506    0.078076
     0.062318    0.074716
     0.056574    0.071426
     0.051234    0.068197
     0.046265    0.065020
     0.041637    0.061887
     0.037324    0.058790
     0.033303    0.055722
     0.029557    0.052673
     0.026067    0.049638
     0.022823    0.046610
     0.019812    0.043583
     0.017026    0.040551
     0.014460    0.037510
     0.012108    0.034456
     0.009968    0.031385
     0.008038    0.028295
     0.006317    0.025187
     0.004806    0.022061
     0.003504    0.018918
     0.002412    0.015763
     0.001528    0.012599
     0.000849    0.009433
     0.000372    0.006277
     0.000091    0.003134
     0.000022    0.001569
     0.000000    0.000000
     0.000032   -0.002770
     0.000173   -0.005531
     0.000421   -0.008284
     0.000778   -0.011026
     0.001252   -0.013752
     0.001854   -0.016454
     0.002599   -0.019124
     0.003494   -0.021754
     0.004548   -0.024335
     0.005769   -0.026857
     0.007159   -0.029313
     0.008724   -0.031690
     0.010465   -0.033981
     0.012381   -0.036180
     0.014470   -0.038280
     0.016729   -0.040280
     0.019154   -0.042179
     0.021743   -0.043979
     0.024495   -0.045683
     0.027409   -0.047294
     0.030489   -0.048819
     0.033737   -0.050263
     0.037162   -0.051630
     0.040773   -0.052928
     0.044581   -0.054162
     0.048602   -0.055337
     0.052854   -0.056457
     0.057359   -0.057529
     0.062145   -0.058557
     0.067243   -0.059545
     0.072691   -0.060498
     0.078535   -0.061421
     0.084828   -0.062317
     0.091635   -0.063192
     0.099035   -0.064052
     0.107122   -0.064901
     0.116005   -0.065748
     0.125819   -0.066599
     0.136717   -0.067465
     0.148871   -0.068357
     0.162461   -0.069288
     0.177657   -0.070272
     0.194576   -0.071323
     0.213239   -0.072452
     0.233524   -0.073660
     0.255160   -0.074936
     0.277768   -0.076259
     0.300938   -0.077595
     0.324304   -0.078907
     0.347583   -0.080159
     0.370582   -0.081318
     0.393186   -0.082356
     0.415333   -0.083251
     0.437002   -0.083982
     0.458194   -0.084537
     0.478927   -0.084902
     0.499227   -0.085069
     0.519123   -0.085028
     0.538650   -0.084774
     0.557843   -0.084301
     0.576736   -0.083604
     0.595363   -0.082679
     0.613760   -0.081521
     0.631959   -0.080126
     0.649996   -0.078491
     0.667903   -0.076612
     0.685715   -0.074483
     0.703466   -0.072101
     0.721190   -0.069459
     0.738922   -0.066554
     0.756699   -0.063380
     0.774557   -0.059930
     0.792531   -0.056201
     0.810655   -0.052188
     0.828958   -0.047890
     0.847459   -0.043312
     0.866154   -0.038465
     0.885007   -0.033377
     0.903924   -0.028100
     0.922730   -0.022713
     0.941154   -0.017338
     0.958844   -0.012122
     0.975429   -0.007216
     0.990645   -0.002736
     1.000000    0.000000
