NN10285
1.00000000  0.00000000
0.98188406  0.01207273
0.96376812  0.02342950
0.94565221  0.03408806
0.92753640  0.04406651
0.90942079  0.05338327
0.89130559  0.06205705
0.87319109  0.07010680
0.85507770  0.07755167
0.83696596  0.08441101
0.81885656  0.09070430
0.80075038  0.09645115
0.78264847  0.10167122
0.76455210  0.10638423
0.74646278  0.11060988
0.72838225  0.11436788
0.71031254  0.11767786
0.69225594  0.12055934
0.67421508  0.12303172
0.65619289  0.12511425
0.63819266  0.12682596
0.62021803  0.12818564
0.60227305  0.12921184
0.58436214  0.12992278
0.56649016  0.13033635
0.54866242  0.13047008
0.53088467  0.13034108
0.51316314  0.12996602
0.49550459  0.12936110
0.47791625  0.12854200
0.46040593  0.12752389
0.44298198  0.12632131
0.42565331  0.12494822
0.40842945  0.12341793
0.39132052  0.12174307
0.37433730  0.11993553
0.35749120  0.11800649
0.34079431  0.11596631
0.32425942  0.11382454
0.30790000  0.11158989
0.29173028  0.10927016
0.27576522  0.10687225
0.26002056  0.10440209
0.24451281  0.10186462
0.22925931  0.09926375
0.21427820  0.09660235
0.19958848  0.09388216
0.18521000  0.09110382
0.17116350  0.08826680
0.15747063  0.08536937
0.14415394  0.08240856
0.13123695  0.07938015
0.11874410  0.07627861
0.10670084  0.07309707
0.09513360  0.06982729
0.08406985  0.06645964
0.07353805  0.06298303
0.06356777  0.05938492
0.05418962  0.05565125
0.04543531  0.05176640
0.03733766  0.04771321
0.02993063  0.04347289
0.02324933  0.03902500
0.01733003  0.03434743
0.01221019  0.02941634
0.00792850  0.02420618
0.00452485  0.01868956
0.00204040  0.01283733
0.00051754  0.00661845
0.00000000  0.00000000
0.00000000  0.00000000
0.00051754  -0.01347305
0.00204040  -0.02549625
0.00452485  -0.03617064
0.00792850  -0.04559284
0.01221019  -0.05385513
0.01733003  -0.06104560
0.02324933  -0.06724814
0.02993063  -0.07254264
0.03733766  -0.07700497
0.04543531  -0.08070715
0.05418962  -0.08371740
0.06356777  -0.08610023
0.07353805  -0.08791654
0.08406985  -0.08922369
0.09513360  -0.09007561
0.10670084  -0.09052289
0.11874410  -0.09061283
0.13123695  -0.09038957
0.14415394  -0.08989416
0.15747063  -0.08916464
0.17116350  -0.08823616
0.18521000  -0.08714104
0.19958848  -0.08590884
0.21427820  -0.08456652
0.22925931  -0.08313843
0.24451281  -0.08164649
0.26002056  -0.08011021
0.27576522  -0.07854683
0.29173028  -0.07697137
0.30790000  -0.07539673
0.32425942  -0.07383379
0.34079431  -0.07229147
0.35749120  -0.07077687
0.37433730  -0.06929529
0.39132052  -0.06785037
0.40842945  -0.06644416
0.42565331  -0.06507721
0.44298198  -0.06374865
0.46040593  -0.06245629
0.47791625  -0.06119672
0.49550459  -0.05996535
0.51316314  -0.05875655
0.53088467  -0.05756372
0.54866242  -0.05637937
0.56649016  -0.05519521
0.58436214  -0.05400226
0.60227305  -0.05279090
0.62021803  -0.05155100
0.63819266  -0.05027196
0.65619289  -0.04894285
0.67421508  -0.04755246
0.69225594  -0.04608942
0.71031254  -0.04454224
0.72838225  -0.04289945
0.74646278  -0.04114966
0.76455210  -0.03928166
0.78264847  -0.03728450
0.80075038  -0.03514756
0.81885656  -0.03286069
0.83696596  -0.03041425
0.85507770  -0.02779922
0.87319109  -0.02500729
0.89130559  -0.02203091
0.90942079  -0.01886346
0.92753640  -0.01549925
0.94565221  -0.01193365
0.96376812  -0.00816318
0.98188406  -0.00418561
1.00000000  0.00000000
