NN10334
1.00000000  0.00000000
0.98188406  0.01652867
0.96376812  0.03128430
0.94565221  0.04439040
0.92753640  0.05596471
0.90942079  0.06611933
0.89130559  0.07496084
0.87319109  0.08259047
0.85507770  0.08910421
0.83696596  0.09459296
0.81885656  0.09914266
0.80075038  0.10283444
0.78264847  0.10574474
0.76455210  0.10794547
0.74646278  0.10950412
0.72838225  0.11048391
0.71031254  0.11094394
0.69225594  0.11093932
0.67421508  0.11052130
0.65619289  0.10973739
0.63819266  0.10863154
0.62021803  0.10724426
0.60227305  0.10561274
0.58436214  0.10377101
0.56649016  0.10175006
0.54866242  0.09957799
0.53088467  0.09728015
0.51316314  0.09487925
0.49550459  0.09239555
0.47791625  0.08984693
0.46040593  0.08724909
0.44298198  0.08461564
0.42565331  0.08195828
0.40842945  0.07928689
0.39132052  0.07660971
0.37433730  0.07393345
0.35749120  0.07126345
0.34079431  0.06860379
0.32425942  0.06595745
0.30790000  0.06332644
0.29173028  0.06071193
0.27576522  0.05811439
0.26002056  0.05553376
0.24451281  0.05296953
0.22925931  0.05042091
0.21427820  0.04788697
0.19958848  0.04536678
0.18521000  0.04285953
0.17116350  0.04036466
0.15747063  0.03788205
0.14415394  0.03541209
0.13123695  0.03295586
0.11874410  0.03051525
0.10670084  0.02809311
0.09513360  0.02569339
0.08406985  0.02332124
0.07353805  0.02098320
0.06356777  0.01868730
0.05418962  0.01644323
0.04543531  0.01426242
0.03733766  0.01215825
0.02993063  0.01014615
0.02324933  0.00824371
0.01733003  0.00647088
0.01221019  0.00485005
0.00792850  0.00340624
0.00452485  0.00216719
0.00204040  0.00116352
0.00051754  0.00042886
0.00000000  0.00000000
0.00000000  0.00000000
0.00051754  -0.01303656
0.00204040  -0.02427175
0.00452485  -0.03384882
0.00792850  -0.04190436
0.01221019  -0.04856850
0.01733003  -0.05396498
0.02324933  -0.05821134
0.02993063  -0.06141903
0.03733766  -0.06369356
0.04543531  -0.06513466
0.05418962  -0.06583637
0.06356777  -0.06588720
0.07353805  -0.06537030
0.08406985  -0.06436355
0.09513360  -0.06293973
0.10670084  -0.06116663
0.11874410  -0.05910723
0.13123695  -0.05681981
0.14415394  -0.05435809
0.15747063  -0.05177136
0.17116350  -0.04910465
0.18521000  -0.04639884
0.19958848  -0.04369081
0.21427820  -0.04101358
0.22925931  -0.03839643
0.24451281  -0.03586508
0.26002056  -0.03344176
0.27576522  -0.03114543
0.29173028  -0.02899186
0.30790000  -0.02699380
0.32425942  -0.02516108
0.34079431  -0.02350080
0.35749120  -0.02201743
0.37433730  -0.02071295
0.39132052  -0.01958704
0.40842945  -0.01863713
0.42565331  -0.01785862
0.44298198  -0.01724496
0.46040593  -0.01678783
0.47791625  -0.01647726
0.49550459  -0.01630177
0.51316314  -0.01624850
0.53088467  -0.01630337
0.54866242  -0.01645119
0.56649016  -0.01667584
0.58436214  -0.01696036
0.60227305  -0.01728711
0.62021803  -0.01763793
0.63819266  -0.01799425
0.65619289  -0.01833721
0.67421508  -0.01864788
0.69225594  -0.01890729
0.71031254  -0.01909665
0.72838225  -0.01919746
0.74646278  -0.01919164
0.76455210  -0.01906169
0.78264847  -0.01879080
0.80075038  -0.01836301
0.81885656  -0.01776335
0.83696596  -0.01697798
0.85507770  -0.01599429
0.87319109  -0.01480109
0.89130559  -0.01338873
0.90942079  -0.01174923
0.92753640  -0.00987642
0.94565221  -0.00776609
0.96376812  -0.00541611
0.98188406  -0.00282659
1.00000000  0.00000000
