NN10358
1.00000000  0.00000000
0.98188406  0.01271919
0.96376812  0.02456437
0.94565221  0.03561976
0.92753640  0.04596332
0.90942079  0.05566698
0.89130559  0.06479678
0.87319109  0.07341312
0.85507770  0.08157090
0.83696596  0.08931975
0.81885656  0.09670419
0.80075038  0.10376387
0.78264847  0.11053370
0.76455210  0.11704410
0.74646278  0.12332113
0.72838225  0.12938676
0.71031254  0.13525899
0.69225594  0.14095209
0.67421508  0.14647676
0.65619289  0.15184036
0.63819266  0.15704705
0.62021803  0.16209804
0.60227305  0.16699173
0.58436214  0.17172393
0.56649016  0.17628807
0.54866242  0.18067533
0.53088467  0.18487492
0.51316314  0.18887419
0.49550459  0.19265886
0.47791625  0.19621322
0.46040593  0.19952031
0.44298198  0.20256211
0.42565331  0.20531973
0.40842945  0.20777362
0.39132052  0.20990373
0.37433730  0.21168975
0.35749120  0.21311125
0.34079431  0.21414790
0.32425942  0.21477968
0.30790000  0.21498702
0.29173028  0.21475105
0.27576522  0.21405374
0.26002056  0.21287813
0.24451281  0.21120852
0.22925931  0.20903064
0.21427820  0.20633185
0.19958848  0.20310134
0.18521000  0.19933032
0.17116350  0.19501221
0.15747063  0.19014283
0.14415394  0.18472060
0.13123695  0.17874673
0.11874410  0.17222540
0.10670084  0.16516396
0.09513360  0.15757313
0.08406985  0.14946719
0.07353805  0.14086416
0.06356777  0.13178599
0.05418962  0.12225879
0.04543531  0.11231298
0.03733766  0.10198349
0.02993063  0.09130996
0.02324933  0.08033694
0.01733003  0.06911407
0.01221019  0.05769628
0.00792850  0.04614396
0.00452485  0.03452320
0.00204040  0.02290591
0.00051754  0.01137010
0.00000000  0.00000000
0.00000000  0.00000000
0.00051754  -0.00843190
0.00204040  -0.01635193
0.00452485  -0.02377887
0.00792850  -0.03073073
0.01221019  -0.03722479
0.01733003  -0.04327757
0.02324933  -0.04890493
0.02993063  -0.05412203
0.03733766  -0.05894341
0.04543531  -0.06338299
0.05418962  -0.06745409
0.06356777  -0.07116950
0.07353805  -0.07454144
0.08406985  -0.07758166
0.09513360  -0.08030142
0.10670084  -0.08271151
0.11874410  -0.08482233
0.13123695  -0.08664386
0.14415394  -0.08818573
0.15747063  -0.08945722
0.17116350  -0.09046729
0.18521000  -0.09122462
0.19958848  -0.09173763
0.21427820  -0.09201453
0.22925931  -0.09206328
0.24451281  -0.09189171
0.26002056  -0.09150747
0.27576522  -0.09091810
0.29173028  -0.09013105
0.30790000  -0.08915369
0.32425942  -0.08799335
0.34079431  -0.08665737
0.35749120  -0.08515307
0.37433730  -0.08348785
0.39132052  -0.08166914
0.40842945  -0.07970449
0.42565331  -0.07760158
0.44298198  -0.07536822
0.46040593  -0.07301242
0.47791625  -0.07054238
0.49550459  -0.06796655
0.51316314  -0.06529361
0.53088467  -0.06253256
0.54866242  -0.05969270
0.56649016  -0.05678368
0.58436214  -0.05381552
0.60227305  -0.05079862
0.62021803  -0.04774383
0.63819266  -0.04466244
0.65619289  -0.04156621
0.67421508  -0.03846743
0.69225594  -0.03537890
0.71031254  -0.03231399
0.72838225  -0.02928668
0.74646278  -0.02631152
0.76455210  -0.02340375
0.78264847  -0.02057925
0.80075038  -0.01785461
0.81885656  -0.01524715
0.83696596  -0.01277494
0.85507770  -0.01045682
0.87319109  -0.00831245
0.89130559  -0.00636231
0.90942079  -0.00462777
0.92753640  -0.00313106
0.94565221  -0.00189533
0.96376812  -0.00094470
0.98188406  -0.00030423
1.00000000  0.00000000
