NN10297
1.00000000  0.00000000
0.98188406  0.02182165
0.96376812  0.04205367
0.94565221  0.06078437
0.92753640  0.07809742
0.90942079  0.09407192
0.89130559  0.10878260
0.87319109  0.12229994
0.85507770  0.13469032
0.83696596  0.14601616
0.81885656  0.15633610
0.80075038  0.16570509
0.78264847  0.17417459
0.76455210  0.18179269
0.74646278  0.18860426
0.72838225  0.19465107
0.71031254  0.19997200
0.69225594  0.20460314
0.67421508  0.20857792
0.65619289  0.21192732
0.63819266  0.21467993
0.62021803  0.21686219
0.60227305  0.21849847
0.58436214  0.21961122
0.56649016  0.22022117
0.54866242  0.22034740
0.53088467  0.22000756
0.51316314  0.21921794
0.49550459  0.21799371
0.47791625  0.21634896
0.46040593  0.21429694
0.44298198  0.21185014
0.42565331  0.20902049
0.40842945  0.20581946
0.39132052  0.20225822
0.37433730  0.19834781
0.35749120  0.19409925
0.34079431  0.18952371
0.32425942  0.18463266
0.30790000  0.17943800
0.29173028  0.17395220
0.27576522  0.16818849
0.26002056  0.16216093
0.24451281  0.15588465
0.22925931  0.14937592
0.21427820  0.14265232
0.19958848  0.13573292
0.18521000  0.12863835
0.17116350  0.12139105
0.15747063  0.11401530
0.14415394  0.10653748
0.13123695  0.09898612
0.11874410  0.09139210
0.10670084  0.08378881
0.09513360  0.07621224
0.08406985  0.06870116
0.07353805  0.06129728
0.06356777  0.05404535
0.05418962  0.04699338
0.04543531  0.04019270
0.03733766  0.03369817
0.02993063  0.02756830
0.02324933  0.02186540
0.01733003  0.01665572
0.01221019  0.01200962
0.00792850  0.00800169
0.00452485  0.00471090
0.00204040  0.00222076
0.00051754  0.00061946
0.00000000  0.00000000
0.00000000  0.00000000
0.00051754  -0.01224979
0.00204040  -0.02398972
0.00452485  -0.03522955
0.00792850  -0.04597854
0.01221019  -0.05624546
0.01733003  -0.06603865
0.02324933  -0.07536601
0.02993063  -0.08423507
0.03733766  -0.09265293
0.04543531  -0.10062639
0.05418962  -0.10816189
0.06356777  -0.11526558
0.07353805  -0.12194330
0.08406985  -0.12820068
0.09513360  -0.13404308
0.10670084  -0.13947566
0.11874410  -0.14450340
0.13123695  -0.14913112
0.14415394  -0.15336349
0.15747063  -0.15720508
0.17116350  -0.16066036
0.18521000  -0.16373376
0.19958848  -0.16642962
0.21427820  -0.16875232
0.22925931  -0.17070621
0.24451281  -0.17229567
0.26002056  -0.17352516
0.27576522  -0.17439919
0.29173028  -0.17492240
0.30790000  -0.17509953
0.32425942  -0.17493548
0.34079431  -0.17443535
0.35749120  -0.17360439
0.37433730  -0.17244812
0.39132052  -0.17097227
0.40842945  -0.16918286
0.42565331  -0.16708621
0.44298198  -0.16468895
0.46040593  -0.16199804
0.47791625  -0.15902082
0.49550459  -0.15576503
0.51316314  -0.15223880
0.53088467  -0.14845072
0.54866242  -0.14440984
0.56649016  -0.14012568
0.58436214  -0.13560829
0.60227305  -0.13086824
0.62021803  -0.12591667
0.63819266  -0.12076530
0.65619289  -0.11542644
0.67421508  -0.10991306
0.69225594  -0.10423875
0.71031254  -0.09841781
0.72838225  -0.09246523
0.74646278  -0.08639672
0.76455210  -0.08022874
0.78264847  -0.07397855
0.80075038  -0.06766417
0.81885656  -0.06130446
0.83696596  -0.05491914
0.85507770  -0.04852878
0.87319109  -0.04215486
0.89130559  -0.03581975
0.90942079  -0.02954680
0.92753640  -0.02336031
0.94565221  -0.01728556
0.96376812  -0.01134885
0.98188406  -0.00557753
1.00000000  0.00000000
