NN10195
1.00000000  0.00000000
0.98188406  0.01056961
0.96376812  0.02040901
0.94565221  0.02956675
0.92753640  0.03808855
0.90942079  0.04601737
0.89130559  0.05339350
0.87319109  0.06025463
0.85507770  0.06663592
0.83696596  0.07257012
0.81885656  0.07808757
0.80075038  0.08321639
0.78264847  0.08798245
0.76455210  0.09240951
0.74646278  0.09651931
0.72838225  0.10033160
0.71031254  0.10386426
0.69225594  0.10713335
0.67421508  0.11015323
0.65619289  0.11293659
0.63819266  0.11549456
0.62021803  0.11783679
0.60227305  0.11997151
0.58436214  0.12190563
0.56649016  0.12364482
0.54866242  0.12519355
0.53088467  0.12655522
0.51316314  0.12773222
0.49550459  0.12872600
0.47791625  0.12953717
0.46040593  0.13016554
0.44298198  0.13061025
0.42565331  0.13086981
0.40842945  0.13094222
0.39132052  0.13082498
0.37433730  0.13051526
0.35749120  0.13000989
0.34079431  0.12930552
0.32425942  0.12839863
0.30790000  0.12728566
0.29173028  0.12596305
0.27576522  0.12442737
0.26002056  0.12267533
0.24451281  0.12070394
0.22925931  0.11851050
0.21427820  0.11609276
0.19958848  0.11344896
0.18521000  0.11057791
0.17116350  0.10747906
0.15747063  0.10415262
0.14415394  0.10059961
0.13123695  0.09682191
0.11874410  0.09282240
0.10670084  0.08860502
0.09513360  0.08417481
0.08406985  0.07953804
0.07353805  0.07470226
0.06356777  0.06967639
0.05418962  0.06447080
0.04543531  0.05909739
0.03733766  0.05356965
0.02993063  0.04790277
0.02324933  0.04211370
0.01733003  0.03622124
0.01221019  0.03024610
0.00792850  0.02421101
0.00452485  0.01814076
0.00204040  0.01206232
0.00051754  0.00600489
0.00000000  0.00000000
0.00000000  0.00000000
0.00051754  -0.00550818
0.00204040  -0.01065886
0.00452485  -0.01543924
0.00792850  -0.01983904
0.01221019  -0.02385036
0.01733003  -0.02746760
0.02324933  -0.03068742
0.02993063  -0.03350856
0.03733766  -0.03593183
0.04543531  -0.03795998
0.05418962  -0.03959759
0.06356777  -0.04085103
0.07353805  -0.04172832
0.08406985  -0.04223908
0.09513360  -0.04239441
0.10670084  -0.04220679
0.11874410  -0.04169003
0.13123695  -0.04085915
0.14415394  -0.03973027
0.15747063  -0.03832057
0.17116350  -0.03664817
0.18521000  -0.03473201
0.19958848  -0.03259181
0.21427820  -0.03024796
0.22925931  -0.02772141
0.24451281  -0.02503361
0.26002056  -0.02220638
0.27576522  -0.01926186
0.29173028  -0.01622240
0.30790000  -0.01311046
0.32425942  -0.00994852
0.34079431  -0.00675902
0.35749120  -0.00356422
0.37433730  -0.00038615
0.39132052  0.00275352
0.40842945  0.00583352
0.42565331  0.00883312
0.44298198  0.01173221
0.46040593  0.01451135
0.47791625  0.01715193
0.49550459  0.01963622
0.51316314  0.02194744
0.53088467  0.02406991
0.54866242  0.02598911
0.56649016  0.02769174
0.58436214  0.02916588
0.60227305  0.03040102
0.62021803  0.03138818
0.63819266  0.03212001
0.65619289  0.03259085
0.67421508  0.03279685
0.69225594  0.03273605
0.71031254  0.03240847
0.72838225  0.03181620
0.74646278  0.03096350
0.76455210  0.02985689
0.78264847  0.02850523
0.80075038  0.02691981
0.81885656  0.02511447
0.83696596  0.02310567
0.85507770  0.02091256
0.87319109  0.01855711
0.89130559  0.01606420
0.90942079  0.01346166
0.92753640  0.01078043
0.94565221  0.00805460
0.96376812  0.00532154
0.98188406  0.00262196
1.00000000  0.00000000
