NN10381
1.00000000  0.00000000
0.98188406  0.00929145
0.96376812  0.01896373
0.94565221  0.02892236
0.92753640  0.03907902
0.90942079  0.04935132
0.89130559  0.05966266
0.87319109  0.06994203
0.85507770  0.08012391
0.83696596  0.09014802
0.81885656  0.09995922
0.80075038  0.10950732
0.78264847  0.11874690
0.76455210  0.12763716
0.74646278  0.13614176
0.72838225  0.14422862
0.71031254  0.15186981
0.69225594  0.15904130
0.67421508  0.16572290
0.65619289  0.17189799
0.63819266  0.17755342
0.62021803  0.18267932
0.60227305  0.18726894
0.58436214  0.19131848
0.56649016  0.19482691
0.54866242  0.19779583
0.53088467  0.20022928
0.51316314  0.20213361
0.49550459  0.20351724
0.47791625  0.20439058
0.46040593  0.20476581
0.44298198  0.20465673
0.42565331  0.20407858
0.40842945  0.20304790
0.39132052  0.20158233
0.37433730  0.19970048
0.35749120  0.19742172
0.34079431  0.19476607
0.32425942  0.19175397
0.30790000  0.18840616
0.29173028  0.18474349
0.27576522  0.18078676
0.26002056  0.17655658
0.24451281  0.17207315
0.22925931  0.16735612
0.21427820  0.16242444
0.19958848  0.15729618
0.18521000  0.15198834
0.17116350  0.14651673
0.15747063  0.14089576
0.14415394  0.13513831
0.13123695  0.12925552
0.11874410  0.12325667
0.10670084  0.11714900
0.09513360  0.11093749
0.08406985  0.10462480
0.07353805  0.09821099
0.06356777  0.09169344
0.05418962  0.08506664
0.04543531  0.07832201
0.03733766  0.07144780
0.02993063  0.06442884
0.02324933  0.05724642
0.01733003  0.04987814
0.01221019  0.04229770
0.00792850  0.03447474
0.00452485  0.02637473
0.00204040  0.01795871
0.00051754  0.00918320
0.00000000  0.00000000
0.00000000  0.00000000
0.00051754  -0.00613747
0.00204040  -0.01141778
0.00452485  -0.01592477
0.00792850  -0.01973682
0.01221019  -0.02292694
0.01733003  -0.02556303
0.02324933  -0.02770799
0.02993063  -0.02941993
0.03733766  -0.03075234
0.04543531  -0.03175422
0.05418962  -0.03247032
0.06356777  -0.03294126
0.07353805  -0.03320373
0.08406985  -0.03329064
0.09513360  -0.03323133
0.10670084  -0.03305172
0.11874410  -0.03277446
0.13123695  -0.03241915
0.14415394  -0.03200249
0.15747063  -0.03153843
0.17116350  -0.03103841
0.18521000  -0.03051144
0.19958848  -0.02996435
0.21427820  -0.02940194
0.22925931  -0.02882713
0.24451281  -0.02824117
0.26002056  -0.02764377
0.27576522  -0.02703333
0.29173028  -0.02640706
0.30790000  -0.02576117
0.32425942  -0.02509107
0.34079431  -0.02439148
0.35749120  -0.02365669
0.37433730  -0.02288065
0.39132052  -0.02205720
0.40842945  -0.02118021
0.42565331  -0.02024377
0.44298198  -0.01924235
0.46040593  -0.01817099
0.47791625  -0.01702547
0.49550459  -0.01580246
0.51316314  -0.01449972
0.53088467  -0.01311626
0.54866242  -0.01165253
0.56649016  -0.01011056
0.58436214  -0.00849415
0.60227305  -0.00680907
0.62021803  -0.00506319
0.63819266  -0.00326667
0.65619289  -0.00143214
0.67421508  0.00042514
0.69225594  0.00228708
0.71031254  0.00413263
0.72838225  0.00593756
0.74646278  0.00767434
0.76455210  0.00931192
0.78264847  0.01081556
0.80075038  0.01214670
0.81885656  0.01326274
0.83696596  0.01411690
0.85507770  0.01465801
0.87319109  0.01483037
0.89130559  0.01457358
0.90942079  0.01382234
0.92753640  0.01250629
0.94565221  0.01054983
0.96376812  0.00787197
0.98188406  0.00438614
1.00000000  0.00000000
