NN10840
1.00000000  0.00000000
0.98188406  0.01425890
0.96376812  0.02746299
0.94565221  0.03967094
0.92753640  0.05093854
0.90942079  0.06131884
0.89130559  0.07086215
0.87319109  0.07961619
0.85507770  0.08762612
0.83696596  0.09493464
0.81885656  0.10158207
0.80075038  0.10760642
0.78264847  0.11304347
0.76455210  0.11792687
0.74646278  0.12228818
0.72838225  0.12615698
0.71031254  0.12956096
0.69225594  0.13252594
0.67421508  0.13507601
0.65619289  0.13723359
0.63819266  0.13901951
0.62021803  0.14045306
0.60227305  0.14155211
0.58436214  0.14233318
0.56649016  0.14281150
0.54866242  0.14300111
0.53088467  0.14291493
0.51316314  0.14256482
0.49550459  0.14196169
0.47791625  0.14111559
0.46040593  0.14003573
0.44298198  0.13873061
0.42565331  0.13720810
0.40842945  0.13547546
0.39132052  0.13353952
0.37433730  0.13140665
0.35749120  0.12908291
0.34079431  0.12657412
0.32425942  0.12388592
0.30790000  0.12102384
0.29173028  0.11799343
0.27576522  0.11480027
0.26002056  0.11145011
0.24451281  0.10794891
0.22925931  0.10430294
0.21427820  0.10051884
0.19958848  0.09660373
0.18521000  0.09256524
0.17116350  0.08841164
0.15747063  0.08415189
0.14415394  0.07979574
0.13123695  0.07535377
0.11874410  0.07083752
0.10670084  0.06625952
0.09513360  0.06163341
0.08406985  0.05697398
0.07353805  0.05229731
0.06356777  0.04762077
0.05418962  0.04296315
0.04543531  0.03834473
0.03733766  0.03378737
0.02993063  0.02931454
0.02324933  0.02495148
0.01733003  0.02072519
0.01221019  0.01666458
0.00792850  0.01280051
0.00452485  0.00916589
0.00204040  0.00579573
0.00051754  0.00272727
0.00000000  0.00000000
0.00000000  0.00000000
0.00051754  -0.00535758
0.00204040  -0.01053044
0.00452485  -0.01549378
0.00792850  -0.02022660
0.01221019  -0.02471146
0.01733003  -0.02893437
0.02324933  -0.03288460
0.02993063  -0.03655451
0.03733766  -0.03993939
0.04543531  -0.04303728
0.05418962  -0.04584880
0.06356777  -0.04837701
0.07353805  -0.05062719
0.08406985  -0.05260672
0.09513360  -0.05432489
0.10670084  -0.05579275
0.11874410  -0.05702289
0.13123695  -0.05802934
0.14415394  -0.05882735
0.15747063  -0.05943325
0.17116350  -0.05986427
0.18521000  -0.06013837
0.19958848  -0.06027408
0.21427820  -0.06029032
0.22925931  -0.06020624
0.24451281  -0.06004106
0.26002056  -0.05981387
0.27576522  -0.05954350
0.29173028  -0.05924833
0.30790000  -0.05894612
0.32425942  -0.05865384
0.34079431  -0.05838753
0.35749120  -0.05816209
0.37433730  -0.05799114
0.39132052  -0.05788685
0.40842945  -0.05785974
0.42565331  -0.05791857
0.44298198  -0.05807010
0.46040593  -0.05831899
0.47791625  -0.05866757
0.49550459  -0.05911574
0.51316314  -0.05966073
0.53088467  -0.06029698
0.54866242  -0.06101595
0.56649016  -0.06180596
0.58436214  -0.06265202
0.60227305  -0.06353566
0.62021803  -0.06443477
0.63819266  -0.06532340
0.65619289  -0.06617163
0.67421508  -0.06694541
0.69225594  -0.06760632
0.71031254  -0.06811148
0.72838225  -0.06841335
0.74646278  -0.06845956
0.76455210  -0.06819274
0.78264847  -0.06755035
0.80075038  -0.06646453
0.81885656  -0.06486191
0.83696596  -0.06266346
0.85507770  -0.05978430
0.87319109  -0.05613354
0.89130559  -0.05161412
0.90942079  -0.04612265
0.92753640  -0.03954921
0.94565221  -0.03177719
0.96376812  -0.02268316
0.98188406  -0.01213665
1.00000000  0.00000000
