NN10648
1.00000000  0.00000000
0.98188406  0.01468301
0.96376812  0.02906117
0.94565221  0.04311134
0.92753640  0.05681168
0.90942079  0.07014161
0.89130559  0.08308177
0.87319109  0.09561407
0.85507770  0.10772158
0.83696596  0.11938860
0.81885656  0.13060061
0.80075038  0.14134422
0.78264847  0.15160721
0.76455210  0.16137846
0.74646278  0.17064798
0.72838225  0.17940687
0.71031254  0.18764728
0.69225594  0.19536245
0.67421508  0.20254664
0.65619289  0.20919514
0.63819266  0.21530423
0.62021803  0.22087121
0.60227305  0.22589432
0.58436214  0.23037277
0.56649016  0.23430671
0.54866242  0.23769721
0.53088467  0.24054622
0.51316314  0.24285662
0.49550459  0.24463213
0.47791625  0.24587731
0.46040593  0.24659759
0.44298198  0.24679920
0.42565331  0.24648916
0.40842945  0.24567529
0.39132052  0.24436618
0.37433730  0.24257115
0.35749120  0.24030027
0.34079431  0.23756432
0.32425942  0.23437478
0.30790000  0.23074381
0.29173028  0.22668424
0.27576522  0.22220953
0.26002056  0.21733378
0.24451281  0.21207173
0.22925931  0.20643866
0.21427820  0.20045048
0.19958848  0.19412364
0.18521000  0.18747514
0.17116350  0.18052249
0.15747063  0.17328374
0.14415394  0.16577742
0.13123695  0.15802254
0.11874410  0.15003855
0.10670084  0.14184537
0.09513360  0.13346333
0.08406985  0.12491317
0.07353805  0.11621603
0.06356777  0.10739342
0.05418962  0.09846719
0.04543531  0.08945956
0.03733766  0.08039306
0.02993063  0.07129050
0.02324933  0.06217503
0.01733003  0.05307003
0.01221019  0.04399915
0.00792850  0.03498629
0.00452485  0.02605553
0.00204040  0.01723121
0.00051754  0.00853781
0.00000000  0.00000000
0.00000000  0.00000000
0.00051754  -0.00693016
0.00204040  -0.01376338
0.00452485  -0.02047866
0.00792850  -0.02705695
0.01221019  -0.03348112
0.01733003  -0.03973586
0.02324933  -0.04580760
0.02993063  -0.05168445
0.03733766  -0.05735610
0.04543531  -0.06281379
0.05418962  -0.06805016
0.06356777  -0.07305925
0.07353805  -0.07783636
0.08406985  -0.08237803
0.09513360  -0.08668191
0.10670084  -0.09074674
0.11874410  -0.09457221
0.13123695  -0.09815894
0.14415394  -0.10150837
0.15747063  -0.10462271
0.17116350  -0.10750482
0.18521000  -0.11015819
0.19958848  -0.11258682
0.21427820  -0.11479516
0.22925931  -0.11678803
0.24451281  -0.11857055
0.26002056  -0.12014807
0.27576522  -0.12152606
0.29173028  -0.12271007
0.30790000  -0.12370564
0.32425942  -0.12451823
0.34079431  -0.12515313
0.35749120  -0.12561538
0.37433730  -0.12590973
0.39132052  -0.12604053
0.40842945  -0.12601164
0.42565331  -0.12582640
0.44298198  -0.12548754
0.46040593  -0.12499705
0.47791625  -0.12435619
0.49550459  -0.12356534
0.51316314  -0.12262398
0.53088467  -0.12153056
0.54866242  -0.12028248
0.56649016  -0.11887595
0.58436214  -0.11730599
0.60227305  -0.11556627
0.62021803  -0.11364910
0.63819266  -0.11154533
0.65619289  -0.10924426
0.67421508  -0.10673359
0.69225594  -0.10399931
0.71031254  -0.10102568
0.72838225  -0.09779507
0.74646278  -0.09428797
0.76455210  -0.09048285
0.78264847  -0.08635611
0.80075038  -0.08188203
0.81885656  -0.07703263
0.83696596  -0.07177765
0.85507770  -0.06608443
0.87319109  -0.05991789
0.89130559  -0.05324039
0.90942079  -0.04601170
0.92753640  -0.03818889
0.94565221  -0.02972630
0.96376812  -0.02057540
0.98188406  -0.01068477
1.00000000  0.00000000
