NN11078
1.00000000  0.00000000
0.98188406  0.01504246
0.96376812  0.02910959
0.94565221  0.04225212
0.92753640  0.05451860
0.90942079  0.06595547
0.89130559  0.07660708
0.87319109  0.08651570
0.85507770  0.09572164
0.83696596  0.10426322
0.81885656  0.11217683
0.80075038  0.11949701
0.78264847  0.12625644
0.76455210  0.13248601
0.74646278  0.13821485
0.72838225  0.14347039
0.71031254  0.14827839
0.69225594  0.15266295
0.67421508  0.15664663
0.65619289  0.16025041
0.63819266  0.16349379
0.62021803  0.16639478
0.60227305  0.16897001
0.58436214  0.17123470
0.56649016  0.17320275
0.54866242  0.17488675
0.53088467  0.17629807
0.51316314  0.17744684
0.49550459  0.17834202
0.47791625  0.17899148
0.46040593  0.17940196
0.44298198  0.17957919
0.42565331  0.17952789
0.40842945  0.17925181
0.39132052  0.17875380
0.37433730  0.17803582
0.35749120  0.17709900
0.34079431  0.17594370
0.32425942  0.17456950
0.30790000  0.17297528
0.29173028  0.17115927
0.27576522  0.16911906
0.26002056  0.16685167
0.24451281  0.16435356
0.22925931  0.16162071
0.21427820  0.15864864
0.19958848  0.15543245
0.18521000  0.15196688
0.17116350  0.14824631
0.15747063  0.14426486
0.14415394  0.14001640
0.13123695  0.13549458
0.11874410  0.13069290
0.10670084  0.12560472
0.09513360  0.12022334
0.08406985  0.11454202
0.07353805  0.10855401
0.06356777  0.10225261
0.05418962  0.09563123
0.04543531  0.08868337
0.03733766  0.08140274
0.02993063  0.07378323
0.02324933  0.06581902
0.01733003  0.05750455
0.01221019  0.04883462
0.00792850  0.03980441
0.00452485  0.03040953
0.00204040  0.02064602
0.00051754  0.01051048
0.00000000  0.00000000
0.00000000  0.00000000
0.00051754  -0.01189915
0.00204040  -0.02308308
0.00452485  -0.03355094
0.00792850  -0.04330419
0.01221019  -0.05234648
0.01733003  -0.06068357
0.02324933  -0.06832320
0.02993063  -0.07527503
0.03733766  -0.08155053
0.04543531  -0.08716287
0.05418962  -0.09212685
0.06356777  -0.09645879
0.07353805  -0.10017643
0.08406985  -0.10329885
0.09513360  -0.10584635
0.10670084  -0.10784038
0.11874410  -0.10930343
0.13123695  -0.11025892
0.14415394  -0.11073114
0.15747063  -0.11074513
0.17116350  -0.11032658
0.18521000  -0.10950174
0.19958848  -0.10829734
0.21427820  -0.10674046
0.22925931  -0.10485846
0.24451281  -0.10267890
0.26002056  -0.10022938
0.27576522  -0.09753753
0.29173028  -0.09463084
0.30790000  -0.09153660
0.32425942  -0.08828180
0.34079431  -0.08489303
0.35749120  -0.08139639
0.37433730  -0.07781739
0.39132052  -0.07418084
0.40842945  -0.07051078
0.42565331  -0.06683038
0.44298198  -0.06316182
0.46040593  -0.05952621
0.47791625  -0.05594350
0.49550459  -0.05243238
0.51316314  -0.04901018
0.53088467  -0.04569276
0.54866242  -0.04249446
0.56649016  -0.03942795
0.58436214  -0.03650416
0.60227305  -0.03373219
0.62021803  -0.03111921
0.63819266  -0.02867033
0.65619289  -0.02638857
0.67421508  -0.02427472
0.69225594  -0.02232723
0.71031254  -0.02054216
0.72838225  -0.01891304
0.74646278  -0.01743081
0.76455210  -0.01608370
0.78264847  -0.01485714
0.80075038  -0.01373367
0.81885656  -0.01269284
0.83696596  -0.01171111
0.85507770  -0.01076177
0.87319109  -0.00981480
0.89130559  -0.00883684
0.90942079  -0.00779105
0.92753640  -0.00663701
0.94565221  -0.00533065
0.96376812  -0.00382415
0.98188406  -0.00206581
1.00000000  0.00000000
