NN11464
1.00000000  0.00000000
0.98188406  0.01372406
0.96376812  0.02673252
0.94565221  0.03905488
0.92753640  0.05071965
0.90942079  0.06175431
0.89130559  0.07218534
0.87319109  0.08203825
0.85507770  0.09133753
0.83696596  0.10010669
0.81885656  0.10836827
0.80075038  0.11614382
0.78264847  0.12345394
0.76455210  0.13031825
0.74646278  0.13675541
0.72838225  0.14278314
0.71031254  0.14841821
0.69225594  0.15367644
0.67421508  0.15857271
0.65619289  0.16312099
0.63819266  0.16733430
0.62021803  0.17122476
0.60227305  0.17480356
0.58436214  0.17808099
0.56649016  0.18106644
0.54866242  0.18376838
0.53088467  0.18619442
0.51316314  0.18835126
0.49550459  0.19024471
0.47791625  0.19187974
0.46040593  0.19326042
0.44298198  0.19438996
0.42565331  0.19527071
0.40842945  0.19590417
0.39132052  0.19629099
0.37433730  0.19643098
0.35749120  0.19632310
0.34079431  0.19596550
0.32425942  0.19535547
0.30790000  0.19448952
0.29173028  0.19336330
0.27576522  0.19197169
0.26002056  0.19030873
0.24451281  0.18836770
0.22925931  0.18614104
0.21427820  0.18362044
0.19958848  0.18079678
0.18521000  0.17766019
0.17116350  0.17420001
0.15747063  0.17040480
0.14415394  0.16626239
0.13123695  0.16175984
0.11874410  0.15688345
0.10670084  0.15161880
0.09513360  0.14595070
0.08406985  0.13986325
0.07353805  0.13333982
0.06356777  0.12636304
0.05418962  0.11891484
0.04543531  0.11097643
0.03733766  0.10252833
0.02993063  0.09355033
0.02324933  0.08402155
0.01733003  0.07392040
0.01221019  0.06322463
0.00792850  0.05191130
0.00452485  0.03995678
0.00204040  0.02733680
0.00051754  0.01402640
0.00000000  0.00000000
0.00000000  0.00000000
0.00051754  -0.00449963
0.00204040  -0.00880578
0.00452485  -0.01294035
0.00792850  -0.01692268
0.01221019  -0.02076956
0.01733003  -0.02449542
0.02324933  -0.02811242
0.02993063  -0.03163053
0.03733766  -0.03505770
0.04543531  -0.03839991
0.05418962  -0.04166133
0.06356777  -0.04484440
0.07353805  -0.04794995
0.08406985  -0.05097733
0.09513360  -0.05392448
0.10670084  -0.05678809
0.11874410  -0.05956367
0.13123695  -0.06224569
0.14415394  -0.06482768
0.15747063  -0.06730233
0.17116350  -0.06966162
0.18521000  -0.07189692
0.19958848  -0.07399913
0.21427820  -0.07595872
0.22925931  -0.07776592
0.24451281  -0.07941080
0.26002056  -0.08088336
0.27576522  -0.08217369
0.29173028  -0.08327203
0.30790000  -0.08416890
0.32425942  -0.08485524
0.34079431  -0.08532248
0.35749120  -0.08556267
0.37433730  -0.08556859
0.39132052  -0.08533387
0.40842945  -0.08485306
0.42565331  -0.08412182
0.44298198  -0.08313696
0.46040593  -0.08189656
0.47791625  -0.08040012
0.49550459  -0.07864865
0.51316314  -0.07664477
0.53088467  -0.07439282
0.54866242  -0.07189900
0.56649016  -0.06917147
0.58436214  -0.06622043
0.60227305  -0.06305827
0.62021803  -0.05969966
0.63819266  -0.05616170
0.65619289  -0.05246394
0.67421508  -0.04862862
0.69225594  -0.04468065
0.71031254  -0.04064783
0.72838225  -0.03656088
0.74646278  -0.03245362
0.76455210  -0.02836303
0.78264847  -0.02432937
0.80075038  -0.02039631
0.81885656  -0.01661104
0.83696596  -0.01302436
0.85507770  -0.00969081
0.87319109  -0.00666877
0.89130559  -0.00402059
0.90942079  -0.00181266
0.92753640  -0.00011558
0.94565221  0.00099577
0.96376812  0.00144212
0.98188406  0.00113967
1.00000000  0.00000000
