NN11539
1.00000000  0.00000000
0.98188406  0.00758110
0.96376812  0.01503158
0.94565221  0.02235659
0.92753640  0.02955934
0.90942079  0.03664124
0.89130559  0.04360198
0.87319109  0.05043961
0.85507770  0.05715071
0.83696596  0.06373044
0.81885656  0.07017265
0.80075038  0.07647003
0.78264847  0.08261415
0.76455210  0.08859562
0.74646278  0.09440415
0.72838225  0.10002872
0.71031254  0.10545759
0.69225594  0.11067849
0.67421508  0.11567868
0.65619289  0.12044507
0.63819266  0.12496434
0.62021803  0.12922299
0.60227305  0.13320751
0.58436214  0.13690445
0.56649016  0.14030053
0.54866242  0.14338275
0.53088467  0.14613849
0.51316314  0.14855561
0.49550459  0.15062259
0.47791625  0.15232856
0.46040593  0.15366349
0.44298198  0.15461825
0.42565331  0.15518470
0.40842945  0.15535583
0.39132052  0.15512587
0.37433730  0.15449035
0.35749120  0.15344625
0.34079431  0.15199206
0.32425942  0.15012793
0.30790000  0.14785577
0.29173028  0.14517931
0.27576522  0.14210426
0.26002056  0.13863838
0.24451281  0.13479160
0.22925931  0.13057611
0.21427820  0.12600649
0.19958848  0.12109980
0.18521000  0.11587568
0.17116350  0.11035646
0.15747063  0.10456726
0.14415394  0.09853612
0.13123695  0.09229406
0.11874410  0.08587523
0.10670084  0.07931700
0.09513360  0.07266003
0.08406985  0.06594844
0.07353805  0.05922986
0.06356777  0.05255555
0.05418962  0.04598053
0.04543531  0.03956365
0.03733766  0.03336772
0.02993063  0.02745960
0.02324933  0.02191030
0.01733003  0.01679511
0.01221019  0.01219368
0.00792850  0.00819015
0.00452485  0.00487322
0.00204040  0.00233628
0.00051754  0.00067751
0.00000000  0.00000000
0.00000000  0.00000000
0.00051754  -0.01302760
0.00204040  -0.02523508
0.00452485  -0.03662180
0.00792850  -0.04718980
0.01221019  -0.05694367
0.01733003  -0.06589044
0.02324933  -0.07403948
0.02993063  -0.08140237
0.03733766  -0.08799280
0.04543531  -0.09382646
0.05418962  -0.09892093
0.06356777  -0.10329557
0.07353805  -0.10697139
0.08406985  -0.10997099
0.09513360  -0.11231838
0.10670084  -0.11403892
0.11874410  -0.11515919
0.13123695  -0.11570689
0.14415394  -0.11571071
0.15747063  -0.11520025
0.17116350  -0.11420588
0.18521000  -0.11275862
0.19958848  -0.11089009
0.21427820  -0.10863233
0.22925931  -0.10601773
0.24451281  -0.10307890
0.26002056  -0.09984856
0.27576522  -0.09635946
0.29173028  -0.09264423
0.30790000  -0.08873527
0.32425942  -0.08466468
0.34079431  -0.08046411
0.35749120  -0.07616466
0.37433730  -0.07179677
0.39132052  -0.06739013
0.40842945  -0.06297353
0.42565331  -0.05857476
0.44298198  -0.05422054
0.46040593  -0.04993635
0.47791625  -0.04574637
0.49550459  -0.04167332
0.51316314  -0.03773841
0.53088467  -0.03396115
0.54866242  -0.03035932
0.56649016  -0.02694882
0.58436214  -0.02374355
0.60227305  -0.02075532
0.62021803  -0.01799372
0.63819266  -0.01546604
0.65619289  -0.01317712
0.67421508  -0.01112927
0.69225594  -0.00932215
0.71031254  -0.00775265
0.72838225  -0.00641480
0.74646278  -0.00529963
0.76455210  -0.00439509
0.78264847  -0.00368591
0.80075038  -0.00315352
0.81885656  -0.00277590
0.83696596  -0.00252753
0.85507770  -0.00237920
0.87319109  -0.00229798
0.89130559  -0.00224703
0.90942079  -0.00218557
0.92753640  -0.00206871
0.94565221  -0.00184734
0.96376812  -0.00146808
0.98188406  -0.00087308
1.00000000  0.00000000
