NN11367
1.00000000  0.00000000
0.98188406  0.01742630
0.96376812  0.03413845
0.94565221  0.05013762
0.92753640  0.06542523
0.90942079  0.08000305
0.89130559  0.09387313
0.87319109  0.10703788
0.85507770  0.11950004
0.83696596  0.13126274
0.81885656  0.14232946
0.80075038  0.15270407
0.78264847  0.16239088
0.76455210  0.17139458
0.74646278  0.17972031
0.72838225  0.18737367
0.71031254  0.19436071
0.69225594  0.20068795
0.67421508  0.20636243
0.65619289  0.21139166
0.63819266  0.21578370
0.62021803  0.21954713
0.60227305  0.22269108
0.58436214  0.22522524
0.56649016  0.22715990
0.54866242  0.22850590
0.53088467  0.22927473
0.51316314  0.22947848
0.49550459  0.22912986
0.47791625  0.22824227
0.46040593  0.22682973
0.44298198  0.22490696
0.42565331  0.22248938
0.40842945  0.21959309
0.39132052  0.21623494
0.37433730  0.21243249
0.35749120  0.20820408
0.34079431  0.20356877
0.32425942  0.19854644
0.30790000  0.19315774
0.29173028  0.18742413
0.27576522  0.18136791
0.26002056  0.17501217
0.24451281  0.16838090
0.22925931  0.16149893
0.21427820  0.15439197
0.19958848  0.14708662
0.18521000  0.13961039
0.17116350  0.13199172
0.15747063  0.12425997
0.14415394  0.11644546
0.13123695  0.10857948
0.11874410  0.10069428
0.10670084  0.09282312
0.09513360  0.08500026
0.08406985  0.07726098
0.07353805  0.06964160
0.06356777  0.06217950
0.05418962  0.05491310
0.04543531  0.04788192
0.03733766  0.04112656
0.02993063  0.03468874
0.02324933  0.02861130
0.01733003  0.02293819
0.01221019  0.01771456
0.00792850  0.01298667
0.00452485  0.00880201
0.00204040  0.00520923
0.00051754  0.00225820
0.00000000  0.00000000
0.00000000  0.00000000
0.00051754  -0.00474357
0.00204040  -0.00960018
0.00452485  -0.01454449
0.00792850  -0.01955164
0.01221019  -0.02459721
0.01733003  -0.02965731
0.02324933  -0.03470856
0.02993063  -0.03972817
0.03733766  -0.04469394
0.04543531  -0.04958430
0.05418962  -0.05437834
0.06356777  -0.05905585
0.07353805  -0.06359732
0.08406985  -0.06798403
0.09513360  -0.07219803
0.10670084  -0.07622217
0.11874410  -0.08004019
0.13123695  -0.08363667
0.14415394  -0.08699713
0.15747063  -0.09010801
0.17116350  -0.09295676
0.18521000  -0.09553179
0.19958848  -0.09782258
0.21427820  -0.09981967
0.22925931  -0.10151470
0.24451281  -0.10290044
0.26002056  -0.10397082
0.27576522  -0.10472098
0.29173028  -0.10514725
0.30790000  -0.10524726
0.32425942  -0.10501990
0.34079431  -0.10446539
0.35749120  -0.10358528
0.37433730  -0.10238255
0.39132052  -0.10086154
0.40842945  -0.09902806
0.42565331  -0.09688940
0.44298198  -0.09445435
0.46040593  -0.09173324
0.47791625  -0.08873796
0.49550459  -0.08548202
0.51316314  -0.08198056
0.53088467  -0.07825037
0.54866242  -0.07430994
0.56649016  -0.07017949
0.58436214  -0.06588101
0.60227305  -0.06143825
0.62021803  -0.05687681
0.63819266  -0.05222413
0.65619289  -0.04750954
0.67421508  -0.04276426
0.69225594  -0.03802149
0.71031254  -0.03331638
0.72838225  -0.02868611
0.74646278  -0.02416989
0.76455210  -0.01980901
0.78264847  -0.01564683
0.80075038  -0.01172890
0.81885656  -0.00810288
0.83696596  -0.00481866
0.85507770  -0.00192836
0.87319109  0.00051366
0.89130559  0.00245075
0.90942079  0.00382391
0.92753640  0.00457181
0.94565221  0.00463073
0.96376812  0.00393454
0.98188406  0.00241465
1.00000000  0.00000000
