NN11024
1.00000000  0.00000000
0.98188406  0.01458188
0.96376812  0.02885325
0.94565221  0.04279922
0.92753640  0.05640502
0.90942079  0.06965610
0.89130559  0.08253811
0.87319109  0.09503696
0.85507770  0.10713884
0.83696596  0.11883025
0.81885656  0.13009807
0.80075038  0.14092954
0.78264847  0.15131232
0.76455210  0.16123452
0.74646278  0.17068474
0.72838225  0.17965210
0.71031254  0.18812625
0.69225594  0.19609744
0.67421508  0.20355653
0.65619289  0.21049503
0.63819266  0.21690512
0.62021803  0.22277970
0.60227305  0.22811243
0.58436214  0.23289774
0.56649016  0.23713085
0.54866242  0.24080788
0.53088467  0.24392577
0.51316314  0.24648240
0.49550459  0.24847661
0.47791625  0.24990819
0.46040593  0.25077795
0.44298198  0.25108774
0.42565331  0.25084051
0.40842945  0.25004029
0.39132052  0.24869226
0.37433730  0.24680278
0.35749120  0.24437943
0.34079431  0.24143101
0.32425942  0.23796760
0.30790000  0.23400061
0.29173028  0.22954275
0.27576522  0.22460814
0.26002056  0.21921229
0.24451281  0.21337214
0.22925931  0.20710613
0.21427820  0.20043418
0.19958848  0.19337776
0.18521000  0.18595991
0.17116350  0.17820526
0.15747063  0.17014011
0.14415394  0.16179239
0.13123695  0.15319177
0.11874410  0.14436964
0.10670084  0.13535914
0.09513360  0.12619525
0.08406985  0.11691475
0.07353805  0.10755631
0.06356777  0.09816050
0.05418962  0.08876982
0.04543531  0.07942872
0.03733766  0.07018368
0.02993063  0.06108320
0.02324933  0.05217783
0.01733003  0.04352024
0.01221019  0.03516523
0.00792850  0.02716975
0.00452485  0.01959297
0.00204040  0.01249626
0.00051754  0.00594329
0.00000000  0.00000000
0.00000000  0.00000000
0.00051754  -0.01070124
0.00204040  -0.02070229
0.00452485  -0.03003989
0.00792850  -0.03874812
0.01221019  -0.04685851
0.01733003  -0.05440015
0.02324933  -0.06139982
0.02993063  -0.06788209
0.03733766  -0.07386942
0.04543531  -0.07938232
0.05418962  -0.08443940
0.06356777  -0.08905756
0.07353805  -0.09325203
0.08406985  -0.09703653
0.09513360  -0.10042337
0.10670084  -0.10342356
0.11874410  -0.10604694
0.13123695  -0.10830228
0.14415394  -0.11019739
0.15747063  -0.11173924
0.17116350  -0.11293409
0.18521000  -0.11378758
0.19958848  -0.11430486
0.21427820  -0.11449067
0.22925931  -0.11434952
0.24451281  -0.11388575
0.26002056  -0.11310364
0.27576522  -0.11200758
0.29173028  -0.11060213
0.30790000  -0.10889213
0.32425942  -0.10688287
0.34079431  -0.10458016
0.35749120  -0.10199044
0.37433730  -0.09912092
0.39132052  -0.09597968
0.40842945  -0.09257578
0.42565331  -0.08891940
0.44298198  -0.08502190
0.46040593  -0.08089599
0.47791625  -0.07655582
0.49550459  -0.07201710
0.51316314  -0.06729720
0.53088467  -0.06241528
0.54866242  -0.05739239
0.56649016  -0.05225161
0.58436214  -0.04701812
0.60227305  -0.04171936
0.62021803  -0.03638512
0.63819266  -0.03104766
0.65619289  -0.02574181
0.67421508  -0.02050512
0.69225594  -0.01537792
0.71031254  -0.01040349
0.72838225  -0.00562814
0.74646278  -0.00110132
0.76455210  0.00312423
0.78264847  0.00699241
0.80075038  0.01044362
0.81885656  0.01341465
0.83696596  0.01583855
0.85507770  0.01764457
0.87319109  0.01875798
0.89130559  0.01910000
0.90942079  0.01858766
0.92753640  0.01713371
0.94565221  0.01464648
0.96376812  0.01102979
0.98188406  0.00618282
1.00000000  0.00000000
