NN11634
1.00000000  0.00000000
0.98188406  0.01357948
0.96376812  0.02651832
0.94565221  0.03883399
0.92753640  0.05054294
0.90942079  0.06166066
0.89130559  0.07220173
0.87319109  0.08217986
0.85507770  0.09160794
0.83696596  0.10049808
0.81885656  0.10886167
0.80075038  0.11670940
0.78264847  0.12405135
0.76455210  0.13089698
0.74646278  0.13725523
0.72838225  0.14313453
0.71031254  0.14854288
0.69225594  0.15348785
0.67421508  0.15797667
0.65619289  0.16201624
0.63819266  0.16561323
0.62021803  0.16877406
0.60227305  0.17150500
0.58436214  0.17381217
0.56649016  0.17570165
0.54866242  0.17717944
0.53088467  0.17825160
0.51316314  0.17892422
0.49550459  0.17920352
0.47791625  0.17909585
0.46040593  0.17860778
0.44298198  0.17774612
0.42565331  0.17651797
0.40842945  0.17493078
0.39132052  0.17299237
0.37433730  0.17071102
0.35749120  0.16809546
0.34079431  0.16515495
0.32425942  0.16189934
0.30790000  0.15833910
0.29173028  0.15448533
0.27576522  0.15034989
0.26002056  0.14594535
0.24451281  0.14128513
0.22925931  0.13638347
0.21427820  0.13125551
0.19958848  0.12591735
0.18521000  0.12038608
0.17116350  0.11467981
0.15747063  0.10881773
0.14415394  0.10282020
0.13123695  0.09670870
0.11874410  0.09050599
0.10670084  0.08423604
0.09513360  0.07792419
0.08406985  0.07159712
0.07353805  0.06528290
0.06356777  0.05901109
0.05418962  0.05281273
0.04543531  0.04672040
0.03733766  0.04076831
0.02993063  0.03499228
0.02324933  0.02942982
0.01733003  0.02412019
0.01221019  0.01910441
0.00792850  0.01442536
0.00452485  0.01012775
0.00204040  0.00625823
0.00051754  0.00286544
0.00000000  0.00000000
0.00000000  0.00000000
0.00051754  -0.01120628
0.00204040  -0.02114220
0.00452485  -0.02992536
0.00792850  -0.03766569
0.01221019  -0.04446576
0.01733003  -0.05042096
0.02324933  -0.05561974
0.02993063  -0.06014388
0.03733766  -0.06406870
0.04543531  -0.06746329
0.05418962  -0.07039076
0.06356777  -0.07290849
0.07353805  -0.07506831
0.08406985  -0.07691678
0.09513360  -0.07849545
0.10670084  -0.07984101
0.11874410  -0.08098562
0.13123695  -0.08195707
0.14415394  -0.08277906
0.15747063  -0.08347144
0.17116350  -0.08405040
0.18521000  -0.08452875
0.19958848  -0.08491614
0.21427820  -0.08521927
0.22925931  -0.08544218
0.24451281  -0.08558644
0.26002056  -0.08565141
0.27576522  -0.08563445
0.29173028  -0.08553117
0.30790000  -0.08533569
0.32425942  -0.08504082
0.34079431  -0.08463836
0.35749120  -0.08411927
0.37433730  -0.08347395
0.39132052  -0.08269248
0.40842945  -0.08176480
0.42565331  -0.08068102
0.44298198  -0.07943161
0.46040593  -0.07800762
0.47791625  -0.07640096
0.49550459  -0.07460463
0.51316314  -0.07261289
0.53088467  -0.07042161
0.54866242  -0.06802838
0.56649016  -0.06543285
0.58436214  -0.06263689
0.60227305  -0.05964489
0.62021803  -0.05646392
0.63819266  -0.05310405
0.65619289  -0.04957851
0.67421508  -0.04590397
0.69225594  -0.04210077
0.71031254  -0.03819313
0.72838225  -0.03420943
0.74646278  -0.03018239
0.76455210  -0.02614936
0.78264847  -0.02215252
0.80075038  -0.01823911
0.81885656  -0.01446171
0.83696596  -0.01087842
0.85507770  -0.00755313
0.87319109  -0.00455575
0.89130559  -0.00196244
0.90942079  0.00014415
0.92753640  0.00167466
0.94565221  0.00253275
0.96376812  0.00261492
0.98188406  0.00181020
1.00000000  0.00000000
