NN11618
1.00000000  0.00000000
0.98188406  0.01643623
0.96376812  0.03229003
0.94565221  0.04753228
0.92753640  0.06213733
0.90942079  0.07608284
0.89130559  0.08934967
0.87319109  0.10192183
0.85507770  0.11378630
0.83696596  0.12493298
0.81885656  0.13535452
0.80075038  0.14504629
0.78264847  0.15400622
0.76455210  0.16223468
0.74646278  0.16973443
0.72838225  0.17651046
0.71031254  0.18256989
0.69225594  0.18792190
0.67421508  0.19257758
0.65619289  0.19654982
0.63819266  0.19985325
0.62021803  0.20250408
0.60227305  0.20452002
0.58436214  0.20592017
0.56649016  0.20672489
0.54866242  0.20695574
0.53088467  0.20663531
0.51316314  0.20578717
0.49550459  0.20443571
0.47791625  0.20260608
0.46040593  0.20032406
0.44298198  0.19761594
0.42565331  0.19450843
0.40842945  0.19102856
0.39132052  0.18720353
0.37433730  0.18306067
0.35749120  0.17862725
0.34079431  0.17393046
0.32425942  0.16899723
0.30790000  0.16385415
0.29173028  0.15852738
0.27576522  0.15304252
0.26002056  0.14742448
0.24451281  0.14169743
0.22925931  0.13588466
0.21427820  0.13000845
0.19958848  0.12409001
0.18521000  0.11814934
0.17116350  0.11220511
0.15747063  0.10627461
0.14415394  0.10037357
0.13123695  0.09451610
0.11874410  0.08871457
0.10670084  0.08297950
0.09513360  0.07731945
0.08406985  0.07174091
0.07353805  0.06624822
0.06356777  0.06084341
0.05418962  0.05552613
0.04543531  0.05029356
0.03733766  0.04514022
0.02993063  0.04005799
0.02324933  0.03503586
0.01733003  0.03005994
0.01221019  0.02511328
0.00792850  0.02017581
0.00452485  0.01522419
0.00204040  0.01023171
0.00051754  0.00516823
0.00000000  0.00000000
0.00000000  0.00000000
0.00051754  -0.00494400
0.00204040  -0.00954987
0.00452485  -0.01384267
0.00792850  -0.01784544
0.01221019  -0.02157923
0.01733003  -0.02506322
0.02324933  -0.02831479
0.02993063  -0.03134959
0.03733766  -0.03418161
0.04543531  -0.03682330
0.05418962  -0.03928562
0.06356777  -0.04157813
0.07353805  -0.04370908
0.08406985  -0.04568546
0.09513360  -0.04751312
0.10670084  -0.04919682
0.11874410  -0.05074034
0.13123695  -0.05214652
0.14415394  -0.05341739
0.15747063  -0.05455420
0.17116350  -0.05555756
0.18521000  -0.05642745
0.19958848  -0.05716336
0.21427820  -0.05776434
0.22925931  -0.05822911
0.24451281  -0.05855609
0.26002056  -0.05874353
0.27576522  -0.05878957
0.29173028  -0.05869232
0.30790000  -0.05844994
0.32425942  -0.05806073
0.34079431  -0.05752320
0.35749120  -0.05683617
0.37433730  -0.05599883
0.39132052  -0.05501080
0.40842945  -0.05387229
0.42565331  -0.05258409
0.44298198  -0.05114769
0.46040593  -0.04956539
0.47791625  -0.04784033
0.49550459  -0.04597659
0.51316314  -0.04397929
0.53088467  -0.04185463
0.54866242  -0.03961002
0.56649016  -0.03725411
0.58436214  -0.03479692
0.60227305  -0.03224989
0.62021803  -0.02962596
0.63819266  -0.02693966
0.65619289  -0.02420719
0.67421508  -0.02144652
0.69225594  -0.01867742
0.71031254  -0.01592159
0.72838225  -0.01320271
0.74646278  -0.01054656
0.76455210  -0.00798105
0.78264847  -0.00553632
0.80075038  -0.00324485
0.81885656  -0.00114150
0.83696596  0.00073639
0.85507770  0.00234891
0.87319109  0.00365354
0.89130559  0.00460501
0.90942079  0.00515527
0.92753640  0.00525336
0.94565221  0.00484540
0.96376812  0.00387443
0.98188406  0.00228039
1.00000000  0.00000000
