NN11492
1.00000000  0.00000000
0.98188406  0.01850156
0.96376812  0.03617866
0.94565221  0.05303495
0.92753640  0.06907533
0.90942079  0.08430590
0.89130559  0.09873391
0.87319109  0.11236770
0.85507770  0.12521667
0.83696596  0.13729117
0.81885656  0.14860250
0.80075038  0.15916283
0.78264847  0.16898512
0.76455210  0.17808314
0.74646278  0.18647132
0.72838225  0.19416476
0.71031254  0.20117916
0.69225594  0.20753075
0.67421508  0.21323625
0.65619289  0.21831281
0.63819266  0.22277795
0.62021803  0.22664952
0.60227305  0.22994561
0.58436214  0.23268454
0.56649016  0.23488477
0.54866242  0.23656487
0.53088467  0.23774345
0.51316314  0.23843908
0.49550459  0.23867030
0.47791625  0.23845551
0.46040593  0.23781292
0.44298198  0.23676052
0.42565331  0.23531601
0.40842945  0.23349674
0.39132052  0.23131966
0.37433730  0.22880126
0.35749120  0.22595752
0.34079431  0.22280387
0.32425942  0.21935510
0.30790000  0.21562533
0.29173028  0.21162794
0.27576522  0.20737554
0.26002056  0.20287987
0.24451281  0.19815180
0.22925931  0.19320123
0.21427820  0.18803706
0.19958848  0.18266711
0.18521000  0.17709810
0.17116350  0.17133556
0.15747063  0.16538380
0.14415394  0.15924585
0.13123695  0.15292337
0.11874410  0.14641666
0.10670084  0.13972455
0.09513360  0.13284436
0.08406985  0.12577186
0.07353805  0.11850119
0.06356777  0.11102483
0.05418962  0.10333352
0.04543531  0.09541623
0.03733766  0.08726007
0.02993063  0.07885028
0.02324933  0.07017015
0.01733003  0.06120093
0.01221019  0.05192186
0.00792850  0.04231003
0.00452485  0.03234037
0.00204040  0.02198558
0.00051754  0.01121610
0.00000000  0.00000000
0.00000000  0.00000000
0.00051754  -0.01319716
0.00204040  -0.02471033
0.00452485  -0.03468588
0.00792850  -0.04326265
0.01221019  -0.05057212
0.01733003  -0.05673854
0.02324933  -0.06187915
0.02993063  -0.06610429
0.03733766  -0.06951763
0.04543531  -0.07221630
0.05418962  -0.07429104
0.06356777  -0.07582643
0.07353805  -0.07690101
0.08406985  -0.07758745
0.09513360  -0.07795274
0.10670084  -0.07805834
0.11874410  -0.07796036
0.13123695  -0.07770973
0.14415394  -0.07735234
0.15747063  -0.07692925
0.17116350  -0.07647683
0.18521000  -0.07602693
0.19958848  -0.07560707
0.21427820  -0.07524056
0.22925931  -0.07494675
0.24451281  -0.07474109
0.26002056  -0.07463541
0.27576522  -0.07463801
0.29173028  -0.07475383
0.30790000  -0.07498469
0.32425942  -0.07532938
0.34079431  -0.07578384
0.35749120  -0.07634140
0.37433730  -0.07699283
0.39132052  -0.07772662
0.40842945  -0.07852908
0.42565331  -0.07938452
0.44298198  -0.08027545
0.46040593  -0.08118269
0.47791625  -0.08208562
0.49550459  -0.08296225
0.51316314  -0.08378947
0.53088467  -0.08454319
0.54866242  -0.08519848
0.56649016  -0.08572979
0.58436214  -0.08611106
0.60227305  -0.08631596
0.62021803  -0.08631799
0.63819266  -0.08609068
0.65619289  -0.08560775
0.67421508  -0.08484330
0.69225594  -0.08377195
0.71031254  -0.08236901
0.72838225  -0.08061067
0.74646278  -0.07847414
0.76455210  -0.07593785
0.78264847  -0.07298160
0.80075038  -0.06958671
0.81885656  -0.06573623
0.83696596  -0.06141506
0.85507770  -0.05661018
0.87319109  -0.05131075
0.89130559  -0.04550832
0.90942079  -0.03919700
0.92753640  -0.03237360
0.94565221  -0.02503782
0.96376812  -0.01719241
0.98188406  -0.00884335
1.00000000  0.00000000
