NN11202
1.00000000  0.00000000
0.98188406  0.00189633
0.96376812  0.00465912
0.94565221  0.00820538
0.92753640  0.01245558
0.90942079  0.01733353
0.89130559  0.02276635
0.87319109  0.02868439
0.85507770  0.03502116
0.83696596  0.04171326
0.81885656  0.04870030
0.80075038  0.05592484
0.78264847  0.06333232
0.76455210  0.07087100
0.74646278  0.07849185
0.72838225  0.08614853
0.71031254  0.09379729
0.69225594  0.10139691
0.67421508  0.10890861
0.65619289  0.11629602
0.63819266  0.12352507
0.62021803  0.13056394
0.60227305  0.13738300
0.58436214  0.14395470
0.56649016  0.15025354
0.54866242  0.15625599
0.53088467  0.16194041
0.51316314  0.16728697
0.49550459  0.17227763
0.47791625  0.17689599
0.46040593  0.18112731
0.44298198  0.18495835
0.42565331  0.18837738
0.40842945  0.19137405
0.39132052  0.19393936
0.37433730  0.19606556
0.35749120  0.19774610
0.34079431  0.19897556
0.32425942  0.19974955
0.30790000  0.20006469
0.29173028  0.19991850
0.27576522  0.19930933
0.26002056  0.19823633
0.24451281  0.19669932
0.22925931  0.19469878
0.21427820  0.19223573
0.19958848  0.18931170
0.18521000  0.18592862
0.17116350  0.18208879
0.15747063  0.17779477
0.14415394  0.17304936
0.13123695  0.16785548
0.11874410  0.16221611
0.10670084  0.15613425
0.09513360  0.14961283
0.08406985  0.14265463
0.07353805  0.13526222
0.06356777  0.12743789
0.05418962  0.11918357
0.04543531  0.11050080
0.03733766  0.10139059
0.02993063  0.09185341
0.02324933  0.08188910
0.01733003  0.07149678
0.01221019  0.06067482
0.00792850  0.04942073
0.00452485  0.03773111
0.00204040  0.02560159
0.00051754  0.01302674
0.00000000  0.00000000
0.00000000  0.00000000
0.00051754  -0.00432211
0.00204040  -0.00871815
0.00452485  -0.01314916
0.00792850  -0.01757895
0.01221019  -0.02197400
0.01733003  -0.02630339
0.02324933  -0.03053873
0.02993063  -0.03465411
0.03733766  -0.03862599
0.04543531  -0.04243315
0.05418962  -0.04605662
0.06356777  -0.04947962
0.07353805  -0.05268744
0.08406985  -0.05566741
0.09513360  -0.05840884
0.10670084  -0.06090291
0.11874410  -0.06314261
0.13123695  -0.06512268
0.14415394  -0.06683952
0.15747063  -0.06829116
0.17116350  -0.06947712
0.18521000  -0.07039840
0.19958848  -0.07105738
0.21427820  -0.07145774
0.22925931  -0.07160441
0.24451281  -0.07150349
0.26002056  -0.07116218
0.27576522  -0.07058870
0.29173028  -0.06979221
0.30790000  -0.06878277
0.32425942  -0.06757124
0.34079431  -0.06616923
0.35749120  -0.06458900
0.37433730  -0.06284341
0.39132052  -0.06094584
0.40842945  -0.05891013
0.42565331  -0.05675049
0.44298198  -0.05448144
0.46040593  -0.05211772
0.47791625  -0.04967427
0.49550459  -0.04716607
0.51316314  -0.04460817
0.53088467  -0.04201554
0.54866242  -0.03940303
0.56649016  -0.03678529
0.58436214  -0.03417671
0.60227305  -0.03159135
0.62021803  -0.02904283
0.63819266  -0.02654431
0.65619289  -0.02410839
0.67421508  -0.02174704
0.69225594  -0.01947153
0.71031254  -0.01729237
0.72838225  -0.01521922
0.74646278  -0.01326082
0.76455210  -0.01142494
0.78264847  -0.00971827
0.80075038  -0.00814640
0.81885656  -0.00671369
0.83696596  -0.00542325
0.85507770  -0.00427682
0.87319109  -0.00327476
0.89130559  -0.00241590
0.90942079  -0.00169753
0.92753640  -0.00111532
0.94565221  -0.00066322
0.96376812  -0.00033339
0.98188406  -0.00011619
1.00000000  0.00000000
