NN11268
1.00000000  0.00000000
0.98188406  0.01216977
0.96376812  0.02422132
0.94565221  0.03610917
0.92753640  0.04779106
0.90942079  0.05922787
0.89130559  0.07038355
0.87319109  0.08122497
0.85507770  0.09172192
0.83696596  0.10184695
0.81885656  0.11157533
0.80075038  0.12088495
0.78264847  0.12975624
0.76455210  0.13817206
0.74646278  0.14611765
0.72838225  0.15358053
0.71031254  0.16055039
0.69225594  0.16701904
0.67421508  0.17298031
0.65619289  0.17842996
0.63819266  0.18336561
0.62021803  0.18778662
0.60227305  0.19169405
0.58436214  0.19509053
0.56649016  0.19798021
0.54866242  0.20036865
0.53088467  0.20226276
0.51316314  0.20367067
0.49550459  0.20460170
0.47791625  0.20506623
0.46040593  0.20507564
0.44298198  0.20464220
0.42565331  0.20377902
0.40842945  0.20249991
0.39132052  0.20081938
0.37433730  0.19875244
0.35749120  0.19631463
0.34079431  0.19352184
0.32425942  0.19039028
0.30790000  0.18693640
0.29173028  0.18317674
0.27576522  0.17912792
0.26002056  0.17480651
0.24451281  0.17022895
0.22925931  0.16541148
0.21427820  0.16037004
0.19958848  0.15512018
0.18521000  0.14967700
0.17116350  0.14405503
0.15747063  0.13826817
0.14415394  0.13232959
0.13123695  0.12625166
0.11874410  0.12004583
0.10670084  0.11372259
0.09513360  0.10729136
0.08406985  0.10076039
0.07353805  0.09413671
0.06356777  0.08742601
0.05418962  0.08063259
0.04543531  0.07375922
0.03733766  0.06680711
0.02993063  0.05977580
0.02324933  0.05266307
0.01733003  0.04546487
0.01221019  0.03817521
0.00792850  0.03078609
0.00452485  0.02328743
0.00204040  0.01566695
0.00051754  0.00791011
0.00000000  0.00000000
0.00000000  0.00000000
0.00051754  -0.01047045
0.00204040  -0.01980674
0.00452485  -0.02809262
0.00792850  -0.03540836
0.01221019  -0.04183084
0.01733003  -0.04743355
0.02324933  -0.05228665
0.02993063  -0.05645707
0.03733766  -0.06000846
0.04543531  -0.06300134
0.05418962  -0.06549308
0.06356777  -0.06753798
0.07353805  -0.06918732
0.08406985  -0.07048938
0.09513360  -0.07148952
0.10670084  -0.07223022
0.11874410  -0.07275112
0.13123695  -0.07308908
0.14415394  -0.07327823
0.15747063  -0.07334999
0.17116350  -0.07333317
0.18521000  -0.07325397
0.19958848  -0.07313606
0.21427820  -0.07300060
0.22925931  -0.07286633
0.24451281  -0.07274957
0.26002056  -0.07266433
0.27576522  -0.07262227
0.29173028  -0.07263286
0.30790000  -0.07270332
0.32425942  -0.07283874
0.34079431  -0.07304212
0.35749120  -0.07331439
0.37433730  -0.07365446
0.39132052  -0.07405932
0.40842945  -0.07452403
0.42565331  -0.07504178
0.44298198  -0.07560399
0.46040593  -0.07620027
0.47791625  -0.07681855
0.49550459  -0.07744509
0.51316314  -0.07806453
0.53088467  -0.07865993
0.54866242  -0.07921287
0.56649016  -0.07970342
0.58436214  -0.08011026
0.60227305  -0.08041068
0.62021803  -0.08058065
0.63819266  -0.08059488
0.65619289  -0.08042683
0.67421508  -0.08004881
0.69225594  -0.07943199
0.71031254  -0.07854645
0.72838225  -0.07736126
0.74646278  -0.07584449
0.76455210  -0.07396329
0.78264847  -0.07168393
0.80075038  -0.06897183
0.81885656  -0.06579162
0.83696596  -0.06210722
0.85507770  -0.05788184
0.87319109  -0.05307804
0.89130559  -0.04765780
0.90942079  -0.04158258
0.92753640  -0.03481330
0.94565221  -0.02731047
0.96376812  -0.01903419
0.98188406  -0.00994422
1.00000000  0.00000000
