NN11312
1.00000000  0.00000000
0.98188406  0.01092078
0.96376812  0.02108500
0.94565221  0.03055132
0.92753640  0.03937506
0.90942079  0.04760821
0.89130559  0.05529955
0.87319109  0.06249472
0.85507770  0.06923628
0.83696596  0.07556379
0.81885656  0.08151391
0.80075038  0.08712047
0.78264847  0.09241450
0.76455210  0.09742440
0.74646278  0.10217592
0.72838225  0.10669230
0.71031254  0.11099433
0.69225594  0.11510042
0.67421508  0.11902668
0.65619289  0.12278700
0.63819266  0.12639313
0.62021803  0.12985475
0.60227305  0.13317956
0.58436214  0.13637333
0.56649016  0.13944003
0.54866242  0.14238182
0.53088467  0.14519922
0.51316314  0.14789114
0.49550459  0.15045495
0.47791625  0.15288658
0.46040593  0.15518060
0.44298198  0.15733025
0.42565331  0.15932760
0.40842945  0.16116354
0.39132052  0.16282791
0.37433730  0.16430958
0.35749120  0.16559648
0.34079431  0.16667573
0.32425942  0.16753370
0.30790000  0.16815606
0.29173028  0.16852789
0.27576522  0.16863376
0.26002056  0.16845777
0.24451281  0.16798368
0.22925931  0.16719493
0.21427820  0.16607476
0.19958848  0.16460628
0.18521000  0.16277251
0.17116350  0.16055653
0.15747063  0.15794147
0.14415394  0.15491066
0.13123695  0.15144768
0.11874410  0.14753641
0.10670084  0.14316116
0.09513360  0.13830671
0.08406985  0.13295839
0.07353805  0.12710216
0.06356777  0.12072472
0.05418962  0.11381352
0.04543531  0.10635691
0.03733766  0.09834416
0.02993063  0.08976558
0.02324933  0.08061254
0.01733003  0.07087763
0.01221019  0.06055467
0.00792850  0.04963879
0.00452485  0.03812656
0.00204040  0.02601602
0.00051754  0.01330675
0.00000000  0.00000000
0.00000000  0.00000000
0.00051754  -0.00255609
0.00204040  -0.00463023
0.00452485  -0.00628024
0.00792850  -0.00756000
0.01221019  -0.00851961
0.01733003  -0.00920546
0.02324933  -0.00966041
0.02993063  -0.00992381
0.03733766  -0.01003173
0.04543531  -0.01001699
0.05418962  -0.00990931
0.06356777  -0.00973544
0.07353805  -0.00951925
0.08406985  -0.00928186
0.09513360  -0.00904177
0.10670084  -0.00881494
0.11874410  -0.00861495
0.13123695  -0.00845308
0.14415394  -0.00833847
0.15747063  -0.00827818
0.17116350  -0.00827735
0.18521000  -0.00833931
0.19958848  -0.00846570
0.21427820  -0.00865655
0.22925931  -0.00891045
0.24451281  -0.00922463
0.26002056  -0.00959510
0.27576522  -0.01001675
0.29173028  -0.01048347
0.30790000  -0.01098827
0.32425942  -0.01152341
0.34079431  -0.01208049
0.35749120  -0.01265059
0.37433730  -0.01322437
0.39132052  -0.01379220
0.40842945  -0.01434428
0.42565331  -0.01487072
0.44298198  -0.01536172
0.46040593  -0.01580764
0.47791625  -0.01619912
0.49550459  -0.01652721
0.51316314  -0.01678350
0.53088467  -0.01696020
0.54866242  -0.01705029
0.56649016  -0.01704762
0.58436214  -0.01694702
0.60227305  -0.01674445
0.62021803  -0.01643709
0.63819266  -0.01602344
0.65619289  -0.01550348
0.67421508  -0.01487877
0.69225594  -0.01415254
0.71031254  -0.01332986
0.72838225  -0.01241769
0.74646278  -0.01142507
0.76455210  -0.01036319
0.78264847  -0.00924549
0.80075038  -0.00808785
0.81885656  -0.00690862
0.83696596  -0.00572880
0.85507770  -0.00457214
0.87319109  -0.00346524
0.89130559  -0.00243768
0.90942079  -0.00152214
0.92753640  -0.00075452
0.94565221  -0.00017403
0.96376812  0.00017666
0.98188406  0.00025130
1.00000000  0.00000000
