NN11744
1.00000000  0.00000000
0.98188406  0.01828738
0.96376812  0.03523230
0.94565221  0.05089619
0.92753640  0.06533907
0.90942079  0.07861952
0.89130559  0.09079464
0.87319109  0.10192010
0.85507770  0.11205008
0.83696596  0.12123729
0.81885656  0.12953296
0.80075038  0.13698682
0.78264847  0.14364710
0.76455210  0.14956053
0.74646278  0.15477230
0.72838225  0.15932612
0.71031254  0.16326411
0.69225594  0.16662690
0.67421508  0.16945354
0.65619289  0.17178154
0.63819266  0.17364683
0.62021803  0.17508377
0.60227305  0.17612516
0.58436214  0.17680219
0.56649016  0.17714445
0.54866242  0.17717994
0.53088467  0.17693504
0.51316314  0.17643452
0.49550459  0.17570149
0.47791625  0.17475746
0.46040593  0.17362227
0.44298198  0.17231413
0.42565331  0.17084955
0.40842945  0.16924342
0.39132052  0.16750892
0.37433730  0.16565755
0.35749120  0.16369913
0.34079431  0.16164176
0.32425942  0.15949184
0.30790000  0.15725406
0.29173028  0.15493137
0.27576522  0.15252501
0.26002056  0.15003445
0.24451281  0.14745743
0.22925931  0.14478993
0.21427820  0.14202616
0.19958848  0.13915856
0.18521000  0.13617778
0.17116350  0.13307270
0.15747063  0.12983039
0.14415394  0.12643611
0.13123695  0.12287332
0.11874410  0.11912364
0.10670084  0.11516689
0.09513360  0.11098102
0.08406985  0.10654216
0.07353805  0.10182457
0.06356777  0.09680065
0.05418962  0.09144095
0.04543531  0.08571411
0.03733766  0.07958692
0.02993063  0.07302425
0.02324933  0.06598908
0.01733003  0.05844248
0.01221019  0.05034359
0.00792850  0.04164965
0.00452485  0.03231595
0.00204040  0.02229583
0.00051754  0.01154070
0.00000000  0.00000000
0.00000000  0.00000000
0.00051754  -0.01120765
0.00204040  -0.02158099
0.00452485  -0.03114979
0.00792850  -0.03994412
0.01221019  -0.04799420
0.01733003  -0.05533042
0.02324933  -0.06198324
0.02993063  -0.06798316
0.03733766  -0.07336065
0.04543531  -0.07814615
0.05418962  -0.08236993
0.06356777  -0.08606212
0.07353805  -0.08925261
0.08406985  -0.09197101
0.09513360  -0.09424660
0.10670084  -0.09610827
0.11874410  -0.09758449
0.13123695  -0.09870323
0.14415394  -0.09949192
0.15747063  -0.09997739
0.17116350  -0.10018584
0.18521000  -0.10014275
0.19958848  -0.09987287
0.21427820  -0.09940013
0.22925931  -0.09874762
0.24451281  -0.09793750
0.26002056  -0.09699100
0.27576522  -0.09592830
0.29173028  -0.09476855
0.30790000  -0.09352975
0.32425942  -0.09222876
0.34079431  -0.09088119
0.35749120  -0.08950139
0.37433730  -0.08810238
0.39132052  -0.08669580
0.40842945  -0.08529186
0.42565331  -0.08389928
0.44298198  -0.08252524
0.46040593  -0.08117533
0.47791625  -0.07985351
0.49550459  -0.07856203
0.51316314  -0.07730141
0.53088467  -0.07607035
0.54866242  -0.07486571
0.56649016  -0.07368245
0.58436214  -0.07251356
0.60227305  -0.07135003
0.62021803  -0.07018078
0.63819266  -0.06899263
0.65619289  -0.06777022
0.67421508  -0.06649598
0.69225594  -0.06515006
0.71031254  -0.06371030
0.72838225  -0.06215214
0.74646278  -0.06044861
0.76455210  -0.05857026
0.78264847  -0.05648509
0.80075038  -0.05415853
0.81885656  -0.05155337
0.83696596  -0.04862970
0.85507770  -0.04534488
0.87319109  -0.04165345
0.89130559  -0.03750713
0.90942079  -0.03285472
0.92753640  -0.02764209
0.94565221  -0.02181207
0.96376812  -0.01530445
0.98188406  -0.00805592
1.00000000  0.00000000
