NN1275
1.00000000  0.00000000
0.98188406  0.01554880
0.96376812  0.03069713
0.94565221  0.04541680
0.92753640  0.05968186
0.90942079  0.07346850
0.89130559  0.08675502
0.87319109  0.09952180
0.85507770  0.11175123
0.83696596  0.12342765
0.81885656  0.13453731
0.80075038  0.14506833
0.78264847  0.15501062
0.76455210  0.16435587
0.74646278  0.17309746
0.72838225  0.18123043
0.71031254  0.18875143
0.69225594  0.19565865
0.67421508  0.20195180
0.65619289  0.20763202
0.63819266  0.21270188
0.62021803  0.21716527
0.60227305  0.22102740
0.58436214  0.22429473
0.56649016  0.22697490
0.54866242  0.22907671
0.53088467  0.23061006
0.51316314  0.23158588
0.49550459  0.23201611
0.47791625  0.23191362
0.46040593  0.23129218
0.44298198  0.23016640
0.42565331  0.22855168
0.40842945  0.22646417
0.39132052  0.22392069
0.37433730  0.22093871
0.35749120  0.21753629
0.34079431  0.21373203
0.32425942  0.20954499
0.30790000  0.20499470
0.29173028  0.20010104
0.27576522  0.19488426
0.26002056  0.18936486
0.24451281  0.18356359
0.22925931  0.17750137
0.21427820  0.17119926
0.19958848  0.16467839
0.18521000  0.15795992
0.17116350  0.15106499
0.15747063  0.14401466
0.14415394  0.13682987
0.13123695  0.12953140
0.11874410  0.12213977
0.10670084  0.11467525
0.09513360  0.10715777
0.08406985  0.09960689
0.07353805  0.09204173
0.06356777  0.08448093
0.05418962  0.07694261
0.04543531  0.06944429
0.03733766  0.06200288
0.02993063  0.05463458
0.02324933  0.04735489
0.01733003  0.04017847
0.01221019  0.03311921
0.00792850  0.02619005
0.00452485  0.01940303
0.00204040  0.01276920
0.00051754  0.00629855
0.00000000  0.00000000
0.00000000  0.00000000
0.00051754  -0.00903082
0.00204040  -0.01719058
0.00452485  -0.02454692
0.00792850  -0.03116364
0.01221019  -0.03710080
0.01733003  -0.04241487
0.02324933  -0.04715877
0.02993063  -0.05138202
0.03733766  -0.05513085
0.04543531  -0.05844828
0.05418962  -0.06137424
0.06356777  -0.06394567
0.07353805  -0.06619664
0.08406985  -0.06815843
0.09513360  -0.06985967
0.10670084  -0.07132642
0.11874410  -0.07258229
0.13123695  -0.07364851
0.14415394  -0.07454411
0.15747063  -0.07528596
0.17116350  -0.07588889
0.18521000  -0.07636582
0.19958848  -0.07672784
0.21427820  -0.07698434
0.22925931  -0.07714307
0.24451281  -0.07721032
0.26002056  -0.07719095
0.27576522  -0.07708855
0.29173028  -0.07690552
0.30790000  -0.07664318
0.32425942  -0.07630187
0.34079431  -0.07588108
0.35749120  -0.07537954
0.37433730  -0.07479531
0.39132052  -0.07412591
0.40842945  -0.07336842
0.42565331  -0.07251959
0.44298198  -0.07157592
0.46040593  -0.07053380
0.47791625  -0.06938962
0.49550459  -0.06813981
0.51316314  -0.06678105
0.53088467  -0.06531027
0.54866242  -0.06372484
0.56649016  -0.06202263
0.58436214  -0.06020212
0.60227305  -0.05826253
0.62021803  -0.05620391
0.63819266  -0.05402722
0.65619289  -0.05173448
0.67421508  -0.04932888
0.69225594  -0.04681482
0.71031254  -0.04419810
0.72838225  -0.04148595
0.74646278  -0.03868720
0.76455210  -0.03581234
0.78264847  -0.03287366
0.80075038  -0.02988534
0.81885656  -0.02686352
0.83696596  -0.02382650
0.85507770  -0.02079473
0.87319109  -0.01779103
0.89130559  -0.01484059
0.90942079  -0.01197115
0.92753640  -0.00921309
0.94565221  -0.00659950
0.96376812  -0.00416635
0.98188406  -0.00195253
1.00000000  0.00000000
