NN1237
1.00000000  0.00000000
0.98188406  0.00357154
0.96376812  0.00780706
0.94565221  0.01261104
0.92753640  0.01789326
0.90942079  0.02356864
0.89130559  0.02955719
0.87319109  0.03578380
0.85507770  0.04217819
0.83696596  0.04867474
0.81885656  0.05521240
0.80075038  0.06173456
0.78264847  0.06818890
0.76455210  0.07452732
0.74646278  0.08070575
0.72838225  0.08668411
0.71031254  0.09242612
0.69225594  0.09789919
0.67421508  0.10307435
0.65619289  0.10792604
0.63819266  0.11243207
0.62021803  0.11657346
0.60227305  0.12033430
0.58436214  0.12370167
0.56649016  0.12666548
0.54866242  0.12921839
0.53088467  0.13135564
0.51316314  0.13307496
0.49550459  0.13437644
0.47791625  0.13526240
0.46040593  0.13573728
0.44298198  0.13580750
0.42565331  0.13548137
0.40842945  0.13476894
0.39132052  0.13368188
0.37433730  0.13223336
0.35749120  0.13043795
0.34079431  0.12831146
0.32425942  0.12587085
0.30790000  0.12313408
0.29173028  0.12012003
0.27576522  0.11684832
0.26002056  0.11333924
0.24451281  0.10961359
0.22925931  0.10569258
0.21427820  0.10159772
0.19958848  0.09735066
0.18521000  0.09297309
0.17116350  0.08848662
0.15747063  0.08391266
0.14415394  0.07927227
0.13123695  0.07458607
0.11874410  0.06987413
0.10670084  0.06515580
0.09513360  0.06044961
0.08406985  0.05577317
0.07353805  0.05114300
0.06356777  0.04657448
0.05418962  0.04208164
0.04543531  0.03767711
0.03733766  0.03337195
0.02993063  0.02917558
0.02324933  0.02509559
0.01733003  0.02113767
0.01221019  0.01730547
0.00792850  0.01360048
0.00452485  0.01002192
0.00204040  0.00656657
0.00051754  0.00322872
0.00000000  0.00000000
0.00000000  0.00000000
0.00051754  -0.01229193
0.00204040  -0.02355046
0.00452485  -0.03382303
0.00792850  -0.04315600
0.01221019  -0.05159468
0.01733003  -0.05918329
0.02324933  -0.06596501
0.02993063  -0.07198194
0.03733766  -0.07727511
0.04543531  -0.08188453
0.05418962  -0.08584910
0.06356777  -0.08920669
0.07353805  -0.09199412
0.08406985  -0.09424714
0.09513360  -0.09600044
0.10670084  -0.09728767
0.11874410  -0.09814144
0.13123695  -0.09859327
0.14415394  -0.09867368
0.15747063  -0.09841210
0.17116350  -0.09783694
0.18521000  -0.09697556
0.19958848  -0.09585426
0.21427820  -0.09449833
0.22925931  -0.09293199
0.24451281  -0.09117842
0.26002056  -0.08925979
0.27576522  -0.08719720
0.29173028  -0.08501073
0.30790000  -0.08271942
0.32425942  -0.08034129
0.34079431  -0.07789331
0.35749120  -0.07539142
0.37433730  -0.07285055
0.39132052  -0.07028457
0.40842945  -0.06770636
0.42565331  -0.06512775
0.44298198  -0.06255955
0.46040593  -0.06001154
0.47791625  -0.05749249
0.49550459  -0.05501015
0.51316314  -0.05257125
0.53088467  -0.05018149
0.54866242  -0.04784556
0.56649016  -0.04556714
0.58436214  -0.04334888
0.60227305  -0.04119245
0.62021803  -0.03909847
0.63819266  -0.03706658
0.65619289  -0.03509539
0.67421508  -0.03318250
0.69225594  -0.03132454
0.71031254  -0.02951708
0.72838225  -0.02775473
0.74646278  -0.02603108
0.76455210  -0.02433873
0.78264847  -0.02266925
0.80075038  -0.02101325
0.81885656  -0.01936032
0.83696596  -0.01769905
0.85507770  -0.01601705
0.87319109  -0.01430094
0.89130559  -0.01253632
0.90942079  -0.01070783
0.92753640  -0.00879910
0.94565221  -0.00679279
0.96376812  -0.00467054
0.98188406  -0.00241305
1.00000000  0.00000000
