NN12476
1.00000000  0.00000000
0.98188406  0.00963075
0.96376812  0.01838069
0.94565221  0.02633061
0.92753640  0.03355577
0.90942079  0.04012612
0.89130559  0.04610643
0.87319109  0.05155650
0.85507770  0.05653130
0.83696596  0.06108115
0.81885656  0.06525191
0.80075038  0.06908513
0.78264847  0.07261823
0.76455210  0.07588466
0.74646278  0.07891409
0.72838225  0.08173259
0.71031254  0.08436275
0.69225594  0.08682390
0.67421508  0.08913229
0.65619289  0.09130121
0.63819266  0.09334120
0.62021803  0.09526021
0.60227305  0.09706378
0.58436214  0.09875520
0.56649016  0.10033569
0.54866242  0.10180457
0.53088467  0.10315941
0.51316314  0.10439626
0.49550459  0.10550974
0.47791625  0.10649329
0.46040593  0.10733927
0.44298198  0.10803920
0.42565331  0.10858389
0.40842945  0.10896360
0.39132052  0.10916826
0.37433730  0.10918759
0.35749120  0.10901132
0.34079431  0.10862930
0.32425942  0.10803175
0.30790000  0.10720935
0.29173028  0.10615348
0.27576522  0.10485635
0.26002056  0.10331119
0.24451281  0.10151239
0.22925931  0.09945574
0.21427820  0.09713852
0.19958848  0.09455973
0.18521000  0.09172024
0.17116350  0.08862296
0.15747063  0.08527300
0.14415394  0.08167788
0.13123695  0.07784766
0.11874410  0.07379514
0.10670084  0.06953602
0.09513360  0.06508906
0.08406985  0.06047627
0.07353805  0.05572308
0.06356777  0.05085850
0.05418962  0.04591530
0.04543531  0.04093018
0.03733766  0.03594394
0.02993063  0.03100165
0.02324933  0.02615283
0.01733003  0.02145161
0.01221019  0.01695690
0.00792850  0.01273259
0.00452485  0.00884769
0.00204040  0.00537649
0.00051754  0.00239879
0.00000000  0.00000000
0.00000000  0.00000000
0.00051754  -0.01349801
0.00204040  -0.02555904
0.00452485  -0.03627150
0.00792850  -0.04572062
0.01221019  -0.05398841
0.01733003  -0.06115381
0.02324933  -0.06729266
0.02993063  -0.07247781
0.03733766  -0.07677915
0.04543531  -0.08026367
0.05418962  -0.08299550
0.06356777  -0.08503597
0.07353805  -0.08644367
0.08406985  -0.08727449
0.09513360  -0.08758167
0.10670084  -0.08741588
0.11874410  -0.08682523
0.13123695  -0.08585538
0.14415394  -0.08454952
0.15747063  -0.08294848
0.17116350  -0.08109077
0.18521000  -0.07901260
0.19958848  -0.07674800
0.21427820  -0.07432879
0.22925931  -0.07178470
0.24451281  -0.06914339
0.26002056  -0.06643050
0.27576522  -0.06366973
0.29173028  -0.06088285
0.30790000  -0.05808980
0.32425942  -0.05530870
0.34079431  -0.05255594
0.35749120  -0.04984621
0.37433730  -0.04719255
0.39132052  -0.04460640
0.40842945  -0.04209769
0.42565331  -0.03967486
0.44298198  -0.03734488
0.46040593  -0.03511339
0.47791625  -0.03298468
0.49550459  -0.03096176
0.51316314  -0.02904642
0.53088467  -0.02723930
0.54866242  -0.02553989
0.56649016  -0.02394665
0.58436214  -0.02245700
0.60227305  -0.02106742
0.62021803  -0.01977347
0.63819266  -0.01856987
0.65619289  -0.01745052
0.67421508  -0.01640859
0.69225594  -0.01543655
0.71031254  -0.01452621
0.72838225  -0.01366880
0.74646278  -0.01285503
0.76455210  -0.01207509
0.78264847  -0.01131876
0.80075038  -0.01057543
0.81885656  -0.00983416
0.83696596  -0.00908375
0.85507770  -0.00831277
0.87319109  -0.00750959
0.89130559  -0.00666252
0.90942079  -0.00575974
0.92753640  -0.00478948
0.94565221  -0.00373996
0.96376812  -0.00259953
0.98188406  -0.00135665
1.00000000  0.00000000
