NN12318
1.00000000  0.00000000
0.98188406  0.01110900
0.96376812  0.02106373
0.94565221  0.02996650
0.92753640  0.03791328
0.90942079  0.04499393
0.89130559  0.05129237
0.87319109  0.05688675
0.85507770  0.06184963
0.83696596  0.06624817
0.81885656  0.07014431
0.80075038  0.07359497
0.78264847  0.07665218
0.76455210  0.07936330
0.74646278  0.08177121
0.72838225  0.08391445
0.71031254  0.08582745
0.69225594  0.08754066
0.67421508  0.08908077
0.65619289  0.09047089
0.63819266  0.09173070
0.62021803  0.09287666
0.60227305  0.09392218
0.58436214  0.09487779
0.56649016  0.09575136
0.54866242  0.09654824
0.53088467  0.09727144
0.51316314  0.09792185
0.49550459  0.09849840
0.47791625  0.09899821
0.46040593  0.09941683
0.44298198  0.09974837
0.42565331  0.09998571
0.40842945  0.10012068
0.39132052  0.10014423
0.37433730  0.10004660
0.35749120  0.09981754
0.34079431  0.09944644
0.32425942  0.09892257
0.30790000  0.09823521
0.29173028  0.09737384
0.27576522  0.09632835
0.26002056  0.09508920
0.24451281  0.09364760
0.22925931  0.09199568
0.21427820  0.09012672
0.19958848  0.08803526
0.18521000  0.08571734
0.17116350  0.08317066
0.15747063  0.08039473
0.14415394  0.07739112
0.13123695  0.07416358
0.11874410  0.07071824
0.10670084  0.06706381
0.09513360  0.06321173
0.08406985  0.05917637
0.07353805  0.05497521
0.06356777  0.05062902
0.05418962  0.04616203
0.04543531  0.04160213
0.03733766  0.03698103
0.02993063  0.03233447
0.02324933  0.02770236
0.01733003  0.02312900
0.01221019  0.01866324
0.00792850  0.01435868
0.00452485  0.01027381
0.00204040  0.00647224
0.00051754  0.00302286
0.00000000  0.00000000
0.00000000  0.00000000
0.00051754  -0.00254378
0.00204040  -0.00484917
0.00452485  -0.00693107
0.00792850  -0.00880301
0.01221019  -0.01047714
0.01733003  -0.01196435
0.02324933  -0.01327433
0.02993063  -0.01441565
0.03733766  -0.01539582
0.04543531  -0.01622139
0.05418962  -0.01689800
0.06356777  -0.01743046
0.07353805  -0.01782281
0.08406985  -0.01807845
0.09513360  -0.01820012
0.10670084  -0.01819006
0.11874410  -0.01805005
0.13123695  -0.01778146
0.14415394  -0.01738537
0.15747063  -0.01686260
0.17116350  -0.01621382
0.18521000  -0.01543962
0.19958848  -0.01454053
0.21427820  -0.01351717
0.22925931  -0.01237028
0.24451281  -0.01110080
0.26002056  -0.00970995
0.27576522  -0.00819929
0.29173028  -0.00657083
0.30790000  -0.00482704
0.32425942  -0.00297099
0.34079431  -0.00100638
0.35749120  0.00106237
0.37433730  0.00323003
0.39132052  0.00549054
0.40842945  0.00783686
0.42565331  0.01026096
0.44298198  0.01275373
0.46040593  0.01530488
0.47791625  0.01790289
0.49550459  0.02053495
0.51316314  0.02318685
0.53088467  0.02584293
0.54866242  0.02848600
0.56649016  0.03109726
0.58436214  0.03365625
0.60227305  0.03614076
0.62021803  0.03852673
0.63819266  0.04078823
0.65619289  0.04289736
0.67421508  0.04482415
0.69225594  0.04653653
0.71031254  0.04800023
0.72838225  0.04917873
0.74646278  0.05003315
0.76455210  0.05052222
0.78264847  0.05060215
0.80075038  0.05022662
0.81885656  0.04934665
0.83696596  0.04791059
0.85507770  0.04586397
0.87319109  0.04314948
0.89130559  0.03970688
0.90942079  0.03547293
0.92753640  0.03038132
0.94565221  0.02436256
0.96376812  0.01734398
0.98188406  0.00924958
1.00000000  0.00000000
