NN12045
1.00000000  0.00000000
0.98188406  0.01518262
0.96376812  0.02977690
0.94565221  0.04376848
0.92753640  0.05714573
0.90942079  0.06989960
0.89130559  0.08202356
0.87319109  0.09351346
0.85507770  0.10436742
0.83696596  0.11458570
0.81885656  0.12417062
0.80075038  0.13312644
0.78264847  0.14145921
0.76455210  0.14917672
0.74646278  0.15628832
0.72838225  0.16280488
0.71031254  0.16873859
0.69225594  0.17410294
0.67421508  0.17891253
0.65619289  0.18318301
0.63819266  0.18693094
0.62021803  0.19017368
0.60227305  0.19292928
0.58436214  0.19521638
0.56649016  0.19705408
0.54866242  0.19846183
0.53088467  0.19945933
0.51316314  0.20006639
0.49550459  0.20030285
0.47791625  0.20018845
0.46040593  0.19974272
0.44298198  0.19898486
0.42565331  0.19793365
0.40842945  0.19660729
0.39132052  0.19502335
0.37433730  0.19319861
0.35749120  0.19114897
0.34079431  0.18888932
0.32425942  0.18643346
0.30790000  0.18379394
0.29173028  0.18098198
0.27576522  0.17800736
0.26002056  0.17487828
0.24451281  0.17160128
0.22925931  0.16818109
0.21427820  0.16462057
0.19958848  0.16092053
0.18521000  0.15707967
0.17116350  0.15309446
0.15747063  0.14895901
0.14415394  0.14466495
0.13123695  0.14020135
0.11874410  0.13555458
0.10670084  0.13070822
0.09513360  0.12564292
0.08406985  0.12033630
0.07353805  0.11476284
0.06356777  0.10889377
0.05418962  0.10269696
0.04543531  0.09613679
0.03733766  0.08917404
0.02993063  0.08176580
0.02324933  0.07386533
0.01733003  0.06542196
0.01221019  0.05638099
0.00792850  0.04668356
0.00452485  0.03626651
0.00204040  0.02506235
0.00051754  0.01299905
0.00000000  0.00000000
0.00000000  0.00000000
0.00051754  -0.00474796
0.00204040  -0.00896445
0.00452485  -0.01271921
0.00792850  -0.01607687
0.01221019  -0.01909704
0.01733003  -0.02183451
0.02324933  -0.02433935
0.02993063  -0.02665712
0.03733766  -0.02882897
0.04543531  -0.03089183
0.05418962  -0.03287854
0.06356777  -0.03481803
0.07353805  -0.03673544
0.08406985  -0.03865230
0.09513360  -0.04058664
0.10670084  -0.04255321
0.11874410  -0.04456357
0.13123695  -0.04662629
0.14415394  -0.04874705
0.15747063  -0.05092885
0.17116350  -0.05317213
0.18521000  -0.05547491
0.19958848  -0.05783298
0.21427820  -0.06024004
0.22925931  -0.06268782
0.24451281  -0.06516629
0.26002056  -0.06766374
0.27576522  -0.07016702
0.29173028  -0.07266162
0.30790000  -0.07513185
0.32425942  -0.07756100
0.34079431  -0.07993148
0.35749120  -0.08222497
0.37433730  -0.08442260
0.39132052  -0.08650507
0.40842945  -0.08845280
0.42565331  -0.09024613
0.44298198  -0.09186541
0.46040593  -0.09329120
0.47791625  -0.09450440
0.49550459  -0.09548641
0.51316314  -0.09621927
0.53088467  -0.09668585
0.54866242  -0.09686995
0.56649016  -0.09675648
0.58436214  -0.09633162
0.60227305  -0.09558297
0.62021803  -0.09449968
0.63819266  -0.09307263
0.65619289  -0.09129456
0.67421508  -0.08916026
0.69225594  -0.08666666
0.71031254  -0.08381306
0.72838225  -0.08060120
0.74646278  -0.07703549
0.76455210  -0.07312310
0.78264847  -0.06887416
0.80075038  -0.06430188
0.81885656  -0.05942273
0.83696596  -0.05425656
0.85507770  -0.04882678
0.87319109  -0.04316050
0.89130559  -0.03728868
0.90942079  -0.03124631
0.92753640  -0.02507252
0.94565221  -0.01881075
0.96376812  -0.01250892
0.98188406  -0.00621957
1.00000000  0.00000000
