NN12263
1.00000000  0.00000000
0.98188406  0.00483789
0.96376812  0.01043816
0.94565221  0.01670770
0.92753640  0.02355801
0.90942079  0.03090503
0.89130559  0.03866907
0.87319109  0.04677471
0.85507770  0.05515065
0.83696596  0.06372967
0.81885656  0.07244844
0.80075038  0.08124748
0.78264847  0.09007104
0.76455210  0.09886697
0.74646278  0.10758663
0.72838225  0.11618479
0.71031254  0.12461949
0.69225594  0.13285197
0.67421508  0.14084658
0.65619289  0.14857059
0.63819266  0.15599417
0.62021803  0.16309024
0.60227305  0.16983439
0.58436214  0.17620472
0.56649016  0.18218181
0.54866242  0.18774854
0.53088467  0.19289004
0.51316314  0.19759355
0.49550459  0.20184831
0.47791625  0.20564548
0.46040593  0.20897803
0.44298198  0.21184059
0.42565331  0.21422940
0.40842945  0.21614218
0.39132052  0.21757800
0.37433730  0.21853722
0.35749120  0.21902134
0.34079431  0.21903291
0.32425942  0.21857545
0.30790000  0.21765329
0.29173028  0.21627150
0.27576522  0.21443577
0.26002056  0.21215233
0.24451281  0.20942779
0.22925931  0.20626909
0.21427820  0.20268333
0.19958848  0.19867775
0.18521000  0.19425954
0.17116350  0.18943577
0.15747063  0.18421329
0.14415394  0.17859860
0.13123695  0.17259778
0.11874410  0.16621633
0.10670084  0.15945911
0.09513360  0.15233022
0.08406985  0.14483288
0.07353805  0.13696933
0.06356777  0.12874073
0.05418962  0.12014706
0.04543531  0.11118699
0.03733766  0.10185777
0.02993063  0.09215517
0.02324933  0.08207333
0.01733003  0.07160466
0.01221019  0.06073973
0.00792850  0.04946720
0.00452485  0.03777366
0.00204040  0.02564354
0.00051754  0.01305905
0.00000000  0.00000000
0.00000000  0.00000000
0.00051754  -0.01057837
0.00204040  -0.02052622
0.00452485  -0.02987578
0.00792850  -0.03865710
0.01221019  -0.04689819
0.01733003  -0.05462506
0.02324933  -0.06186183
0.02993063  -0.06863079
0.03733766  -0.07495251
0.04543531  -0.08084589
0.05418962  -0.08632826
0.06356777  -0.09141544
0.07353805  -0.09612187
0.08406985  -0.10046063
0.09513360  -0.10444357
0.10670084  -0.10808136
0.11874410  -0.11138359
0.13123695  -0.11435886
0.14415394  -0.11701483
0.15747063  -0.11935832
0.17116350  -0.12139539
0.18521000  -0.12313144
0.19958848  -0.12457126
0.21427820  -0.12571912
0.22925931  -0.12657886
0.24451281  -0.12715399
0.26002056  -0.12744771
0.27576522  -0.12746308
0.29173028  -0.12720301
0.30790000  -0.12667041
0.32425942  -0.12586825
0.34079431  -0.12479961
0.35749120  -0.12346781
0.37433730  -0.12187648
0.39132052  -0.12002962
0.40842945  -0.11793169
0.42565331  -0.11558771
0.44298198  -0.11300331
0.46040593  -0.11018485
0.47791625  -0.10713946
0.49550459  -0.10387517
0.51316314  -0.10040092
0.53088467  -0.09672673
0.54866242  -0.09286371
0.56649016  -0.08882419
0.58436214  -0.08462175
0.60227305  -0.08027136
0.62021803  -0.07578942
0.63819266  -0.07119386
0.65619289  -0.06650421
0.67421508  -0.06174169
0.69225594  -0.05692930
0.71031254  -0.05209187
0.72838225  -0.04725619
0.74646278  -0.04245103
0.76455210  -0.03770730
0.78264847  -0.03305804
0.80075038  -0.02853859
0.81885656  -0.02418660
0.83696596  -0.02004217
0.85507770  -0.01614787
0.87319109  -0.01254889
0.89130559  -0.00929306
0.90942079  -0.00643097
0.92753640  -0.00401605
0.94565221  -0.00210462
0.96376812  -0.00075601
0.98188406  -0.00003262
1.00000000  0.00000000
