NN12640
1.00000000  0.00000000
0.98188406  0.02017488
0.96376812  0.03887879
0.94565221  0.05618611
0.92753640  0.07216845
0.90942079  0.08689469
0.89130559  0.10043101
0.87319109  0.11284096
0.85507770  0.12418554
0.83696596  0.13452318
0.81885656  0.14390986
0.80075038  0.15239911
0.78264847  0.16004210
0.76455210  0.16688764
0.74646278  0.17298230
0.72838225  0.17837041
0.71031254  0.18309410
0.69225594  0.18719340
0.67421508  0.19070626
0.65619289  0.19366858
0.63819266  0.19611433
0.62021803  0.19807551
0.60227305  0.19958227
0.58436214  0.20066293
0.56649016  0.20134403
0.54866242  0.20165040
0.53088467  0.20160519
0.51316314  0.20122993
0.49550459  0.20054457
0.47791625  0.19956755
0.46040593  0.19831583
0.44298198  0.19680496
0.42565331  0.19504911
0.40842945  0.19306113
0.39132052  0.19085261
0.37433730  0.18843392
0.35749120  0.18581425
0.34079431  0.18300169
0.32425942  0.18000324
0.30790000  0.17682491
0.29173028  0.17347173
0.27576522  0.16994780
0.26002056  0.16625637
0.24451281  0.16239989
0.22925931  0.15838002
0.21427820  0.15419771
0.19958848  0.14985326
0.18521000  0.14534635
0.17116350  0.14067608
0.15747063  0.13584106
0.14415394  0.13083944
0.13123695  0.12566894
0.11874410  0.12032693
0.10670084  0.11481047
0.09513360  0.10911636
0.08406985  0.10324118
0.07353805  0.09718137
0.06356777  0.09093325
0.05418962  0.08449307
0.04543531  0.07785710
0.03733766  0.07102163
0.02993063  0.06398305
0.02324933  0.05673789
0.01733003  0.04928289
0.01221019  0.04161501
0.00792850  0.03373153
0.00452485  0.02563005
0.00204040  0.01730858
0.00051754  0.00876558
0.00000000  0.00000000
0.00000000  0.00000000
0.00051754  -0.01012409
0.00204040  -0.01894082
0.00452485  -0.02657768
0.00792850  -0.03315426
0.01221019  -0.03878244
0.01733003  -0.04356670
0.02324933  -0.04760424
0.02993063  -0.05098528
0.03733766  -0.05379325
0.04543531  -0.05610502
0.05418962  -0.05799112
0.06356777  -0.05951599
0.07353805  -0.06073818
0.08406985  -0.06171056
0.09513360  -0.06248059
0.10670084  -0.06309051
0.11874410  -0.06357757
0.13123695  -0.06397425
0.14415394  -0.06430852
0.15747063  -0.06460400
0.17116350  -0.06488025
0.18521000  -0.06515294
0.19958848  -0.06543413
0.21427820  -0.06573243
0.22925931  -0.06605329
0.24451281  -0.06639917
0.26002056  -0.06676980
0.27576522  -0.06716238
0.29173028  -0.06757184
0.30790000  -0.06799100
0.32425942  -0.06841088
0.34079431  -0.06882085
0.35749120  -0.06920888
0.37433730  -0.06956180
0.39132052  -0.06986546
0.40842945  -0.07010500
0.42565331  -0.07026506
0.44298198  -0.07033001
0.46040593  -0.07028417
0.47791625  -0.07011202
0.49550459  -0.06979846
0.51316314  -0.06932899
0.53088467  -0.06868998
0.54866242  -0.06786887
0.56649016  -0.06685437
0.58436214  -0.06563675
0.60227305  -0.06420800
0.62021803  -0.06256208
0.63819266  -0.06069516
0.65619289  -0.05860581
0.67421508  -0.05629525
0.69225594  -0.05376758
0.71031254  -0.05102997
0.72838225  -0.04809292
0.74646278  -0.04497048
0.76455210  -0.04168044
0.78264847  -0.03824459
0.80075038  -0.03468895
0.81885656  -0.03104395
0.83696596  -0.02734470
0.85507770  -0.02363121
0.87319109  -0.01994857
0.89130559  -0.01634722
0.90942079  -0.01288317
0.92753640  -0.00961821
0.94565221  -0.00662013
0.96376812  -0.00396297
0.98188406  -0.00172720
1.00000000  0.00000000
