NN12011
1.00000000  0.00000000
0.98188406  0.01524240
0.96376812  0.02934574
0.94565221  0.04237288
0.92753640  0.05438427
0.90942079  0.06543800
0.89130559  0.07558978
0.87319109  0.08489306
0.85507770  0.09339898
0.83696596  0.10115649
0.81885656  0.10821230
0.80075038  0.11461099
0.78264847  0.12039503
0.76455210  0.12560479
0.74646278  0.13027858
0.72838225  0.13445273
0.71031254  0.13816158
0.69225594  0.14143754
0.67421508  0.14431112
0.65619289  0.14681097
0.63819266  0.14896390
0.62021803  0.15079495
0.60227305  0.15232741
0.58436214  0.15358284
0.56649016  0.15458114
0.54866242  0.15534056
0.53088467  0.15587774
0.51316314  0.15620778
0.49550459  0.15634421
0.47791625  0.15629911
0.46040593  0.15608308
0.44298198  0.15570529
0.42565331  0.15517357
0.40842945  0.15449435
0.39132052  0.15367281
0.37433730  0.15271281
0.35749120  0.15161701
0.34079431  0.15038685
0.32425942  0.14902263
0.30790000  0.14752350
0.29173028  0.14588755
0.27576522  0.14411181
0.26002056  0.14219230
0.24451281  0.14012406
0.22925931  0.13790120
0.21427820  0.13551691
0.19958848  0.13296353
0.18521000  0.13023258
0.17116350  0.12731478
0.15747063  0.12420008
0.14415394  0.12087774
0.13123695  0.11733633
0.11874410  0.11356377
0.10670084  0.10954737
0.09513360  0.10527391
0.08406985  0.10072957
0.07353805  0.09590010
0.06356777  0.09077076
0.05418962  0.08532638
0.04543531  0.07955143
0.03733766  0.07343001
0.02993063  0.06694592
0.02324933  0.06008270
0.01733003  0.05282363
0.01221019  0.04515180
0.00792850  0.03705013
0.00452485  0.02850143
0.00204040  0.01948840
0.00051754  0.00999371
0.00000000  0.00000000
0.00000000  0.00000000
0.00051754  -0.00699105
0.00204040  -0.01360305
0.00452485  -0.01985005
0.00792850  -0.02574508
0.01221019  -0.03130027
0.01733003  -0.03652686
0.02324933  -0.04143524
0.02993063  -0.04603503
0.03733766  -0.05033509
0.04543531  -0.05434358
0.05418962  -0.05806801
0.06356777  -0.06151527
0.07353805  -0.06469172
0.08406985  -0.06760315
0.09513360  -0.07025493
0.10670084  -0.07265198
0.11874410  -0.07479883
0.13123695  -0.07669971
0.14415394  -0.07835853
0.15747063  -0.07977898
0.17116350  -0.08096453
0.18521000  -0.08191853
0.19958848  -0.08264420
0.21427820  -0.08314471
0.22925931  -0.08342323
0.24451281  -0.08348294
0.26002056  -0.08332711
0.27576522  -0.08295914
0.29173028  -0.08238259
0.30790000  -0.08160124
0.32425942  -0.08061914
0.34079431  -0.07944063
0.35749120  -0.07807042
0.37433730  -0.07651362
0.39132052  -0.07477578
0.40842945  -0.07286293
0.42565331  -0.07078165
0.44298198  -0.06853911
0.46040593  -0.06614308
0.47791625  -0.06360204
0.49550459  -0.06092517
0.51316314  -0.05812242
0.53088467  -0.05520455
0.54866242  -0.05218318
0.56649016  -0.04907082
0.58436214  -0.04588097
0.60227305  -0.04262807
0.62021803  -0.03932764
0.63819266  -0.03599628
0.65619289  -0.03265170
0.67421508  -0.02931283
0.69225594  -0.02599978
0.71031254  -0.02273397
0.72838225  -0.01953810
0.74646278  -0.01643625
0.76455210  -0.01345391
0.78264847  -0.01061801
0.80075038  -0.00795701
0.81885656  -0.00550087
0.83696596  -0.00328118
0.85507770  -0.00133114
0.87319109  0.00031436
0.89130559  0.00161868
0.90942079  0.00254345
0.92753640  0.00304843
0.94565221  0.00309155
0.96376812  0.00262882
0.98188406  0.00161429
1.00000000  0.00000000
