NN12703
1.00000000  0.00000000
0.98188406  0.00909198
0.96376812  0.01790276
0.94565221  0.02642571
0.92753640  0.03465532
0.90942079  0.04258712
0.89130559  0.05021771
0.87319109  0.05754462
0.85507770  0.06456630
0.83696596  0.07128206
0.81885656  0.07769203
0.80075038  0.08379707
0.78264847  0.08959877
0.76455210  0.09509936
0.74646278  0.10030167
0.72838225  0.10520905
0.71031254  0.10982539
0.69225594  0.11415497
0.67421508  0.11820249
0.65619289  0.12197298
0.63819266  0.12547174
0.62021803  0.12870430
0.60227305  0.13167639
0.58436214  0.13439383
0.56649016  0.13686254
0.54866242  0.13908844
0.53088467  0.14107744
0.51316314  0.14283533
0.49550459  0.14436779
0.47791625  0.14568029
0.46040593  0.14677807
0.44298198  0.14766608
0.42565331  0.14834889
0.40842945  0.14883069
0.39132052  0.14911523
0.37433730  0.14920572
0.35749120  0.14910483
0.34079431  0.14881462
0.32425942  0.14833647
0.30790000  0.14767107
0.29173028  0.14681832
0.27576522  0.14577730
0.26002056  0.14454621
0.24451281  0.14312233
0.22925931  0.14150197
0.21427820  0.13968039
0.19958848  0.13765177
0.18521000  0.13540916
0.17116350  0.13294440
0.15747063  0.13024812
0.14415394  0.12730962
0.13123695  0.12411688
0.11874410  0.12065645
0.10670084  0.11691346
0.09513360  0.11287150
0.08406985  0.10851262
0.07353805  0.10381728
0.06356777  0.09876423
0.05418962  0.09333053
0.04543531  0.08749148
0.03733766  0.08122054
0.02993063  0.07448931
0.02324933  0.06726745
0.01733003  0.05952265
0.01221019  0.05122056
0.00792850  0.04232477
0.00452485  0.03279669
0.00204040  0.02259559
0.00051754  0.01167845
0.00000000  0.00000000
0.00000000  0.00000000
0.00051754  -0.00555007
0.00204040  -0.01000281
0.00452485  -0.01348301
0.00792850  -0.01610816
0.01221019  -0.01798859
0.01733003  -0.01922765
0.02324933  -0.01992188
0.02993063  -0.02016120
0.03733766  -0.02002910
0.04543531  -0.01960278
0.05418962  -0.01895335
0.06356777  -0.01814601
0.07353805  -0.01724023
0.08406985  -0.01628991
0.09513360  -0.01534356
0.10670084  -0.01444450
0.11874410  -0.01363100
0.13123695  -0.01293650
0.14415394  -0.01238974
0.15747063  -0.01201498
0.17116350  -0.01183216
0.18521000  -0.01185706
0.19958848  -0.01210152
0.21427820  -0.01257355
0.22925931  -0.01327759
0.24451281  -0.01421462
0.26002056  -0.01538237
0.27576522  -0.01677547
0.29173028  -0.01838569
0.30790000  -0.02020202
0.32425942  -0.02221094
0.34079431  -0.02439654
0.35749120  -0.02674072
0.37433730  -0.02922335
0.39132052  -0.03182247
0.40842945  -0.03451446
0.42565331  -0.03727421
0.44298198  -0.04007529
0.46040593  -0.04289014
0.47791625  -0.04569026
0.49550459  -0.04844635
0.51316314  -0.05112853
0.53088467  -0.05370647
0.54866242  -0.05614961
0.56649016  -0.05842733
0.58436214  -0.06050910
0.60227305  -0.06236467
0.62021803  -0.06396427
0.63819266  -0.06527875
0.65619289  -0.06627980
0.67421508  -0.06694007
0.69225594  -0.06723340
0.71031254  -0.06713499
0.72838225  -0.06662153
0.74646278  -0.06567144
0.76455210  -0.06426500
0.78264847  -0.06238456
0.80075038  -0.06001470
0.81885656  -0.05714240
0.83696596  -0.05375724
0.85507770  -0.04985155
0.87319109  -0.04542062
0.89130559  -0.04046283
0.90942079  -0.03497988
0.92753640  -0.02897694
0.94565221  -0.02246282
0.96376812  -0.01545016
0.98188406  -0.00795561
1.00000000  0.00000000
