NN12838
1.00000000  0.00000000
0.98188406  0.01017477
0.96376812  0.01984792
0.94565221  0.02901599
0.92753640  0.03767719
0.90942079  0.04583132
0.89130559  0.05347969
0.87319109  0.06062508
0.85507770  0.06727165
0.83696596  0.07342486
0.81885656  0.07909145
0.80075038  0.08427929
0.78264847  0.08899739
0.76455210  0.09325578
0.74646278  0.09706546
0.72838225  0.10043833
0.71031254  0.10338712
0.69225594  0.10592532
0.67421508  0.10806709
0.65619289  0.10982724
0.63819266  0.11122111
0.62021803  0.11226452
0.60227305  0.11297371
0.58436214  0.11336526
0.56649016  0.11345602
0.54866242  0.11326305
0.53088467  0.11280353
0.51316314  0.11209471
0.49550459  0.11115384
0.47791625  0.10999809
0.46040593  0.10864449
0.44298198  0.10710985
0.42565331  0.10541069
0.40842945  0.10356320
0.39132052  0.10158313
0.37433730  0.09948574
0.35749120  0.09728573
0.34079431  0.09499717
0.32425942  0.09263344
0.30790000  0.09020714
0.29173028  0.08773001
0.27576522  0.08521293
0.26002056  0.08266576
0.24451281  0.08009734
0.22925931  0.07751537
0.21427820  0.07492638
0.19958848  0.07233563
0.18521000  0.06974707
0.17116350  0.06716325
0.15747063  0.06458526
0.14415394  0.06201264
0.13123695  0.05944334
0.11874410  0.05687363
0.10670084  0.05429806
0.09513360  0.05170934
0.08406985  0.04909830
0.07353805  0.04645385
0.06356777  0.04376285
0.05418962  0.04101008
0.04543531  0.03817816
0.03733766  0.03524749
0.02993063  0.03219616
0.02324933  0.02899990
0.01733003  0.02563200
0.01221019  0.02206325
0.00792850  0.01826186
0.00452485  0.01419338
0.00204040  0.00982068
0.00051754  0.00510382
0.00000000  0.00000000
0.00000000  0.00000000
0.00051754  -0.00410072
0.00204040  -0.00786458
0.00452485  -0.01128548
0.00792850  -0.01435973
0.01221019  -0.01708590
0.01733003  -0.01946472
0.02324933  -0.02149899
0.02993063  -0.02319345
0.03733766  -0.02455465
0.04543531  -0.02559090
0.05418962  -0.02631211
0.06356777  -0.02672967
0.07353805  -0.02685641
0.08406985  -0.02670642
0.09513360  -0.02629496
0.10670084  -0.02563836
0.11874410  -0.02475393
0.13123695  -0.02365978
0.14415394  -0.02237479
0.15747063  -0.02091847
0.17116350  -0.01931081
0.18521000  -0.01757224
0.19958848  -0.01572348
0.21427820  -0.01378543
0.22925931  -0.01177907
0.24451281  -0.00972534
0.26002056  -0.00764506
0.27576522  -0.00555876
0.29173028  -0.00348665
0.30790000  -0.00144844
0.32425942  0.00053675
0.34079431  0.00245045
0.35749120  0.00427505
0.37433730  0.00599379
0.39132052  0.00759098
0.40842945  0.00905204
0.42565331  0.01036363
0.44298198  0.01151376
0.46040593  0.01249192
0.47791625  0.01328915
0.49550459  0.01389818
0.51316314  0.01431351
0.53088467  0.01453157
0.54866242  0.01455079
0.56649016  0.01437172
0.58436214  0.01399711
0.60227305  0.01343211
0.62021803  0.01268425
0.63819266  0.01176368
0.65619289  0.01068319
0.67421508  0.00945833
0.69225594  0.00810758
0.71031254  0.00665240
0.72838225  0.00511734
0.74646278  0.00353019
0.76455210  0.00192207
0.78264847  0.00032752
0.80075038  -0.00121536
0.81885656  -0.00266481
0.83696596  -0.00397532
0.85507770  -0.00509747
0.87319109  -0.00597790
0.89130559  -0.00655911
0.90942079  -0.00677942
0.92753640  -0.00657282
0.94565221  -0.00586888
0.96376812  -0.00459263
0.98188406  -0.00266446
1.00000000  0.00000000
