NN13173
1.00000000  0.00000000
0.98188406  0.01800897
0.96376812  0.03484374
0.94565221  0.05053690
0.92753640  0.06512107
0.90942079  0.07862893
0.89130559  0.09109311
0.87319109  0.10254624
0.85507770  0.11302093
0.83696596  0.12254968
0.81885656  0.13116496
0.80075038  0.13889909
0.78264847  0.14578429
0.76455210  0.15185264
0.74646278  0.15713605
0.72838225  0.16166623
0.71031254  0.16547470
0.69225594  0.16859276
0.67421508  0.17105144
0.65619289  0.17288152
0.63819266  0.17411350
0.62021803  0.17477754
0.60227305  0.17490351
0.58436214  0.17452090
0.56649016  0.17365885
0.54866242  0.17234610
0.53088467  0.17061098
0.51316314  0.16848139
0.49550459  0.16598478
0.47791625  0.16314813
0.46040593  0.15999792
0.44298198  0.15656011
0.42565331  0.15286015
0.40842945  0.14892293
0.39132052  0.14477273
0.37433730  0.14043329
0.35749120  0.13592770
0.34079431  0.13127841
0.32425942  0.12650723
0.30790000  0.12163529
0.29173028  0.11668302
0.27576522  0.11167013
0.26002056  0.10661559
0.24451281  0.10153761
0.22925931  0.09645363
0.21427820  0.09138029
0.19958848  0.08633338
0.18521000  0.08132790
0.17116350  0.07637794
0.15747063  0.07149673
0.14415394  0.06669661
0.13123695  0.06198897
0.11874410  0.05738427
0.10670084  0.05289200
0.09513360  0.04852068
0.08406985  0.04427781
0.07353805  0.04016987
0.06356777  0.03620229
0.05418962  0.03237945
0.04543531  0.02870461
0.03733766  0.02517995
0.02993063  0.02180652
0.02324933  0.01858421
0.01733003  0.01551175
0.01221019  0.01258668
0.00792850  0.00980531
0.00452485  0.00716275
0.00204040  0.00465285
0.00051754  0.00226817
0.00000000  0.00000000
0.00000000  0.00000000
0.00051754  -0.00938738
0.00204040  -0.01758558
0.00452485  -0.02470451
0.00792850  -0.03084765
0.01221019  -0.03611224
0.01733003  -0.04058943
0.02324933  -0.04436446
0.02993063  -0.04751683
0.03733766  -0.05012049
0.04543531  -0.05224398
0.05418962  -0.05395064
0.06356777  -0.05529875
0.07353805  -0.05634173
0.08406985  -0.05712827
0.09513360  -0.05770257
0.10670084  -0.05810444
0.11874410  -0.05836954
0.13123695  -0.05852948
0.14415394  -0.05861206
0.15747063  -0.05864141
0.17116350  -0.05863817
0.18521000  -0.05861963
0.19958848  -0.05859996
0.21427820  -0.05859036
0.22925931  -0.05859921
0.24451281  -0.05863226
0.26002056  -0.05869280
0.27576522  -0.05878186
0.29173028  -0.05889831
0.30790000  -0.05903913
0.32425942  -0.05919951
0.34079431  -0.05937302
0.35749120  -0.05955186
0.37433730  -0.05972693
0.39132052  -0.05988808
0.40842945  -0.06002425
0.42565331  -0.06012364
0.44298198  -0.06017391
0.46040593  -0.06016230
0.47791625  -0.06007586
0.49550459  -0.05990159
0.51316314  -0.05962663
0.53088467  -0.05923840
0.54866242  -0.05872481
0.56649016  -0.05807443
0.58436214  -0.05727662
0.60227305  -0.05632176
0.62021803  -0.05520138
0.63819266  -0.05390837
0.65619289  -0.05243709
0.67421508  -0.05078362
0.69225594  -0.04894588
0.71031254  -0.04692382
0.72838225  -0.04471959
0.74646278  -0.04233772
0.76455210  -0.03978528
0.78264847  -0.03707206
0.80075038  -0.03421074
0.81885656  -0.03121706
0.83696596  -0.02811000
0.85507770  -0.02491195
0.87319109  -0.02164888
0.89130559  -0.01835051
0.90942079  -0.01505049
0.92753640  -0.01178658
0.94565221  -0.00860078
0.96376812  -0.00553957
0.98188406  -0.00265402
1.00000000  0.00000000
