NN13039
1.00000000  0.00000000
0.98188406  0.01371528
0.96376812  0.02619152
0.94565221  0.03753952
0.92753640  0.04786340
0.90942079  0.05726083
0.89130559  0.06582315
0.87319109  0.07363555
0.85507770  0.08077725
0.83696596  0.08732168
0.81885656  0.09333660
0.80075038  0.09888433
0.78264847  0.10402189
0.76455210  0.10880118
0.74646278  0.11326914
0.72838225  0.11746790
0.71031254  0.12143500
0.69225594  0.12520354
0.67421508  0.12880231
0.65619289  0.13225603
0.63819266  0.13558544
0.62021803  0.13880756
0.60227305  0.14193577
0.58436214  0.14498004
0.56649016  0.14794709
0.54866242  0.15084054
0.53088467  0.15366109
0.51316314  0.15640669
0.49550459  0.15907271
0.47791625  0.16165212
0.46040593  0.16413565
0.44298198  0.16651193
0.42565331  0.16876774
0.40842945  0.17088809
0.39132052  0.17285644
0.37433730  0.17465485
0.35749120  0.17626419
0.34079431  0.17766424
0.32425942  0.17883392
0.30790000  0.17975144
0.29173028  0.18039444
0.27576522  0.18074023
0.26002056  0.18076587
0.24451281  0.18044844
0.22925931  0.17976511
0.21427820  0.17869337
0.19958848  0.17721121
0.18521000  0.17529723
0.17116350  0.17293087
0.15747063  0.17009255
0.14415394  0.16676384
0.13123695  0.16292763
0.11874410  0.15856833
0.10670084  0.15367199
0.09513360  0.14822649
0.08406985  0.14222175
0.07353805  0.13564982
0.06356777  0.12850513
0.05418962  0.12078459
0.04543531  0.11248782
0.03733766  0.10361728
0.02993063  0.09417846
0.02324933  0.08418004
0.01733003  0.07363405
0.01221019  0.06255607
0.00792850  0.05096538
0.00452485  0.03888511
0.00204040  0.02634247
0.00051754  0.01336884
0.00000000  0.00000000
0.00000000  0.00000000
0.00051754  -0.00582096
0.00204040  -0.01093627
0.00452485  -0.01539815
0.00792850  -0.01925661
0.01221019  -0.02255946
0.01733003  -0.02535237
0.02324933  -0.02767890
0.02993063  -0.02958056
0.03733766  -0.03109681
0.04543531  -0.03226514
0.05418962  -0.03312108
0.06356777  -0.03369826
0.07353805  -0.03402843
0.08406985  -0.03414151
0.09513360  -0.03406563
0.10670084  -0.03382717
0.11874410  -0.03345078
0.13123695  -0.03295945
0.14415394  -0.03237453
0.15747063  -0.03171577
0.17116350  -0.03100136
0.18521000  -0.03024797
0.19958848  -0.02947080
0.21427820  -0.02868359
0.22925931  -0.02789871
0.24451281  -0.02712713
0.26002056  -0.02637852
0.27576522  -0.02566126
0.29173028  -0.02498248
0.30790000  -0.02434811
0.32425942  -0.02376291
0.34079431  -0.02323051
0.35749120  -0.02275344
0.37433730  -0.02233321
0.39132052  -0.02197028
0.40842945  -0.02166418
0.42565331  -0.02141347
0.44298198  -0.02121584
0.46040593  -0.02106811
0.47791625  -0.02096629
0.49550459  -0.02090562
0.51316314  -0.02088060
0.53088467  -0.02088502
0.54866242  -0.02091202
0.56649016  -0.02095412
0.58436214  -0.02100327
0.60227305  -0.02105084
0.62021803  -0.02108775
0.63819266  -0.02110441
0.65619289  -0.02109083
0.67421508  -0.02103663
0.69225594  -0.02093108
0.71031254  -0.02076314
0.72838225  -0.02052152
0.74646278  -0.02019466
0.76455210  -0.01977086
0.78264847  -0.01923823
0.80075038  -0.01858479
0.81885656  -0.01779848
0.83696596  -0.01686720
0.85507770  -0.01577886
0.87319109  -0.01452143
0.89130559  -0.01308292
0.90942079  -0.01145151
0.92753640  -0.00961552
0.94565221  -0.00756347
0.96376812  -0.00528412
0.98188406  -0.00276651
1.00000000  0.00000000
