NN1371
1.00000000  0.00000000
0.98188406  0.01725718
0.96376812  0.03347122
0.94565221  0.04866911
0.92753640  0.06287828
0.90942079  0.07612660
0.89130559  0.08844229
0.87319109  0.09985387
0.85507770  0.11039014
0.83696596  0.12008011
0.81885656  0.12895295
0.80075038  0.13703795
0.78264847  0.14436446
0.76455210  0.15096185
0.74646278  0.15685945
0.72838225  0.16208652
0.71031254  0.16667217
0.69225594  0.17064534
0.67421508  0.17403473
0.65619289  0.17686878
0.63819266  0.17917557
0.62021803  0.18098281
0.60227305  0.18231780
0.58436214  0.18320734
0.56649016  0.18367771
0.54866242  0.18375460
0.53088467  0.18346310
0.51316314  0.18282759
0.49550459  0.18187174
0.47791625  0.18061846
0.46040593  0.17908981
0.44298198  0.17730698
0.42565331  0.17529026
0.40842945  0.17305893
0.39132052  0.17063127
0.37433730  0.16802448
0.35749120  0.16525466
0.34079431  0.16233669
0.32425942  0.15928429
0.30790000  0.15610985
0.29173028  0.15282449
0.27576522  0.14943794
0.26002056  0.14595850
0.24451281  0.14239303
0.22925931  0.13874684
0.21427820  0.13502371
0.19958848  0.13122576
0.18521000  0.12735349
0.17116350  0.12340565
0.15747063  0.11937923
0.14415394  0.11526944
0.13123695  0.11106958
0.11874410  0.10677106
0.10670084  0.10236333
0.09513360  0.09783382
0.08406985  0.09316790
0.07353805  0.08834883
0.06356777  0.08335772
0.05418962  0.07817344
0.04543531  0.07277264
0.03733766  0.06712963
0.02993063  0.06121638
0.02324933  0.05500245
0.01733003  0.04845493
0.01221019  0.04153841
0.00792850  0.03421494
0.00452485  0.02644395
0.00204040  0.01818220
0.00051754  0.00938378
0.00000000  0.00000000
0.00000000  0.00000000
0.00051754  -0.00664478
0.00204040  -0.01261551
0.00452485  -0.01797778
0.00792850  -0.02279233
0.01221019  -0.02711529
0.01733003  -0.03099829
0.02324933  -0.03448864
0.02993063  -0.03762950
0.03733766  -0.04046004
0.04543531  -0.04301561
0.05418962  -0.04532790
0.06356777  -0.04742508
0.07353805  -0.04933201
0.08406985  -0.05107039
0.09513360  -0.05265888
0.10670084  -0.05411335
0.11874410  -0.05544694
0.13123695  -0.05667033
0.14415394  -0.05779182
0.15747063  -0.05881753
0.17116350  -0.05975159
0.18521000  -0.06059623
0.19958848  -0.06135204
0.21427820  -0.06201805
0.22925931  -0.06259194
0.24451281  -0.06307019
0.26002056  -0.06344826
0.27576522  -0.06372072
0.29173028  -0.06388147
0.30790000  -0.06392383
0.32425942  -0.06384077
0.34079431  -0.06362504
0.35749120  -0.06326936
0.37433730  -0.06276655
0.39132052  -0.06210970
0.40842945  -0.06129238
0.42565331  -0.06030876
0.44298198  -0.05915375
0.46040593  -0.05782326
0.47791625  -0.05631425
0.49550459  -0.05462497
0.51316314  -0.05275510
0.53088467  -0.05070593
0.54866242  -0.04848049
0.56649016  -0.04608374
0.58436214  -0.04352273
0.60227305  -0.04080677
0.62021803  -0.03794758
0.63819266  -0.03495947
0.65619289  -0.03185948
0.67421508  -0.02866758
0.69225594  -0.02540681
0.71031254  -0.02210344
0.72838225  -0.01878715
0.74646278  -0.01549119
0.76455210  -0.01225254
0.78264847  -0.00911207
0.80075038  -0.00611473
0.81885656  -0.00330967
0.83696596  -0.00075044
0.85507770  0.00150485
0.87319109  0.00339338
0.89130559  0.00484744
0.90942079  0.00579428
0.92753640  0.00615595
0.94565221  0.00584909
0.96376812  0.00478485
0.98188406  0.00286864
1.00000000  0.00000000
