NN13531
1.00000000  0.00000000
0.98188406  0.00759996
0.96376812  0.01496144
0.94565221  0.02210134
0.92753640  0.02903487
0.90942079  0.03577568
0.89130559  0.04233588
0.87319109  0.04872606
0.85507770  0.05495541
0.83696596  0.06103170
0.81885656  0.06696139
0.80075038  0.07274963
0.78264847  0.07840035
0.76455210  0.08391629
0.74646278  0.08929904
0.72838225  0.09454914
0.71031254  0.09966606
0.69225594  0.10464832
0.67421508  0.10949348
0.65619289  0.11419825
0.63819266  0.11875848
0.62021803  0.12316926
0.60227305  0.12742495
0.58436214  0.13151922
0.56649016  0.13544513
0.54866242  0.13919515
0.53088467  0.14276123
0.51316314  0.14613485
0.49550459  0.14930706
0.47791625  0.15226854
0.46040593  0.15500965
0.44298198  0.15752046
0.42565331  0.15979085
0.40842945  0.16181050
0.39132052  0.16356900
0.37433730  0.16505585
0.35749120  0.16626054
0.34079431  0.16717258
0.32425942  0.16778159
0.30790000  0.16807730
0.29173028  0.16804964
0.27576522  0.16768877
0.26002056  0.16698513
0.24451281  0.16592952
0.22925931  0.16451310
0.21427820  0.16272749
0.19958848  0.16056479
0.18521000  0.15801764
0.17116350  0.15507928
0.15747063  0.15174358
0.14415394  0.14800511
0.13123695  0.14385918
0.11874410  0.13930191
0.10670084  0.13433023
0.09513360  0.12894200
0.08406985  0.12313601
0.07353805  0.11691206
0.06356777  0.11027098
0.05418962  0.10321472
0.04543531  0.09574635
0.03733766  0.08787017
0.02993063  0.07959171
0.02324933  0.07091783
0.01733003  0.06185670
0.01221019  0.05241793
0.00792850  0.04261257
0.00452485  0.03245318
0.00204040  0.02195387
0.00051754  0.01113035
0.00000000  0.00000000
0.00000000  0.00000000
0.00051754  -0.01032246
0.00204040  -0.02031991
0.00452485  -0.02996095
0.00792850  -0.03921786
0.01221019  -0.04806645
0.01733003  -0.05648598
0.02324933  -0.06445897
0.02993063  -0.07197110
0.03733766  -0.07901105
0.04543531  -0.08557042
0.05418962  -0.09164354
0.06356777  -0.09722737
0.07353805  -0.10232136
0.08406985  -0.10692732
0.09513360  -0.11104928
0.10670084  -0.11469337
0.11874410  -0.11786768
0.13123695  -0.12058213
0.14415394  -0.12284832
0.15747063  -0.12467945
0.17116350  -0.12609013
0.18521000  -0.12709625
0.19958848  -0.12771491
0.21427820  -0.12796422
0.22925931  -0.12786320
0.24451281  -0.12743164
0.26002056  -0.12668996
0.27576522  -0.12565911
0.29173028  -0.12436038
0.30790000  -0.12281535
0.32425942  -0.12104566
0.34079431  -0.11907295
0.35749120  -0.11691872
0.37433730  -0.11460416
0.39132052  -0.11215005
0.40842945  -0.10957662
0.42565331  -0.10690341
0.44298198  -0.10414916
0.46040593  -0.10133164
0.47791625  -0.09846756
0.49550459  -0.09557241
0.51316314  -0.09266033
0.53088467  -0.08974398
0.54866242  -0.08683443
0.56649016  -0.08394099
0.58436214  -0.08107111
0.60227305  -0.07823023
0.62021803  -0.07542164
0.63819266  -0.07264637
0.65619289  -0.06990305
0.67421508  -0.06718777
0.69225594  -0.06449396
0.71031254  -0.06181224
0.72838225  -0.05913031
0.74646278  -0.05643280
0.76455210  -0.05370114
0.78264847  -0.05091344
0.80075038  -0.04804435
0.81885656  -0.04506491
0.83696596  -0.04194246
0.85507770  -0.03864047
0.87319109  -0.03511842
0.89130559  -0.03133167
0.90942079  -0.02723132
0.92753640  -0.02276410
0.94565221  -0.01787222
0.96376812  -0.01249321
0.98188406  -0.00655985
1.00000000  0.00000000
