NN13010
1.00000000  0.00000000
0.98188406  0.00443742
0.96376812  0.00910989
0.94565221  0.01398321
0.92753640  0.01902438
0.90942079  0.02420161
0.89130559  0.02948429
0.87319109  0.03484297
0.85507770  0.04024937
0.83696596  0.04567637
0.81885656  0.05109800
0.80075038  0.05648942
0.78264847  0.06182691
0.76455210  0.06708789
0.74646278  0.07225086
0.72838225  0.07729544
0.71031254  0.08220234
0.69225594  0.08695334
0.67421508  0.09153128
0.65619289  0.09592010
0.63819266  0.10010476
0.62021803  0.10407126
0.60227305  0.10780666
0.58436214  0.11129902
0.56649016  0.11453743
0.54866242  0.11751198
0.53088467  0.12021374
0.51316314  0.12263481
0.49550459  0.12476821
0.47791625  0.12660798
0.46040593  0.12814908
0.44298198  0.12938744
0.42565331  0.13031993
0.40842945  0.13094433
0.39132052  0.13125938
0.37433730  0.13126468
0.35749120  0.13096078
0.34079431  0.13034910
0.32425942  0.12943194
0.30790000  0.12821249
0.29173028  0.12669478
0.27576522  0.12488372
0.26002056  0.12278506
0.24451281  0.12040538
0.22925931  0.11775209
0.21427820  0.11483342
0.19958848  0.11165841
0.18521000  0.10823690
0.17116350  0.10457950
0.15747063  0.10069763
0.14415394  0.09660346
0.13123695  0.09230994
0.11874410  0.08783076
0.10670084  0.08318035
0.09513360  0.07837388
0.08406985  0.07342724
0.07353805  0.06835704
0.06356777  0.06318060
0.05418962  0.05791591
0.04543531  0.05258169
0.03733766  0.04719730
0.02993063  0.04178278
0.02324933  0.03635883
0.01733003  0.03094681
0.01221019  0.02556869
0.00792850  0.02024711
0.00452485  0.01500529
0.00204040  0.00986710
0.00051754  0.00485699
0.00000000  0.00000000
0.00000000  0.00000000
0.00051754  -0.00975014
0.00204040  -0.01804234
0.00452485  -0.02501863
0.00792850  -0.03081258
0.01221019  -0.03554958
0.01733003  -0.03934701
0.02324933  -0.04231451
0.02993063  -0.04455422
0.03733766  -0.04616097
0.04543531  -0.04722255
0.05418962  -0.04781993
0.06356777  -0.04802750
0.07353805  -0.04791326
0.08406985  -0.04753913
0.09513360  -0.04696110
0.10670084  -0.04622952
0.11874410  -0.04538930
0.13123695  -0.04448016
0.14415394  -0.04353684
0.15747063  -0.04258936
0.17116350  -0.04166324
0.18521000  -0.04077972
0.19958848  -0.03995600
0.21427820  -0.03920549
0.22925931  -0.03853801
0.24451281  -0.03796004
0.26002056  -0.03747495
0.27576522  -0.03708324
0.29173028  -0.03678275
0.30790000  -0.03656892
0.32425942  -0.03643498
0.34079431  -0.03637224
0.35749120  -0.03637027
0.37433730  -0.03641717
0.39132052  -0.03649976
0.40842945  -0.03660386
0.42565331  -0.03671448
0.44298198  -0.03681609
0.46040593  -0.03689280
0.47791625  -0.03692867
0.49550459  -0.03690784
0.51316314  -0.03681487
0.53088467  -0.03663488
0.54866242  -0.03635385
0.56649016  -0.03595881
0.58436214  -0.03543807
0.60227305  -0.03478150
0.62021803  -0.03398071
0.63819266  -0.03302928
0.65619289  -0.03192306
0.67421508  -0.03066032
0.69225594  -0.02924203
0.71031254  -0.02767206
0.72838225  -0.02595745
0.74646278  -0.02410862
0.76455210  -0.02213960
0.78264847  -0.02006826
0.80075038  -0.01791655
0.81885656  -0.01571074
0.83696596  -0.01348162
0.85507770  -0.01126478
0.87319109  -0.00910080
0.89130559  -0.00703550
0.90942079  -0.00512016
0.92753640  -0.00341176
0.94565221  -0.00197325
0.96376812  -0.00087369
0.98188406  -0.00018857
1.00000000  0.00000000
