NN13340
1.00000000  0.00000000
0.98188406  0.01692400
0.96376812  0.03253932
0.94565221  0.04694708
0.92753640  0.06024143
0.90942079  0.07250986
0.89130559  0.08383337
0.87319109  0.09428673
0.85507770  0.10393871
0.83696596  0.11285231
0.81885656  0.12108497
0.80075038  0.12868884
0.78264847  0.13571097
0.76455210  0.14219358
0.74646278  0.14817424
0.72838225  0.15368617
0.71031254  0.15875841
0.69225594  0.16341607
0.67421508  0.16768056
0.65619289  0.17156986
0.63819266  0.17509868
0.62021803  0.17827874
0.60227305  0.18111898
0.58436214  0.18362581
0.56649016  0.18580333
0.54866242  0.18765354
0.53088467  0.18917662
0.51316314  0.19037112
0.49550459  0.19123418
0.47791625  0.19176183
0.46040593  0.19194913
0.44298198  0.19179048
0.42565331  0.19127979
0.40842945  0.19041075
0.39132052  0.18917705
0.37433730  0.18757261
0.35749120  0.18559179
0.34079431  0.18322968
0.32425942  0.18048225
0.30790000  0.17734665
0.29173028  0.17382140
0.27576522  0.16990664
0.26002056  0.16560435
0.24451281  0.16091860
0.22925931  0.15585574
0.21427820  0.15042469
0.19958848  0.14463712
0.18521000  0.13850769
0.17116350  0.13205432
0.15747063  0.12529836
0.14415394  0.11826488
0.13123695  0.11098285
0.11874410  0.10348540
0.10670084  0.09581006
0.09513360  0.08799896
0.08406985  0.08009907
0.07353805  0.07216245
0.06356777  0.06424648
0.05418962  0.05641405
0.04543531  0.04873384
0.03733766  0.04128052
0.02993063  0.03413501
0.02324933  0.02738467
0.01733003  0.02112357
0.01221019  0.01545268
0.00792850  0.01048017
0.00452485  0.00632155
0.00204040  0.00309997
0.00051754  0.00094643
0.00000000  0.00000000
0.00000000  0.00000000
0.00051754  -0.01254723
0.00204040  -0.02423221
0.00452485  -0.03506673
0.00792850  -0.04506483
0.01221019  -0.05424269
0.01733003  -0.06261851
0.02324933  -0.07021237
0.02993063  -0.07704609
0.03733766  -0.08314316
0.04543531  -0.08852855
0.05418962  -0.09322861
0.06356777  -0.09727096
0.07353805  -0.10068433
0.08406985  -0.10349847
0.09513360  -0.10574399
0.10670084  -0.10745227
0.11874410  -0.10865530
0.13123695  -0.10938556
0.14415394  -0.10967593
0.15747063  -0.10955951
0.17116350  -0.10906953
0.18521000  -0.10823921
0.19958848  -0.10710166
0.21427820  -0.10568970
0.22925931  -0.10403578
0.24451281  -0.10217184
0.26002056  -0.10012919
0.27576522  -0.09793837
0.29173028  -0.09562903
0.30790000  -0.09322982
0.32425942  -0.09076822
0.34079431  -0.08827048
0.35749120  -0.08576143
0.37433730  -0.08326439
0.39132052  -0.08080105
0.40842945  -0.07839131
0.42565331  -0.07605319
0.44298198  -0.07380266
0.46040593  -0.07165357
0.47791625  -0.06961748
0.49550459  -0.06770356
0.51316314  -0.06591845
0.53088467  -0.06426612
0.54866242  -0.06274779
0.56649016  -0.06136176
0.58436214  -0.06010329
0.60227305  -0.05896450
0.62021803  -0.05793422
0.63819266  -0.05699787
0.65619289  -0.05613733
0.67421508  -0.05533083
0.69225594  -0.05455282
0.71031254  -0.05377380
0.72838225  -0.05296027
0.74646278  -0.05207455
0.76455210  -0.05107466
0.78264847  -0.04991422
0.80075038  -0.04854230
0.81885656  -0.04690329
0.83696596  -0.04493679
0.85507770  -0.04257749
0.87319109  -0.03975503
0.89130559  -0.03639385
0.90942079  -0.03241312
0.92753640  -0.02772658
0.94565221  -0.02224240
0.96376812  -0.01586310
0.98188406  -0.00848538
1.00000000  0.00000000
