NN13793
1.00000000  0.00000000
0.98188406  0.01609402
0.96376812  0.03134908
0.94565221  0.04577382
0.92753640  0.05937762
0.90942079  0.07217058
0.89130559  0.08416350
0.87319109  0.09536785
0.85507770  0.10579576
0.83696596  0.11546001
0.81885656  0.12437399
0.80075038  0.13255166
0.78264847  0.14000760
0.76455210  0.14675690
0.74646278  0.15281521
0.72838225  0.15819867
0.71031254  0.16292393
0.69225594  0.16700810
0.67421508  0.17046872
0.65619289  0.17332378
0.63819266  0.17559168
0.62021803  0.17729118
0.60227305  0.17844143
0.58436214  0.17906189
0.56649016  0.17917238
0.54866242  0.17879300
0.53088467  0.17794413
0.51316314  0.17664640
0.49550459  0.17492071
0.47791625  0.17278814
0.46040593  0.17026999
0.44298198  0.16738773
0.42565331  0.16416297
0.40842945  0.16061747
0.39132052  0.15677310
0.37433730  0.15265180
0.35749120  0.14827562
0.34079431  0.14366661
0.32425942  0.13884690
0.30790000  0.13383858
0.29173028  0.12866375
0.27576522  0.12334448
0.26002056  0.11790276
0.24451281  0.11236054
0.22925931  0.10673963
0.21427820  0.10106175
0.19958848  0.09534847
0.18521000  0.08962121
0.17116350  0.08390118
0.15747063  0.07820942
0.14415394  0.07256672
0.13123695  0.06699365
0.11874410  0.06151049
0.10670084  0.05613725
0.09513360  0.05089363
0.08406985  0.04579898
0.07353805  0.04087233
0.06356777  0.03613233
0.05418962  0.03159723
0.04543531  0.02728487
0.03733766  0.02321265
0.02993063  0.01939754
0.02324933  0.01585601
0.01733003  0.01260404
0.01221019  0.00965709
0.00792850  0.00703009
0.00452485  0.00473740
0.00204040  0.00279280
0.00051754  0.00120948
0.00000000  0.00000000
0.00000000  0.00000000
0.00051754  -0.00149498
0.00204040  -0.00262152
0.00452485  -0.00344542
0.00792850  -0.00402792
0.01221019  -0.00442587
0.01733003  -0.00469182
0.02324933  -0.00487410
0.02993063  -0.00501695
0.03733766  -0.00516064
0.04543531  -0.00534157
0.05418962  -0.00559235
0.06356777  -0.00594197
0.07353805  -0.00641587
0.08406985  -0.00703604
0.09513360  -0.00782116
0.10670084  -0.00878667
0.11874410  -0.00994494
0.13123695  -0.01130532
0.14415394  -0.01287427
0.15747063  -0.01465548
0.17116350  -0.01664996
0.18521000  -0.01885617
0.19958848  -0.02127012
0.21427820  -0.02388546
0.22925931  -0.02669364
0.24451281  -0.02968395
0.26002056  -0.03284369
0.27576522  -0.03615826
0.29173028  -0.03961123
0.30790000  -0.04318453
0.32425942  -0.04685847
0.34079431  -0.05061193
0.35749120  -0.05442241
0.37433730  -0.05826617
0.39132052  -0.06211831
0.40842945  -0.06595294
0.42565331  -0.06974321
0.44298198  -0.07346147
0.46040593  -0.07707938
0.47791625  -0.08056799
0.49550459  -0.08389788
0.51316314  -0.08703924
0.53088467  -0.08996201
0.54866242  -0.09263597
0.56649016  -0.09503084
0.58436214  -0.09711642
0.60227305  -0.09886268
0.62021803  -0.10023985
0.63819266  -0.10121858
0.65619289  -0.10177000
0.67421508  -0.10186585
0.69225594  -0.10147860
0.71031254  -0.10058154
0.72838225  -0.09914889
0.74646278  -0.09715592
0.76455210  -0.09457907
0.78264847  -0.09139603
0.80075038  -0.08758586
0.81885656  -0.08312911
0.83696596  -0.07800793
0.85507770  -0.07220615
0.87319109  -0.06570944
0.89130559  -0.05850536
0.90942079  -0.05058353
0.92753640  -0.04193568
0.94565221  -0.03255581
0.96376812  -0.02244027
0.98188406  -0.01158787
1.00000000  0.00000000
