NN13040
1.00000000  0.00000000
0.98188406  0.00468431
0.96376812  0.00942332
0.94565221  0.01420313
0.92753640  0.01900992
0.90942079  0.02382996
0.89130559  0.02864967
0.87319109  0.03345560
0.85507770  0.03823444
0.83696596  0.04297308
0.81885656  0.04765860
0.80075038  0.05227828
0.78264847  0.05681965
0.76455210  0.06127047
0.74646278  0.06561877
0.72838225  0.06985288
0.71031254  0.07396141
0.69225594  0.07793331
0.67421508  0.08175786
0.65619289  0.08542469
0.63819266  0.08892382
0.62021803  0.09224566
0.60227305  0.09538100
0.58436214  0.09832111
0.56649016  0.10105767
0.54866242  0.10358283
0.53088467  0.10588923
0.51316314  0.10797000
0.49550459  0.10981882
0.47791625  0.11142985
0.46040593  0.11279787
0.44298198  0.11391817
0.42565331  0.11478668
0.40842945  0.11539992
0.39132052  0.11575502
0.37433730  0.11584979
0.35749120  0.11568266
0.34079431  0.11525278
0.32425942  0.11455998
0.30790000  0.11360481
0.29173028  0.11238855
0.27576522  0.11091323
0.26002056  0.10918166
0.24451281  0.10719744
0.22925931  0.10496497
0.21427820  0.10248948
0.19958848  0.09977702
0.18521000  0.09683455
0.17116350  0.09366985
0.15747063  0.09029164
0.14415394  0.08670954
0.13123695  0.08293410
0.11874410  0.07897682
0.10670084  0.07485017
0.09513360  0.07056761
0.08406985  0.06614360
0.07353805  0.06159363
0.06356777  0.05693423
0.05418962  0.05218298
0.04543531  0.04735853
0.03733766  0.04248065
0.02993063  0.03757021
0.02324933  0.03264920
0.01733003  0.02774078
0.01221019  0.02286925
0.00792850  0.01806012
0.00452485  0.01334008
0.00204040  0.00873707
0.00051754  0.00428023
0.00000000  0.00000000
0.00000000  0.00000000
0.00051754  -0.00252048
0.00204040  -0.00435315
0.00452485  -0.00555253
0.00792850  -0.00617124
0.01221019  -0.00625995
0.01733003  -0.00586749
0.02324933  -0.00504080
0.02993063  -0.00382499
0.03733766  -0.00226336
0.04543531  -0.00039740
0.05418962  0.00173317
0.06356777  0.00409036
0.07353805  0.00663793
0.08406985  0.00934134
0.09513360  0.01216774
0.10670084  0.01508592
0.11874410  0.01806634
0.13123695  0.02108106
0.14415394  0.02410373
0.15747063  0.02710959
0.17116350  0.03007540
0.18521000  0.03297949
0.19958848  0.03580167
0.21427820  0.03852323
0.22925931  0.04112694
0.24451281  0.04359699
0.26002056  0.04591901
0.27576522  0.04808001
0.29173028  0.05006836
0.30790000  0.05187381
0.32425942  0.05348742
0.34079431  0.05490157
0.35749120  0.05610990
0.37433730  0.05710733
0.39132052  0.05789002
0.40842945  0.05845534
0.42565331  0.05880186
0.44298198  0.05892933
0.46040593  0.05883862
0.47791625  0.05853177
0.49550459  0.05801190
0.51316314  0.05728322
0.53088467  0.05635100
0.54866242  0.05522157
0.56649016  0.05390223
0.58436214  0.05240133
0.60227305  0.05072815
0.62021803  0.04889296
0.63819266  0.04690692
0.65619289  0.04478211
0.67421508  0.04253152
0.69225594  0.04016896
0.71031254  0.03770910
0.72838225  0.03516744
0.74646278  0.03256026
0.76455210  0.02990460
0.78264847  0.02721828
0.80075038  0.02451983
0.81885656  0.02182849
0.83696596  0.01916420
0.85507770  0.01654752
0.87319109  0.01399970
0.89130559  0.01154258
0.90942079  0.00919859
0.92753640  0.00699076
0.94565221  0.00494264
0.96376812  0.00307832
0.98188406  0.00142242
1.00000000  0.00000000
