NN1301
1.00000000  0.00000000
0.98188406  0.01252370
0.96376812  0.02453651
0.94565221  0.03606044
0.92753640  0.04711567
0.90942079  0.05772063
0.89130559  0.06789209
0.87319109  0.07764520
0.85507770  0.08699357
0.83696596  0.09594933
0.81885656  0.10452319
0.80075038  0.11272453
0.78264847  0.12056146
0.76455210  0.12804084
0.74646278  0.13516842
0.72838225  0.14194887
0.71031254  0.14838582
0.69225594  0.15448198
0.67421508  0.16023916
0.65619289  0.16565839
0.63819266  0.17073991
0.62021803  0.17548332
0.60227305  0.17988757
0.58436214  0.18395109
0.56649016  0.18767181
0.54866242  0.19104727
0.53088467  0.19407463
0.51316314  0.19675079
0.49550459  0.19907243
0.47791625  0.20103608
0.46040593  0.20263819
0.44298198  0.20387518
0.42565331  0.20474356
0.40842945  0.20523990
0.39132052  0.20536100
0.37433730  0.20510390
0.35749120  0.20446593
0.34079431  0.20344483
0.32425942  0.20203879
0.30790000  0.20024650
0.29173028  0.19806723
0.27576522  0.19550093
0.26002056  0.19254822
0.24451281  0.18921054
0.22925931  0.18549016
0.21427820  0.18139026
0.19958848  0.17691502
0.18521000  0.17206964
0.17116350  0.16686045
0.15747063  0.16129497
0.14415394  0.15538194
0.13123695  0.14913144
0.11874410  0.14255492
0.10670084  0.13566526
0.09513360  0.12847687
0.08406985  0.12100574
0.07353805  0.11326950
0.06356777  0.10528748
0.05418962  0.09708081
0.04543531  0.08867246
0.03733766  0.08008729
0.02993063  0.07135216
0.02324933  0.06249596
0.01733003  0.05354971
0.01221019  0.04454658
0.00792850  0.03552201
0.00452485  0.02651372
0.00204040  0.01756183
0.00051754  0.00870891
0.00000000  0.00000000
0.00000000  0.00000000
0.00051754  -0.00768339
0.00204040  -0.01519347
0.00452485  -0.02248964
0.00792850  -0.02953569
0.01221019  -0.03629967
0.01733003  -0.04275369
0.02324933  -0.04887380
0.02993063  -0.05463981
0.03733766  -0.06003512
0.04543531  -0.06504659
0.05418962  -0.06966433
0.06356777  -0.07388161
0.07353805  -0.07769463
0.08406985  -0.08110239
0.09513360  -0.08410655
0.10670084  -0.08671122
0.11874410  -0.08892286
0.13123695  -0.09075006
0.14415394  -0.09220342
0.15747063  -0.09329537
0.17116350  -0.09404003
0.18521000  -0.09445303
0.19958848  -0.09455135
0.21427820  -0.09435316
0.22925931  -0.09387768
0.24451281  -0.09314499
0.26002056  -0.09217590
0.27576522  -0.09099177
0.29173028  -0.08961433
0.30790000  -0.08806558
0.32425942  -0.08636756
0.34079431  -0.08454224
0.35749120  -0.08261134
0.37433730  -0.08059617
0.39132052  -0.07851745
0.40842945  -0.07639521
0.42565331  -0.07424856
0.44298198  -0.07209557
0.46040593  -0.06995310
0.47791625  -0.06783664
0.49550459  -0.06576013
0.51316314  -0.06373584
0.53088467  -0.06177418
0.54866242  -0.05988355
0.56649016  -0.05807017
0.58436214  -0.05633794
0.60227305  -0.05468824
0.62021803  -0.05311982
0.63819266  -0.05162861
0.65619289  -0.05020755
0.67421508  -0.04884647
0.69225594  -0.04753187
0.71031254  -0.04624683
0.72838225  -0.04497079
0.74646278  -0.04367942
0.76455210  -0.04234445
0.78264847  -0.04093350
0.80075038  -0.03940996
0.81885656  -0.03773278
0.83696596  -0.03585633
0.85507770  -0.03373025
0.87319109  -0.03129928
0.89130559  -0.02850309
0.90942079  -0.02527612
0.92753640  -0.02154747
0.94565221  -0.01724065
0.96376812  -0.01227349
0.98188406  -0.00655796
1.00000000  0.00000000
