NN1340
1.00000000  0.00000000
0.98188406  0.00950866
0.96376812  0.01881599
0.94565221  0.02792005
0.92753640  0.03681847
0.90942079  0.04550844
0.89130559  0.05398679
0.87319109  0.06224997
0.85507770  0.07029409
0.83696596  0.07811499
0.81885656  0.08570817
0.80075038  0.09306894
0.78264847  0.10019233
0.76455210  0.10707319
0.74646278  0.11370620
0.72838225  0.12008589
0.71031254  0.12620666
0.69225594  0.13206283
0.67421508  0.13764862
0.65619289  0.14295825
0.63819266  0.14798589
0.62021803  0.15272575
0.60227305  0.15717205
0.58436214  0.16131910
0.56649016  0.16516129
0.54866242  0.16869311
0.53088467  0.17190924
0.51316314  0.17480448
0.49550459  0.17737386
0.47791625  0.17961262
0.46040593  0.18151626
0.44298198  0.18308056
0.42565331  0.18430158
0.40842945  0.18517573
0.39132052  0.18569979
0.37433730  0.18587089
0.35749120  0.18568659
0.34079431  0.18514489
0.32425942  0.18424425
0.30790000  0.18298362
0.29173028  0.18136245
0.27576522  0.17938077
0.26002056  0.17703914
0.24451281  0.17433874
0.22925931  0.17128137
0.21427820  0.16786947
0.19958848  0.16410617
0.18521000  0.15999529
0.17116350  0.15554138
0.15747063  0.15074977
0.14415394  0.14562654
0.13123695  0.14017859
0.11874410  0.13441366
0.10670084  0.12834035
0.09513360  0.12196815
0.08406985  0.11530747
0.07353805  0.10836965
0.06356777  0.10116700
0.05418962  0.09371285
0.04543531  0.08602151
0.03733766  0.07810837
0.02993063  0.06998988
0.02324933  0.06168361
0.01733003  0.05320823
0.01221019  0.04458359
0.00792850  0.03583070
0.00452485  0.02697181
0.00204040  0.01803036
0.00051754  0.00903109
0.00000000  0.00000000
0.00000000  0.00000000
0.00051754  -0.01210643
0.00204040  -0.02264426
0.00452485  -0.03173148
0.00792850  -0.03948012
0.01221019  -0.04599635
0.01733003  -0.05138074
0.02324933  -0.05572834
0.02993063  -0.05912889
0.03733766  -0.06166695
0.04543531  -0.06342209
0.05418962  -0.06446905
0.06356777  -0.06487788
0.07353805  -0.06471413
0.08406985  -0.06403899
0.09513360  -0.06290948
0.10670084  -0.06137858
0.11874410  -0.05949542
0.13123695  -0.05730544
0.14415394  -0.05485051
0.15747063  -0.05216917
0.17116350  -0.04929673
0.18521000  -0.04626546
0.19958848  -0.04310473
0.21427820  -0.03984122
0.22925931  -0.03649902
0.24451281  -0.03309985
0.26002056  -0.02966318
0.27576522  -0.02620642
0.29173028  -0.02274507
0.30790000  -0.01929289
0.32425942  -0.01586205
0.34079431  -0.01246331
0.35749120  -0.00910618
0.37433730  -0.00579906
0.39132052  -0.00254944
0.40842945  0.00063598
0.42565331  0.00375107
0.44298198  0.00679019
0.46040593  0.00974793
0.47791625  0.01261902
0.49550459  0.01539814
0.51316314  0.01807977
0.53088467  0.02065799
0.54866242  0.02312637
0.56649016  0.02547777
0.58436214  0.02770419
0.60227305  0.02979661
0.62021803  0.03174482
0.63819266  0.03353725
0.65619289  0.03516084
0.67421508  0.03660085
0.69225594  0.03784067
0.71031254  0.03886173
0.72838225  0.03964328
0.74646278  0.04016223
0.76455210  0.04039303
0.78264847  0.04030745
0.80075038  0.03987446
0.81885656  0.03906005
0.83696596  0.03782707
0.85507770  0.03613506
0.87319109  0.03394009
0.89130559  0.03119462
0.90942079  0.02784730
0.92753640  0.02384283
0.94565221  0.01912180
0.96376812  0.01362051
0.98188406  0.00727083
1.00000000  0.00000000
