NN1406
1.00000000  0.00000000
0.98188406  0.01429995
0.96376812  0.02826459
0.94565221  0.04187684
0.92753640  0.05512000
0.90942079  0.06797776
0.89130559  0.08043422
0.87319109  0.09247397
0.85507770  0.10408208
0.83696596  0.11524417
0.81885656  0.12594642
0.80075038  0.13617559
0.78264847  0.14591910
0.76455210  0.15516502
0.74646278  0.16390214
0.72838225  0.17211997
0.71031254  0.17980880
0.69225594  0.18695970
0.67421508  0.19356461
0.65619289  0.19961631
0.63819266  0.20510852
0.62021803  0.21003587
0.60227305  0.21439397
0.58436214  0.21817945
0.56649016  0.22138995
0.54866242  0.22402422
0.53088467  0.22608211
0.51316314  0.22756458
0.49550459  0.22847382
0.47791625  0.22881318
0.46040593  0.22858730
0.44298198  0.22780205
0.42565331  0.22646465
0.40842945  0.22458365
0.39132052  0.22216898
0.37433730  0.21923200
0.35749120  0.21578548
0.34079431  0.21184371
0.32425942  0.20742248
0.30790000  0.20253913
0.29173028  0.19721259
0.27576522  0.19146339
0.26002056  0.18531372
0.24451281  0.17878747
0.22925931  0.17191023
0.21427820  0.16470934
0.19958848  0.15721395
0.18521000  0.14945502
0.17116350  0.14146534
0.15747063  0.13327963
0.14415394  0.12493450
0.13123695  0.11646854
0.11874410  0.10792231
0.10670084  0.09933840
0.09513360  0.09076147
0.08406985  0.08223827
0.07353805  0.07381765
0.06356777  0.06555065
0.05418962  0.05749050
0.04543531  0.04969263
0.03733766  0.04221478
0.02993063  0.03511693
0.02324933  0.02846144
0.01733003  0.02231300
0.01221019  0.01673871
0.00792850  0.01180810
0.00452485  0.00759315
0.00204040  0.00416838
0.00051754  0.00161080
0.00000000  0.00000000
0.00000000  0.00000000
0.00051754  -0.01120318
0.00204040  -0.02199421
0.00452485  -0.03236976
0.00792850  -0.04232629
0.01221019  -0.05186010
0.01733003  -0.06096734
0.02324933  -0.06964414
0.02993063  -0.07788659
0.03733766  -0.08569080
0.04543531  -0.09305299
0.05418962  -0.09996948
0.06356777  -0.10643678
0.07353805  -0.11245165
0.08406985  -0.11801109
0.09513360  -0.12311247
0.10670084  -0.12775349
0.11874410  -0.13193231
0.13123695  -0.13564756
0.14415394  -0.13889839
0.15747063  -0.14168452
0.17116350  -0.14400629
0.18521000  -0.14586473
0.19958848  -0.14726158
0.21427820  -0.14819935
0.22925931  -0.14868136
0.24451281  -0.14871184
0.26002056  -0.14829588
0.27576522  -0.14743960
0.29173028  -0.14615008
0.30790000  -0.14443550
0.32425942  -0.14230516
0.34079431  -0.13976951
0.35749120  -0.13684021
0.37433730  -0.13353020
0.39132052  -0.12985373
0.40842945  -0.12582641
0.42565331  -0.12146525
0.44298198  -0.11678874
0.46040593  -0.11181686
0.47791625  -0.10657119
0.49550459  -0.10107486
0.51316314  -0.09535271
0.53088467  -0.08943125
0.54866242  -0.08333878
0.56649016  -0.07710538
0.58436214  -0.07076299
0.60227305  -0.06434548
0.62021803  -0.05788863
0.63819266  -0.05143026
0.65619289  -0.04501022
0.67421508  -0.03867049
0.69225594  -0.03245516
0.71031254  -0.02641056
0.72838225  -0.02058525
0.74646278  -0.01503008
0.76455210  -0.00979828
0.78264847  -0.00494543
0.80075038  -0.00052962
0.81885656  0.00338863
0.83696596  0.00674621
0.85507770  0.00947743
0.87319109  0.01151396
0.89130559  0.01278476
0.90942079  0.01321607
0.92753640  0.01273132
0.94565221  0.01125111
0.96376812  0.00869314
0.98188406  0.00497218
1.00000000  0.00000000
