NN14872
1.00000000  0.00000000
0.98188406  0.01086141
0.96376812  0.02077886
0.94565221  0.02980226
0.92753640  0.03797987
0.90942079  0.04535832
0.89130559  0.05198267
0.87319109  0.05789641
0.85507770  0.06314147
0.83696596  0.06775828
0.81885656  0.07178574
0.80075038  0.07526131
0.78264847  0.07822100
0.76455210  0.08069936
0.74646278  0.08272958
0.72838225  0.08434344
0.71031254  0.08557139
0.69225594  0.08644254
0.67421508  0.08698470
0.65619289  0.08722439
0.63819266  0.08718687
0.62021803  0.08689618
0.60227305  0.08637514
0.58436214  0.08564538
0.56649016  0.08472738
0.54866242  0.08364048
0.53088467  0.08240289
0.51316314  0.08103175
0.49550459  0.07954311
0.47791625  0.07795200
0.46040593  0.07627243
0.44298198  0.07451739
0.42565331  0.07269892
0.40842945  0.07082812
0.39132052  0.06891515
0.37433730  0.06696927
0.35749120  0.06499888
0.34079431  0.06301151
0.32425942  0.06101388
0.30790000  0.05901190
0.29173028  0.05701069
0.27576522  0.05501463
0.26002056  0.05302736
0.24451281  0.05105181
0.22925931  0.04909023
0.21427820  0.04714421
0.19958848  0.04521469
0.18521000  0.04330203
0.17116350  0.04140597
0.15747063  0.03952570
0.14415394  0.03765987
0.13123695  0.03580659
0.11874410  0.03396352
0.10670084  0.03212782
0.09513360  0.03029620
0.08406985  0.02846497
0.07353805  0.02663004
0.06356777  0.02478694
0.05418962  0.02293084
0.04543531  0.02105660
0.03733766  0.01915878
0.02993063  0.01723165
0.02324933  0.01526924
0.01733003  0.01326533
0.01221019  0.01121352
0.00792850  0.00910721
0.00452485  0.00693964
0.00204040  0.00470393
0.00051754  0.00239308
0.00000000  0.00000000
0.00000000  0.00000000
0.00051754  -0.00749723
0.00204040  -0.01428851
0.00452485  -0.02041328
0.00792850  -0.02591013
0.01221019  -0.03081674
0.01733003  -0.03516986
0.02324933  -0.03900537
0.02993063  -0.04235816
0.03733766  -0.04526221
0.04543531  -0.04775050
0.05418962  -0.04985504
0.06356777  -0.05160686
0.07353805  -0.05303594
0.08406985  -0.05417125
0.09513360  -0.05504073
0.10670084  -0.05567125
0.11874410  -0.05608860
0.13123695  -0.05631748
0.14415394  -0.05638150
0.15747063  -0.05630315
0.17116350  -0.05610377
0.18521000  -0.05580356
0.19958848  -0.05542157
0.21427820  -0.05497565
0.22925931  -0.05448247
0.24451281  -0.05395747
0.26002056  -0.05341488
0.27576522  -0.05286770
0.29173028  -0.05232766
0.30790000  -0.05180522
0.32425942  -0.05130956
0.34079431  -0.05084856
0.35749120  -0.05042879
0.37433730  -0.05005547
0.39132052  -0.04973249
0.40842945  -0.04946238
0.42565331  -0.04924629
0.44298198  -0.04908398
0.46040593  -0.04897380
0.47791625  -0.04891269
0.49550459  -0.04889614
0.51316314  -0.04891819
0.53088467  -0.04897142
0.54866242  -0.04904693
0.56649016  -0.04913432
0.58436214  -0.04922168
0.60227305  -0.04929556
0.62021803  -0.04934099
0.63819266  -0.04934142
0.65619289  -0.04927875
0.67421508  -0.04913328
0.69225594  -0.04888370
0.71031254  -0.04850710
0.72838225  -0.04797892
0.74646278  -0.04727297
0.76455210  -0.04636138
0.78264847  -0.04521461
0.80075038  -0.04380143
0.81885656  -0.04208890
0.83696596  -0.04004234
0.85507770  -0.03762536
0.87319109  -0.03479980
0.89130559  -0.03152573
0.90942079  -0.02776144
0.92753640  -0.02346342
0.94565221  -0.01858634
0.96376812  -0.01308305
0.98188406  -0.00690456
1.00000000  0.00000000
