NN1414
1.00000000  0.00000000
0.98188406  0.01409470
0.96376812  0.02790607
0.94565221  0.04141469
0.92753640  0.05460186
0.90942079  0.06744960
0.89130559  0.07994066
0.87319109  0.09205851
0.85507770  0.10378741
0.83696596  0.11511232
0.81885656  0.12601900
0.80075038  0.13649396
0.78264847  0.14652452
0.76455210  0.15609875
0.74646278  0.16520555
0.72838225  0.17383458
0.71031254  0.18197637
0.69225594  0.18962222
0.67421508  0.19676428
0.65619289  0.20339554
0.63819266  0.20950984
0.62021803  0.21510185
0.60227305  0.22016713
0.58436214  0.22470210
0.56649016  0.22870404
0.54866242  0.23217114
0.53088467  0.23510249
0.51316314  0.23749806
0.49550459  0.23935875
0.47791625  0.24068636
0.46040593  0.24148365
0.44298198  0.24175429
0.42565331  0.24150290
0.40842945  0.24073505
0.39132052  0.23945729
0.37433730  0.23767712
0.35749120  0.23540303
0.34079431  0.23264448
0.32425942  0.22941194
0.30790000  0.22571688
0.29173028  0.22157178
0.27576522  0.21699013
0.26002056  0.21198646
0.24451281  0.20657633
0.22925931  0.20077634
0.21427820  0.19460415
0.19958848  0.18807848
0.18521000  0.18121912
0.17116350  0.17404692
0.15747063  0.16658384
0.14415394  0.15885292
0.13123695  0.15087830
0.11874410  0.14268524
0.10670084  0.13430011
0.09513360  0.12575041
0.08406985  0.11706478
0.07353805  0.10827298
0.06356777  0.09940596
0.05418962  0.09049579
0.04543531  0.08157575
0.03733766  0.07268025
0.02993063  0.06384492
0.02324933  0.05510658
0.01733003  0.04650322
0.01221019  0.03807408
0.00792850  0.02985958
0.00452485  0.02190141
0.00204040  0.01424245
0.00051754  0.00692685
0.00000000  0.00000000
0.00000000  0.00000000
0.00051754  -0.01385482
0.00204040  -0.02680095
0.00452485  -0.03886175
0.00792850  -0.05006152
0.01221019  -0.06042543
0.01733003  -0.06997947
0.02324933  -0.07875032
0.02993063  -0.08676531
0.03733766  -0.09405234
0.04543531  -0.10063978
0.05418962  -0.10655642
0.06356777  -0.11183138
0.07353805  -0.11649403
0.08406985  -0.12057392
0.09513360  -0.12410069
0.10670084  -0.12710402
0.11874410  -0.12961352
0.13123695  -0.13165867
0.14415394  -0.13326875
0.15747063  -0.13447272
0.17116350  -0.13529922
0.18521000  -0.13577642
0.19958848  -0.13593199
0.21427820  -0.13579297
0.22925931  -0.13538576
0.24451281  -0.13473600
0.26002056  -0.13386849
0.27576522  -0.13280714
0.29173028  -0.13157486
0.30790000  -0.13019353
0.32425942  -0.12868385
0.34079431  -0.12706533
0.35749120  -0.12535620
0.37433730  -0.12357329
0.39132052  -0.12173200
0.40842945  -0.11984622
0.42565331  -0.11792821
0.44298198  -0.11598857
0.46040593  -0.11403614
0.47791625  -0.11207792
0.49550459  -0.11011901
0.51316314  -0.10816252
0.53088467  -0.10620949
0.54866242  -0.10425882
0.56649016  -0.10230719
0.58436214  -0.10034898
0.60227305  -0.09837622
0.62021803  -0.09637844
0.63819266  -0.09434269
0.65619289  -0.09225339
0.67421508  -0.09009227
0.69225594  -0.08783831
0.71031254  -0.08546767
0.72838225  -0.08295355
0.74646278  -0.08026620
0.76455210  -0.07737278
0.78264847  -0.07423731
0.80075038  -0.07082058
0.81885656  -0.06708007
0.83696596  -0.06296991
0.85507770  -0.05844074
0.87319109  -0.05343968
0.89130559  -0.04791026
0.90942079  -0.04179228
0.92753640  -0.03502181
0.94565221  -0.02753106
0.96376812  -0.01924832
0.98188406  -0.01009789
1.00000000  0.00000000
