NN14972
1.00000000  0.00000000
0.98188406  0.01616470
0.96376812  0.03148444
0.94565221  0.04598777
0.92753640  0.05970181
0.90942079  0.07265236
0.89130559  0.08486389
0.87319109  0.09635961
0.85507770  0.10716155
0.83696596  0.11729058
0.81885656  0.12676648
0.80075038  0.13560798
0.78264847  0.14383284
0.76455210  0.15145786
0.74646278  0.15849897
0.72838225  0.16497125
0.71031254  0.17088903
0.69225594  0.17626587
0.67421508  0.18111470
0.65619289  0.18544779
0.63819266  0.18927688
0.62021803  0.19261315
0.60227305  0.19546734
0.58436214  0.19784978
0.56649016  0.19977043
0.54866242  0.20123895
0.53088467  0.20226474
0.51316314  0.20285699
0.49550459  0.20302477
0.47791625  0.20277702
0.46040593  0.20212265
0.44298198  0.20107058
0.42565331  0.19962979
0.40842945  0.19780937
0.39132052  0.19561857
0.37433730  0.19306687
0.35749120  0.19016402
0.34079431  0.18692008
0.32425942  0.18334550
0.30790000  0.17945115
0.29173028  0.17524839
0.27576522  0.17074910
0.26002056  0.16596576
0.24451281  0.16091147
0.22925931  0.15560004
0.21427820  0.15004601
0.19958848  0.14426473
0.18521000  0.13827239
0.17116350  0.13208607
0.15747063  0.12572383
0.14415394  0.11920471
0.13123695  0.11254882
0.11874410  0.10577739
0.10670084  0.09891279
0.09513360  0.09197864
0.08406985  0.08499979
0.07353805  0.07800244
0.06356777  0.07101416
0.05418962  0.06406393
0.04543531  0.05718223
0.03733766  0.05040106
0.02993063  0.04375399
0.02324933  0.03727626
0.01733003  0.03100477
0.01221019  0.02497818
0.00792850  0.01923693
0.00452485  0.01382331
0.00204040  0.00878152
0.00051754  0.00415770
0.00000000  0.00000000
0.00000000  0.00000000
0.00051754  -0.00234220
0.00204040  -0.00505790
0.00452485  -0.00810760
0.00792850  -0.01145364
0.01221019  -0.01506011
0.01733003  -0.01889281
0.02324933  -0.02291921
0.02993063  -0.02710841
0.03733766  -0.03143107
0.04543531  -0.03585938
0.05418962  -0.04036701
0.06356777  -0.04492904
0.07353805  -0.04952197
0.08406985  -0.05412360
0.09513360  -0.05871303
0.10670084  -0.06327061
0.11874410  -0.06777786
0.13123695  -0.07221747
0.14415394  -0.07657321
0.15747063  -0.08082991
0.17116350  -0.08497339
0.18521000  -0.08899043
0.19958848  -0.09286873
0.21427820  -0.09659683
0.22925931  -0.10016411
0.24451281  -0.10356067
0.26002056  -0.10677738
0.27576522  -0.10980573
0.29173028  -0.11263788
0.30790000  -0.11526653
0.32425942  -0.11768492
0.34079431  -0.11988678
0.35749120  -0.12186624
0.37433730  -0.12361785
0.39132052  -0.12513649
0.40842945  -0.12641731
0.42565331  -0.12745573
0.44298198  -0.12824734
0.46040593  -0.12878790
0.47791625  -0.12907325
0.49550459  -0.12909929
0.51316314  -0.12886194
0.53088467  -0.12835705
0.54866242  -0.12758041
0.56649016  -0.12652764
0.58436214  -0.12519420
0.60227305  -0.12357531
0.62021803  -0.12166591
0.63819266  -0.11946061
0.65619289  -0.11695365
0.67421508  -0.11413883
0.69225594  -0.11100952
0.71031254  -0.10755853
0.72838225  -0.10377812
0.74646278  -0.09965995
0.76455210  -0.09519501
0.78264847  -0.09037358
0.80075038  -0.08518519
0.81885656  -0.07961855
0.83696596  -0.07366156
0.85507770  -0.06730118
0.87319109  -0.06052345
0.89130559  -0.05331342
0.90942079  -0.04565507
0.92753640  -0.03753133
0.94565221  -0.02892398
0.96376812  -0.01981361
0.98188406  -0.01017958
1.00000000  0.00000000
