NN1446
1.00000000  0.00000000
0.98188406  0.01274037
0.96376812  0.02470661
0.94565221  0.03596271
0.92753640  0.04656757
0.90942079  0.05657517
0.89130559  0.06603481
0.87319109  0.07499120
0.85507770  0.08348469
0.83696596  0.09155145
0.81885656  0.09922360
0.80075038  0.10652942
0.78264847  0.11349353
0.76455210  0.12013704
0.74646278  0.12647776
0.72838225  0.13253034
0.71031254  0.13830646
0.69225594  0.14381500
0.67421508  0.14906225
0.65619289  0.15405203
0.63819266  0.15878591
0.62021803  0.16326335
0.60227305  0.16748192
0.58436214  0.17143743
0.56649016  0.17512413
0.54866242  0.17853489
0.53088467  0.18166135
0.51316314  0.18449413
0.49550459  0.18702298
0.47791625  0.18923696
0.46040593  0.19112462
0.44298198  0.19267419
0.42565331  0.19387371
0.40842945  0.19471127
0.39132052  0.19517512
0.37433730  0.19525390
0.35749120  0.19493678
0.34079431  0.19421365
0.32425942  0.19307530
0.30790000  0.19151358
0.29173028  0.18952159
0.27576522  0.18709385
0.26002056  0.18422648
0.24451281  0.18091737
0.22925931  0.17716634
0.21427820  0.17297535
0.19958848  0.16834867
0.18521000  0.16329301
0.17116350  0.15781776
0.15747063  0.15193512
0.14415394  0.14566029
0.13123695  0.13901165
0.11874410  0.13201093
0.10670084  0.12468340
0.09513360  0.11705800
0.08406985  0.10916759
0.07353805  0.10104906
0.06356777  0.09274352
0.05418962  0.08429651
0.04543531  0.07575814
0.03733766  0.06718327
0.02993063  0.05863169
0.02324933  0.05016832
0.01733003  0.04186334
0.01221019  0.03379239
0.00792850  0.02603676
0.00452485  0.01868353
0.00204040  0.01182578
0.00051754  0.00556275
0.00000000  0.00000000
0.00000000  0.00000000
0.00051754  -0.00931443
0.00204040  -0.01809555
0.00452485  -0.02636433
0.00792850  -0.03414086
0.01221019  -0.04144436
0.01733003  -0.04829323
0.02324933  -0.05470504
0.02993063  -0.06069661
0.03733766  -0.06628395
0.04543531  -0.07148237
0.05418962  -0.07630645
0.06356777  -0.08077009
0.07353805  -0.08488653
0.08406985  -0.08866834
0.09513360  -0.09212752
0.10670084  -0.09527544
0.11874410  -0.09812292
0.13123695  -0.10068023
0.14415394  -0.10295714
0.15747063  -0.10496291
0.17116350  -0.10670632
0.18521000  -0.10819572
0.19958848  -0.10943905
0.21427820  -0.11044382
0.22925931  -0.11121720
0.24451281  -0.11176600
0.26002056  -0.11209669
0.27576522  -0.11221547
0.29173028  -0.11212825
0.30790000  -0.11184067
0.32425942  -0.11135818
0.34079431  -0.11068601
0.35749120  -0.10982920
0.37433730  -0.10879266
0.39132052  -0.10758115
0.40842945  -0.10619934
0.42565331  -0.10465181
0.44298198  -0.10294309
0.46040593  -0.10107767
0.47791625  -0.09906004
0.49550459  -0.09689471
0.51316314  -0.09458621
0.53088467  -0.09213916
0.54866242  -0.08955826
0.56649016  -0.08684832
0.58436214  -0.08401429
0.60227305  -0.08106129
0.62021803  -0.07799461
0.63819266  -0.07481977
0.65619289  -0.07154251
0.67421508  -0.06816885
0.69225594  -0.06470507
0.71031254  -0.06115777
0.72838225  -0.05753388
0.74646278  -0.05384070
0.76455210  -0.05008590
0.78264847  -0.04627754
0.80075038  -0.04242414
0.81885656  -0.03853465
0.83696596  -0.03461852
0.85507770  -0.03068569
0.87319109  -0.02674662
0.89130559  -0.02281234
0.90942079  -0.01889445
0.92753640  -0.01500514
0.94565221  -0.01115722
0.96376812  -0.00736419
0.98188406  -0.00364016
1.00000000  0.00000000
