NN14936
1.00000000  0.00000000
0.98188406  0.01480484
0.96376812  0.02857539
0.94565221  0.04137449
0.92753640  0.05326180
0.90942079  0.06429391
0.89130559  0.07452440
0.87319109  0.08400392
0.85507770  0.09278025
0.83696596  0.10089839
0.81885656  0.10840066
0.80075038  0.11532670
0.78264847  0.12171362
0.76455210  0.12759606
0.74646278  0.13300621
0.72838225  0.13797397
0.71031254  0.14252697
0.69225594  0.14669064
0.67421508  0.15048831
0.65619289  0.15394130
0.63819266  0.15706894
0.62021803  0.15988869
0.60227305  0.16241622
0.58436214  0.16466545
0.56649016  0.16664863
0.54866242  0.16837645
0.53088467  0.16985808
0.51316314  0.17110127
0.49550459  0.17211241
0.47791625  0.17289659
0.46040593  0.17345772
0.44298198  0.17379855
0.42565331  0.17392080
0.40842945  0.17382518
0.39132052  0.17351152
0.37433730  0.17297880
0.35749120  0.17222525
0.34079431  0.17124842
0.32425942  0.17004524
0.30790000  0.16861213
0.29173028  0.16694504
0.27576522  0.16503953
0.26002056  0.16289087
0.24451281  0.16049409
0.22925931  0.15784406
0.21427820  0.15493558
0.19958848  0.15176343
0.18521000  0.14832247
0.17116350  0.14460770
0.15747063  0.14061433
0.14415394  0.13633787
0.13123695  0.13177421
0.11874410  0.12691966
0.10670084  0.12177107
0.09513360  0.11632587
0.08406985  0.11058216
0.07353805  0.10453880
0.06356777  0.09819544
0.05418962  0.09155266
0.04543531  0.08461197
0.03733766  0.07737596
0.02993063  0.06984831
0.02324933  0.06203391
0.01733003  0.05393892
0.01221019  0.04557083
0.00792850  0.03693857
0.00452485  0.02805254
0.00204040  0.01892474
0.00051754  0.00956877
0.00000000  0.00000000
0.00000000  0.00000000
0.00051754  -0.01147942
0.00204040  -0.02164067
0.00452485  -0.03058326
0.00792850  -0.03840128
0.01221019  -0.04518356
0.01733003  -0.05101386
0.02324933  -0.05597095
0.02993063  -0.06012888
0.03733766  -0.06355701
0.04543531  -0.06632029
0.05418962  -0.06847931
0.06356777  -0.07009053
0.07353805  -0.07120640
0.08406985  -0.07187555
0.09513360  -0.07214291
0.10670084  -0.07204987
0.11874410  -0.07163449
0.13123695  -0.07093157
0.14415394  -0.06997289
0.15747063  -0.06878732
0.17116350  -0.06740098
0.18521000  -0.06583742
0.19958848  -0.06411776
0.21427820  -0.06226084
0.22925931  -0.06028340
0.24451281  -0.05820021
0.26002056  -0.05602425
0.27576522  -0.05376686
0.29173028  -0.05143788
0.30790000  -0.04904585
0.32425942  -0.04659811
0.34079431  -0.04410100
0.35749120  -0.04156001
0.37433730  -0.03897992
0.39132052  -0.03636497
0.40842945  -0.03371902
0.42565331  -0.03104568
0.44298198  -0.02834853
0.46040593  -0.02563119
0.47791625  -0.02289755
0.49550459  -0.02015190
0.51316314  -0.01739908
0.53088467  -0.01464464
0.54866242  -0.01189500
0.56649016  -0.00915763
0.58436214  -0.00644116
0.60227305  -0.00375557
0.62021803  -0.00111234
0.63819266  0.00147538
0.65619289  0.00399265
0.67421508  0.00642255
0.69225594  0.00874603
0.71031254  0.01094175
0.72838225  0.01298594
0.74646278  0.01485223
0.76455210  0.01651148
0.78264847  0.01793166
0.80075038  0.01907764
0.81885656  0.01991110
0.83696596  0.02039030
0.85507770  0.02046999
0.87319109  0.02010119
0.89130559  0.01923109
0.90942079  0.01780286
0.92753640  0.01575549
0.94565221  0.01302367
0.96376812  0.00953758
0.98188406  0.00522278
1.00000000  0.00000000
