NN14322
1.00000000  0.00000000
0.98188406  0.00669597
0.96376812  0.01353536
0.94565221  0.02048467
0.92753640  0.02751197
0.90942079  0.03458689
0.89130559  0.04168061
0.87319109  0.04876573
0.85507770  0.05581636
0.83696596  0.06280797
0.81885656  0.06971741
0.80075038  0.07652287
0.78264847  0.08320383
0.76455210  0.08974103
0.74646278  0.09611642
0.72838225  0.10231314
0.71031254  0.10831547
0.69225594  0.11410880
0.67421508  0.11967960
0.65619289  0.12501536
0.63819266  0.13010456
0.62021803  0.13493666
0.60227305  0.13950201
0.58436214  0.14379188
0.56649016  0.14779835
0.54866242  0.15151433
0.53088467  0.15493351
0.51316314  0.15805028
0.49550459  0.16085976
0.47791625  0.16335770
0.46040593  0.16554051
0.44298198  0.16740515
0.42565331  0.16894915
0.40842945  0.17017052
0.39132052  0.17106778
0.37433730  0.17163985
0.35749120  0.17188608
0.34079431  0.17180616
0.32425942  0.17140011
0.30790000  0.17066822
0.29173028  0.16961106
0.27576522  0.16822938
0.26002056  0.16652412
0.24451281  0.16449636
0.22925931  0.16214726
0.21427820  0.15947806
0.19958848  0.15649001
0.18521000  0.15318436
0.17116350  0.14956230
0.15747063  0.14562494
0.14415394  0.14137326
0.13123695  0.13680807
0.11874410  0.13192999
0.10670084  0.12673940
0.09513360  0.12123641
0.08406985  0.11542081
0.07353805  0.10929204
0.06356777  0.10284917
0.05418962  0.09609082
0.04543531  0.08901517
0.03733766  0.08161989
0.02993063  0.07390211
0.02324933  0.06585841
0.01733003  0.05748472
0.01221019  0.04877636
0.00792850  0.03972794
0.00452485  0.03033337
0.00204040  0.02058577
0.00051754  0.01047748
0.00000000  0.00000000
0.00000000  0.00000000
0.00051754  -0.00765423
0.00204040  -0.01497236
0.00452485  -0.02195474
0.00792850  -0.02860164
0.01221019  -0.03491322
0.01733003  -0.04088959
0.02324933  -0.04653085
0.02993063  -0.05183709
0.03733766  -0.05680844
0.04543531  -0.06144511
0.05418962  -0.06574740
0.06356777  -0.06971574
0.07353805  -0.07335071
0.08406985  -0.07665309
0.09513360  -0.07962388
0.10670084  -0.08226431
0.11874410  -0.08457590
0.13123695  -0.08656050
0.14415394  -0.08822026
0.15747063  -0.08955773
0.17116350  -0.09057585
0.18521000  -0.09127799
0.19958848  -0.09166798
0.21427820  -0.09175014
0.22925931  -0.09152931
0.24451281  -0.09101089
0.26002056  -0.09020085
0.27576522  -0.08910578
0.29173028  -0.08773290
0.30790000  -0.08609011
0.32425942  -0.08418602
0.34079431  -0.08202996
0.35749120  -0.07963203
0.37433730  -0.07700311
0.39132052  -0.07415492
0.40842945  -0.07110002
0.42565331  -0.06785186
0.44298198  -0.06442481
0.46040593  -0.06083417
0.47791625  -0.05709623
0.49550459  -0.05322826
0.51316314  -0.04924859
0.53088467  -0.04517660
0.54866242  -0.04103278
0.56649016  -0.03683871
0.58436214  -0.03261718
0.60227305  -0.02839212
0.62021803  -0.02418869
0.63819266  -0.02003330
0.65619289  -0.01595363
0.67421508  -0.01197868
0.69225594  -0.00813877
0.71031254  -0.00446560
0.72838225  -0.00099225
0.74646278  0.00224675
0.76455210  0.00521543
0.78264847  0.00787632
0.80075038  0.01019045
0.81885656  0.01211728
0.83696596  0.01361470
0.85507770  0.01463899
0.87319109  0.01514481
0.89130559  0.01508512
0.90942079  0.01441120
0.92753640  0.01307259
0.94565221  0.01101709
0.96376812  0.00819068
0.98188406  0.00453754
1.00000000  0.00000000
