NN15700
1.00000000  0.00000000
0.98188406  0.00447301
0.96376812  0.00855795
0.94565221  0.01231655
0.92753640  0.01580505
0.90942079  0.01907443
0.89130559  0.02217057
0.87319109  0.02513445
0.85507770  0.02800232
0.83696596  0.03080590
0.81885656  0.03357257
0.80075038  0.03632556
0.78264847  0.03908408
0.76455210  0.04186361
0.74646278  0.04467598
0.72838225  0.04752962
0.71031254  0.05042975
0.69225594  0.05337852
0.67421508  0.05637521
0.65619289  0.05941648
0.63819266  0.06249644
0.62021803  0.06560696
0.60227305  0.06873774
0.58436214  0.07187661
0.56649016  0.07500960
0.54866242  0.07812124
0.53088467  0.08119465
0.51316314  0.08421178
0.49550459  0.08715360
0.47791625  0.09000025
0.46040593  0.09273124
0.44298198  0.09532566
0.42565331  0.09776234
0.40842945  0.10002005
0.39132052  0.10207767
0.37433730  0.10391438
0.35749120  0.10550987
0.34079431  0.10684451
0.32425942  0.10789952
0.30790000  0.10865717
0.29173028  0.10910098
0.27576522  0.10921588
0.26002056  0.10898843
0.24451281  0.10840695
0.22925931  0.10746178
0.21427820  0.10614541
0.19958848  0.10445267
0.18521000  0.10238096
0.17116350  0.09993038
0.15747063  0.09710395
0.14415394  0.09390779
0.13123695  0.09035132
0.11874410  0.08644739
0.10670084  0.08221256
0.09513360  0.07766718
0.08406985  0.07283567
0.07353805  0.06774664
0.06356777  0.06243311
0.05418962  0.05693269
0.04543531  0.05128776
0.03733766  0.04554567
0.02993063  0.03975889
0.02324933  0.03398525
0.01733003  0.02828808
0.01221019  0.02273642
0.00792850  0.01740521
0.00452485  0.01237545
0.00204040  0.00773441
0.00051754  0.00357581
0.00000000  0.00000000
0.00000000  0.00000000
0.00051754  -0.00805786
0.00204040  -0.01606816
0.00452485  -0.02397483
0.00792850  -0.03172666
0.01221019  -0.03927710
0.01733003  -0.04658419
0.02324933  -0.05361033
0.02993063  -0.06032217
0.03733766  -0.06669045
0.04543531  -0.07268984
0.05418962  -0.07829882
0.06356777  -0.08349948
0.07353805  -0.08827742
0.08406985  -0.09262156
0.09513360  -0.09652402
0.10670084  -0.09997995
0.11874410  -0.10298737
0.13123695  -0.10554705
0.14415394  -0.10766234
0.15747063  -0.10933900
0.17116350  -0.11058511
0.18521000  -0.11141085
0.19958848  -0.11182837
0.21427820  -0.11185169
0.22925931  -0.11149647
0.24451281  -0.11077990
0.26002056  -0.10972057
0.27576522  -0.10833827
0.29173028  -0.10665387
0.30790000  -0.10468918
0.32425942  -0.10246676
0.34079431  -0.10000981
0.35749120  -0.09734199
0.37433730  -0.09448727
0.39132052  -0.09146981
0.40842945  -0.08831379
0.42565331  -0.08504324
0.44298198  -0.08168192
0.46040593  -0.07825315
0.47791625  -0.07477967
0.49550459  -0.07128348
0.51316314  -0.06778570
0.53088467  -0.06430641
0.54866242  -0.06086449
0.56649016  -0.05747751
0.58436214  -0.05416152
0.60227305  -0.05093096
0.62021803  -0.04779845
0.63819266  -0.04477469
0.65619289  -0.04186828
0.67421508  -0.03908557
0.69225594  -0.03643052
0.71031254  -0.03390456
0.72838225  -0.03150640
0.74646278  -0.02923193
0.76455210  -0.02707402
0.78264847  -0.02502239
0.80075038  -0.02306349
0.81885656  -0.02118030
0.83696596  -0.01935219
0.85507770  -0.01755480
0.87319109  -0.01575986
0.89130559  -0.01393504
0.90942079  -0.01204382
0.92753640  -0.01004532
0.94565221  -0.00789414
0.96376812  -0.00554026
0.98188406  -0.00292881
1.00000000  0.00000000
