NN15407
1.00000000  0.00000000
0.98188406  0.01307749
0.96376812  0.02488508
0.94565221  0.03553932
0.92753640  0.04514918
0.90942079  0.05381626
0.89130559  0.06163504
0.87319109  0.06869308
0.85507770  0.07507125
0.83696596  0.08084396
0.81885656  0.08607940
0.80075038  0.09083973
0.78264847  0.09518132
0.76455210  0.09915501
0.74646278  0.10280627
0.72838225  0.10617548
0.71031254  0.10929812
0.69225594  0.11220503
0.67421508  0.11492258
0.65619289  0.11747295
0.63819266  0.11987434
0.62021803  0.12214117
0.60227305  0.12428434
0.58436214  0.12631142
0.56649016  0.12822691
0.54866242  0.13003244
0.53088467  0.13172700
0.51316314  0.13330718
0.49550459  0.13476736
0.47791625  0.13609998
0.46040593  0.13729573
0.44298198  0.13834380
0.42565331  0.13923208
0.40842945  0.13994740
0.39132052  0.14047575
0.37433730  0.14080252
0.35749120  0.14091269
0.34079431  0.14079110
0.32425942  0.14042264
0.30790000  0.13979248
0.29173028  0.13888631
0.27576522  0.13769057
0.26002056  0.13619263
0.24451281  0.13438108
0.22925931  0.13224589
0.21427820  0.12977869
0.19958848  0.12697297
0.18521000  0.12382429
0.17116350  0.12033053
0.15747063  0.11649210
0.14415394  0.11231219
0.13123695  0.10779696
0.11874410  0.10295577
0.10670084  0.09780145
0.09513360  0.09235045
0.08406985  0.08662313
0.07353805  0.08064395
0.06356777  0.07444172
0.05418962  0.06804980
0.04543531  0.06150633
0.03733766  0.05485447
0.02993063  0.04814260
0.02324933  0.04142458
0.01733003  0.03475994
0.01221019  0.02821413
0.00792850  0.02185872
0.00452485  0.01577165
0.00204040  0.01003745
0.00051754  0.00474744
0.00000000  0.00000000
0.00000000  0.00000000
0.00051754  -0.01087272
0.00204040  -0.02048228
0.00452485  -0.02890505
0.00792850  -0.03621548
0.01221019  -0.04248611
0.01733003  -0.04778750
0.02324933  -0.05218830
0.02993063  -0.05575517
0.03733766  -0.05855280
0.04543531  -0.06064389
0.05418962  -0.06208915
0.06356777  -0.06294727
0.07353805  -0.06327492
0.08406985  -0.06312674
0.09513360  -0.06255532
0.10670084  -0.06161119
0.11874410  -0.06034283
0.13123695  -0.05879661
0.14415394  -0.05701684
0.15747063  -0.05504571
0.17116350  -0.05292328
0.18521000  -0.05068752
0.19958848  -0.04837423
0.21427820  -0.04601708
0.22925931  -0.04364757
0.24451281  -0.04129502
0.26002056  -0.03898658
0.27576522  -0.03674719
0.29173028  -0.03459961
0.30790000  -0.03256434
0.32425942  -0.03065968
0.34079431  -0.02890168
0.35749120  -0.02730413
0.37433730  -0.02587855
0.39132052  -0.02463421
0.40842945  -0.02357806
0.42565331  -0.02271476
0.44298198  -0.02204666
0.46040593  -0.02157380
0.47791625  -0.02129386
0.49550459  -0.02120219
0.51316314  -0.02129177
0.53088467  -0.02155323
0.54866242  -0.02197478
0.56649016  -0.02254229
0.58436214  -0.02323919
0.60227305  -0.02404649
0.62021803  -0.02494279
0.63819266  -0.02590425
0.65619289  -0.02690457
0.67421508  -0.02791498
0.69225594  -0.02890426
0.71031254  -0.02983869
0.72838225  -0.03068205
0.74646278  -0.03139561
0.76455210  -0.03193813
0.78264847  -0.03226583
0.80075038  -0.03233239
0.81885656  -0.03208893
0.83696596  -0.03148400
0.85507770  -0.03046359
0.87319109  -0.02897108
0.89130559  -0.02694725
0.90942079  -0.02433029
0.92753640  -0.02105573
0.94565221  -0.01705649
0.96376812  -0.01226283
0.98188406  -0.00660236
1.00000000  0.00000000
