NN15488
1.00000000  0.00000000
0.98188406  0.01312665
0.96376812  0.02563388
0.94565221  0.03755640
0.92753640  0.04892635
0.90942079  0.05977345
0.89130559  0.07012503
0.87319109  0.08000613
0.85507770  0.08943957
0.83696596  0.09844605
0.81885656  0.10704424
0.80075038  0.11525082
0.78264847  0.12308061
0.76455210  0.13054661
0.74646278  0.13766013
0.72838225  0.14443083
0.71031254  0.15086681
0.69225594  0.15697473
0.67421508  0.16275982
0.65619289  0.16822604
0.63819266  0.17337611
0.62021803  0.17821161
0.60227305  0.18273308
0.58436214  0.18694005
0.56649016  0.19083118
0.54866242  0.19440432
0.53088467  0.19765657
0.51316314  0.20058440
0.49550459  0.20318371
0.47791625  0.20544992
0.46040593  0.20737803
0.44298198  0.20896275
0.42565331  0.21019854
0.40842945  0.21107970
0.39132052  0.21160046
0.37433730  0.21175507
0.35749120  0.21153787
0.34079431  0.21094337
0.32425942  0.20996633
0.30790000  0.20860186
0.29173028  0.20684549
0.27576522  0.20469325
0.26002056  0.20214176
0.24451281  0.19918831
0.22925931  0.19583093
0.21427820  0.19206849
0.19958848  0.18790077
0.18521000  0.18332855
0.17116350  0.17835369
0.15747063  0.17297922
0.14415394  0.16720939
0.13123695  0.16104980
0.11874410  0.15450744
0.10670084  0.14759080
0.09513360  0.14030995
0.08406985  0.13267659
0.07353805  0.12470418
0.06356777  0.11640799
0.05418962  0.10780520
0.04543531  0.09891495
0.03733766  0.08975848
0.02993063  0.08035915
0.02324933  0.07074256
0.01733003  0.06093663
0.01221019  0.05097166
0.00792850  0.04088043
0.00452485  0.03069830
0.00204040  0.02046324
0.00051754  0.01021597
0.00000000  0.00000000
0.00000000  0.00000000
0.00051754  -0.00648798
0.00204040  -0.01224929
0.00452485  -0.01732477
0.00792850  -0.02175440
0.01221019  -0.02557727
0.01733003  -0.02883155
0.02324933  -0.03155451
0.02993063  -0.03378249
0.03733766  -0.03555089
0.04543531  -0.03689418
0.05418962  -0.03784585
0.06356777  -0.03843844
0.07353805  -0.03870350
0.08406985  -0.03867160
0.09513360  -0.03837231
0.10670084  -0.03783418
0.11874410  -0.03708474
0.13123695  -0.03615049
0.14415394  -0.03505690
0.15747063  -0.03382835
0.17116350  -0.03248819
0.18521000  -0.03105868
0.19958848  -0.02956099
0.21427820  -0.02801519
0.22925931  -0.02644027
0.24451281  -0.02485405
0.26002056  -0.02327327
0.27576522  -0.02171350
0.29173028  -0.02018916
0.30790000  -0.01871353
0.32425942  -0.01729868
0.34079431  -0.01595552
0.35749120  -0.01469377
0.37433730  -0.01352193
0.39132052  -0.01244729
0.40842945  -0.01147590
0.42565331  -0.01061260
0.44298198  -0.00986095
0.46040593  -0.00922327
0.47791625  -0.00870060
0.49550459  -0.00829270
0.51316314  -0.00799805
0.53088467  -0.00781380
0.54866242  -0.00773581
0.56649016  -0.00775861
0.58436214  -0.00787539
0.60227305  -0.00807799
0.62021803  -0.00835691
0.63819266  -0.00870125
0.65619289  -0.00909877
0.67421508  -0.00953581
0.69225594  -0.00999733
0.71031254  -0.01046687
0.72838225  -0.01092653
0.74646278  -0.01135702
0.76455210  -0.01173756
0.78264847  -0.01204594
0.80075038  -0.01225850
0.81885656  -0.01235006
0.83696596  -0.01229399
0.85507770  -0.01206215
0.87319109  -0.01162489
0.89130559  -0.01095104
0.90942079  -0.01000791
0.92753640  -0.00876124
0.94565221  -0.00717526
0.96376812  -0.00521261
0.98188406  -0.00283436
1.00000000  0.00000000
