NN15958
1.00000000  0.00000000
0.98188406  0.01627487
0.96376812  0.03132203
0.94565221  0.04519939
0.92753640  0.05796373
0.90942079  0.06967064
0.89130559  0.08037453
0.87319109  0.09012859
0.85507770  0.09898476
0.83696596  0.10699371
0.81885656  0.11420479
0.80075038  0.12066607
0.78264847  0.12642424
0.76455210  0.13152462
0.74646278  0.13601114
0.72838225  0.13992628
0.71031254  0.14331111
0.69225594  0.14620517
0.67421508  0.14864654
0.65619289  0.15067176
0.63819266  0.15231581
0.62021803  0.15361208
0.60227305  0.15459237
0.58436214  0.15528685
0.56649016  0.15572403
0.54866242  0.15593074
0.53088467  0.15593208
0.51316314  0.15575144
0.49550459  0.15541045
0.47791625  0.15492894
0.46040593  0.15432494
0.44298198  0.15361464
0.42565331  0.15281238
0.40842945  0.15193058
0.39132052  0.15097978
0.37433730  0.14996857
0.35749120  0.14890357
0.34079431  0.14778940
0.32425942  0.14662870
0.30790000  0.14542202
0.29173028  0.14416788
0.27576522  0.14286270
0.26002056  0.14150075
0.24451281  0.14007421
0.22925931  0.13857304
0.21427820  0.13698503
0.19958848  0.13529575
0.18521000  0.13348850
0.17116350  0.13154433
0.15747063  0.12944198
0.14415394  0.12715788
0.13123695  0.12466610
0.11874410  0.12193832
0.10670084  0.11894385
0.09513360  0.11564954
0.08406985  0.11201982
0.07353805  0.10801661
0.06356777  0.10359936
0.05418962  0.09872496
0.04543531  0.09334776
0.03733766  0.08741953
0.02993063  0.08088942
0.02324933  0.07370398
0.01733003  0.06580706
0.01221019  0.05713985
0.00792850  0.04764084
0.00452485  0.03724576
0.00204040  0.02588759
0.00051754  0.01349655
0.00000000  0.00000000
0.00000000  0.00000000
0.00051754  -0.00183394
0.00204040  -0.00371312
0.00452485  -0.00561122
0.00792850  -0.00750425
0.01221019  -0.00937048
0.01733003  -0.01119035
0.02324933  -0.01294641
0.02993063  -0.01462324
0.03733766  -0.01620735
0.04543531  -0.01768715
0.05418962  -0.01905281
0.06356777  -0.02029623
0.07353805  -0.02141094
0.08406985  -0.02239204
0.09513360  -0.02323611
0.10670084  -0.02394112
0.11874410  -0.02450639
0.13123695  -0.02493245
0.14415394  -0.02522105
0.15747063  -0.02537500
0.17116350  -0.02539813
0.18521000  -0.02529523
0.19958848  -0.02507191
0.21427820  -0.02473461
0.22925931  -0.02429043
0.24451281  -0.02374715
0.26002056  -0.02311304
0.27576522  -0.02239690
0.29173028  -0.02160788
0.30790000  -0.02075547
0.32425942  -0.01984940
0.34079431  -0.01889955
0.35749120  -0.01791591
0.37433730  -0.01690843
0.39132052  -0.01588705
0.40842945  -0.01486151
0.42565331  -0.01384135
0.44298198  -0.01283580
0.46040593  -0.01185371
0.47791625  -0.01090347
0.49550459  -0.00999294
0.51316314  -0.00912935
0.53088467  -0.00831925
0.54866242  -0.00756843
0.56649016  -0.00688182
0.58436214  -0.00626342
0.60227305  -0.00571624
0.62021803  -0.00524221
0.63819266  -0.00484210
0.65619289  -0.00451543
0.67421508  -0.00426044
0.69225594  -0.00407396
0.71031254  -0.00395134
0.72838225  -0.00388641
0.74646278  -0.00387136
0.76455210  -0.00389668
0.78264847  -0.00395111
0.80075038  -0.00402148
0.81885656  -0.00409274
0.83696596  -0.00414779
0.85507770  -0.00416747
0.87319109  -0.00413044
0.89130559  -0.00401311
0.90942079  -0.00378958
0.92753640  -0.00343155
0.94565221  -0.00290823
0.96376812  -0.00218630
0.98188406  -0.00122978
1.00000000  0.00000000
