NN15185
1.00000000  0.00000000
0.98188406  0.00713873
0.96376812  0.01387512
0.94565221  0.02025873
0.92753640  0.02633439
0.90942079  0.03214236
0.89130559  0.03771847
0.87319109  0.04309434
0.85507770  0.04829753
0.83696596  0.05335174
0.81885656  0.05827693
0.80075038  0.06308957
0.78264847  0.06780275
0.76455210  0.07242638
0.74646278  0.07696738
0.72838225  0.08142981
0.71031254  0.08581511
0.69225594  0.09012222
0.67421508  0.09434775
0.65619289  0.09848621
0.63819266  0.10253014
0.62021803  0.10647029
0.60227305  0.11029580
0.58436214  0.11399438
0.56649016  0.11755249
0.54866242  0.12095547
0.53088467  0.12418779
0.51316314  0.12723316
0.49550459  0.13007471
0.47791625  0.13269523
0.46040593  0.13507724
0.44298198  0.13720327
0.42565331  0.13905596
0.40842945  0.14061826
0.39132052  0.14187361
0.37433730  0.14280610
0.35749120  0.14340068
0.34079431  0.14364328
0.32425942  0.14352101
0.30790000  0.14302237
0.29173028  0.14213736
0.27576522  0.14085769
0.26002056  0.13917697
0.24451281  0.13709085
0.22925931  0.13459721
0.21427820  0.13169634
0.19958848  0.12839110
0.18521000  0.12468712
0.17116350  0.12059293
0.15747063  0.11612020
0.14415394  0.11128384
0.13123695  0.10610224
0.11874410  0.10059739
0.10670084  0.09479511
0.09513360  0.08872516
0.08406985  0.08242149
0.07353805  0.07592234
0.06356777  0.06927047
0.05418962  0.06251329
0.04543531  0.05570309
0.03733766  0.04889716
0.02993063  0.04215798
0.02324933  0.03555342
0.01733003  0.02915690
0.01221019  0.02304753
0.00792850  0.01731035
0.00452485  0.01203644
0.00204040  0.00732314
0.00051754  0.00327421
0.00000000  0.00000000
0.00000000  0.00000000
0.00051754  -0.00624320
0.00204040  -0.01227092
0.00452485  -0.01804729
0.00792850  -0.02354049
0.01221019  -0.02872257
0.01733003  -0.03356939
0.02324933  -0.03806037
0.02993063  -0.04217847
0.03733766  -0.04590997
0.04543531  -0.04924438
0.05418962  -0.05217428
0.06356777  -0.05469519
0.07353805  -0.05680545
0.08406985  -0.05850604
0.09513360  -0.05980051
0.10670084  -0.06069477
0.11874410  -0.06119701
0.13123695  -0.06131755
0.14415394  -0.06106868
0.15747063  -0.06046454
0.17116350  -0.05952101
0.18521000  -0.05825551
0.19958848  -0.05668694
0.21427820  -0.05483547
0.22925931  -0.05272247
0.24451281  -0.05037032
0.26002056  -0.04780231
0.27576522  -0.04504248
0.29173028  -0.04211550
0.30790000  -0.03904652
0.32425942  -0.03586105
0.34079431  -0.03258480
0.35749120  -0.02924359
0.37433730  -0.02586313
0.39132052  -0.02246899
0.40842945  -0.01908637
0.42565331  -0.01574002
0.44298198  -0.01245409
0.46040593  -0.00925196
0.47791625  -0.00615617
0.49550459  -0.00318824
0.51316314  -0.00036852
0.53088467  0.00228392
0.54866242  0.00475140
0.56649016  0.00701784
0.58436214  0.00906884
0.60227305  0.01089182
0.62021803  0.01247619
0.63819266  0.01381343
0.65619289  0.01489730
0.67421508  0.01572390
0.69225594  0.01629188
0.71031254  0.01660250
0.72838225  0.01665984
0.74646278  0.01647088
0.76455210  0.01604567
0.78264847  0.01539745
0.80075038  0.01454279
0.81885656  0.01350173
0.83696596  0.01229790
0.85507770  0.01095871
0.87319109  0.00951540
0.89130559  0.00800325
0.90942079  0.00646169
0.92753640  0.00493441
0.94565221  0.00346955
0.96376812  0.00211981
0.98188406  0.00094255
1.00000000  0.00000000
