NN15289
1.00000000  0.00000000
0.98188406  0.00299436
0.96376812  0.00607170
0.94565221  0.00923511
0.92753640  0.01248613
0.90942079  0.01582485
0.89130559  0.01924999
0.87319109  0.02275893
0.85507770  0.02634779
0.83696596  0.03001151
0.81885656  0.03374392
0.80075038  0.03753777
0.78264847  0.04138484
0.76455210  0.04527599
0.74646278  0.04920123
0.72838225  0.05314977
0.71031254  0.05711013
0.69225594  0.06107015
0.67421508  0.06501710
0.65619289  0.06893774
0.63819266  0.07281836
0.62021803  0.07664490
0.60227305  0.08040295
0.58436214  0.08407789
0.56649016  0.08765487
0.54866242  0.09111899
0.53088467  0.09445524
0.51316314  0.09764869
0.49550459  0.10068445
0.47791625  0.10354781
0.46040593  0.10622429
0.44298198  0.10869968
0.42565331  0.11096013
0.40842945  0.11299224
0.39132052  0.11478307
0.37433730  0.11632025
0.35749120  0.11759204
0.34079431  0.11858740
0.32425942  0.11929604
0.30790000  0.11970848
0.29173028  0.11981618
0.27576522  0.11961153
0.26002056  0.11908794
0.24451281  0.11823995
0.22925931  0.11706324
0.21427820  0.11555473
0.19958848  0.11371262
0.18521000  0.11153651
0.17116350  0.10902741
0.15747063  0.10618782
0.14415394  0.10302183
0.13123695  0.09953515
0.11874410  0.09573520
0.10670084  0.09163116
0.09513360  0.08723404
0.08406985  0.08255677
0.07353805  0.07761424
0.06356777  0.07242339
0.05418962  0.06700323
0.04543531  0.06137499
0.03733766  0.05556210
0.02993063  0.04959031
0.02324933  0.04348775
0.01733003  0.03728498
0.01221019  0.03101508
0.00792850  0.02471368
0.00452485  0.01841908
0.00204040  0.01217228
0.00051754  0.00601705
0.00000000  0.00000000
0.00000000  0.00000000
0.00051754  -0.00498610
0.00204040  -0.00928506
0.00452485  -0.01293287
0.00792850  -0.01596507
0.01221019  -0.01841674
0.01733003  -0.02032247
0.02324933  -0.02171635
0.02993063  -0.02263194
0.03733766  -0.02310225
0.04543531  -0.02315974
0.05418962  -0.02283625
0.06356777  -0.02216304
0.07353805  -0.02117073
0.08406985  -0.01988928
0.09513360  -0.01834798
0.10670084  -0.01657543
0.11874410  -0.01459952
0.13123695  -0.01244741
0.14415394  -0.01014548
0.15747063  -0.00771935
0.17116350  -0.00519385
0.18521000  -0.00259297
0.19958848  0.00006011
0.21427820  0.00274311
0.22925931  0.00543459
0.24451281  0.00811405
0.26002056  0.01076187
0.27576522  0.01335942
0.29173028  0.01588899
0.30790000  0.01833390
0.32425942  0.02067844
0.34079431  0.02290794
0.35749120  0.02500879
0.37433730  0.02696844
0.39132052  0.02877541
0.40842945  0.03041937
0.42565331  0.03189108
0.44298198  0.03318249
0.46040593  0.03428671
0.47791625  0.03519803
0.49550459  0.03591196
0.51316314  0.03642527
0.53088467  0.03673596
0.54866242  0.03684331
0.56649016  0.03674792
0.58436214  0.03645169
0.60227305  0.03595786
0.62021803  0.03527104
0.63819266  0.03439723
0.65619289  0.03334380
0.67421508  0.03211958
0.69225594  0.03073483
0.71031254  0.02920127
0.72838225  0.02753212
0.74646278  0.02574210
0.76455210  0.02384745
0.78264847  0.02186598
0.80075038  0.01981705
0.81885656  0.01772162
0.83696596  0.01560226
0.85507770  0.01348318
0.87319109  0.01139022
0.89130559  0.00935092
0.90942079  0.00739451
0.92753640  0.00555194
0.94565221  0.00385587
0.96376812  0.00234074
0.98188406  0.00104278
1.00000000  0.00000000
