NN15867
1.00000000  0.00000000
0.98188406  0.00229537
0.96376812  0.00488024
0.94565221  0.00771250
0.92753640  0.01075236
0.90942079  0.01396233
0.89130559  0.01730715
0.87319109  0.02075372
0.85507770  0.02427105
0.83696596  0.02783022
0.81885656  0.03140429
0.80075038  0.03496826
0.78264847  0.03849901
0.76455210  0.04197523
0.74646278  0.04537737
0.72838225  0.04868759
0.71031254  0.05188970
0.69225594  0.05496907
0.67421508  0.05791261
0.65619289  0.06070870
0.63819266  0.06334713
0.62021803  0.06581903
0.60227305  0.06811682
0.58436214  0.07023416
0.56649016  0.07216589
0.54866242  0.07390795
0.53088467  0.07545736
0.51316314  0.07681211
0.49550459  0.07797115
0.47791625  0.07893431
0.46040593  0.07970223
0.44298198  0.08027632
0.42565331  0.08065871
0.40842945  0.08085217
0.39132052  0.08086003
0.37433730  0.08068620
0.35749120  0.08033502
0.34079431  0.07981127
0.32425942  0.07912006
0.30790000  0.07826681
0.29173028  0.07725719
0.27576522  0.07609702
0.26002056  0.07479225
0.24451281  0.07334891
0.22925931  0.07177301
0.21427820  0.07007051
0.19958848  0.06824727
0.18521000  0.06630895
0.17116350  0.06426100
0.15747063  0.06210858
0.14415394  0.05985649
0.13123695  0.05750913
0.11874410  0.05507043
0.10670084  0.05254380
0.09513360  0.04993207
0.08406985  0.04723741
0.07353805  0.04446131
0.06356777  0.04160451
0.05418962  0.03866690
0.04543531  0.03564751
0.03733766  0.03254446
0.02993063  0.02935483
0.02324933  0.02607469
0.01733003  0.02269899
0.01221019  0.01922148
0.00792850  0.01563473
0.00452485  0.01193000
0.00204040  0.00809720
0.00051754  0.00412485
0.00000000  0.00000000
0.00000000  0.00000000
0.00051754  -0.01029633
0.00204040  -0.01922069
0.00452485  -0.02689761
0.00792850  -0.03344445
0.01221019  -0.03897157
0.01733003  -0.04358252
0.02324933  -0.04737427
0.02993063  -0.05043739
0.03733766  -0.05285622
0.04543531  -0.05470911
0.05418962  -0.05606859
0.06356777  -0.05700154
0.07353805  -0.05756944
0.08406985  -0.05782854
0.09513360  -0.05783003
0.10670084  -0.05762029
0.11874410  -0.05724102
0.13123695  -0.05672949
0.14415394  -0.05611872
0.15747063  -0.05543765
0.17116350  -0.05471136
0.18521000  -0.05396127
0.19958848  -0.05320533
0.21427820  -0.05245819
0.22925931  -0.05173143
0.24451281  -0.05103374
0.26002056  -0.05037112
0.27576522  -0.04974706
0.29173028  -0.04916276
0.30790000  -0.04861730
0.32425942  -0.04810787
0.34079431  -0.04762991
0.35749120  -0.04717737
0.37433730  -0.04674285
0.39132052  -0.04631784
0.40842945  -0.04589287
0.42565331  -0.04545776
0.44298198  -0.04500175
0.46040593  -0.04451376
0.47791625  -0.04398254
0.49550459  -0.04339688
0.51316314  -0.04274581
0.53088467  -0.04201879
0.54866242  -0.04120591
0.56649016  -0.04029808
0.58436214  -0.03928722
0.60227305  -0.03816647
0.62021803  -0.03693038
0.63819266  -0.03557509
0.65619289  -0.03409856
0.67421508  -0.03250071
0.69225594  -0.03078369
0.71031254  -0.02895199
0.72838225  -0.02701272
0.74646278  -0.02497574
0.76455210  -0.02285389
0.78264847  -0.02066316
0.80075038  -0.01842292
0.81885656  -0.01615608
0.83696596  -0.01388932
0.85507770  -0.01165324
0.87319109  -0.00948261
0.89130559  -0.00741652
0.90942079  -0.00549858
0.92753640  -0.00377715
0.94565221  -0.00230552
0.96376812  -0.00114206
0.98188406  -0.00035048
1.00000000  0.00000000
