NN15175
1.00000000  0.00000000
0.98188406  0.02016281
0.96376812  0.03859352
0.94565221  0.05540740
0.92753640  0.07071372
0.90942079  0.08461587
0.89130559  0.09721155
0.87319109  0.10859296
0.85507770  0.11884690
0.83696596  0.12805497
0.81885656  0.13629376
0.80075038  0.14363496
0.78264847  0.15014555
0.76455210  0.15588796
0.74646278  0.16092025
0.72838225  0.16529623
0.71031254  0.16906569
0.69225594  0.17227448
0.67421508  0.17496476
0.65619289  0.17717509
0.63819266  0.17894064
0.62021803  0.18029334
0.60227305  0.18126203
0.58436214  0.18187264
0.56649016  0.18214836
0.54866242  0.18210978
0.53088467  0.18177507
0.51316314  0.18116012
0.49550459  0.18027876
0.47791625  0.17914285
0.46040593  0.17776250
0.44298198  0.17614620
0.42565331  0.17430101
0.40842945  0.17223268
0.39132052  0.16994588
0.37433730  0.16744431
0.35749120  0.16473086
0.34079431  0.16180782
0.32425942  0.15867701
0.30790000  0.15533994
0.29173028  0.15179799
0.27576522  0.14805256
0.26002056  0.14410525
0.24451281  0.13995800
0.22925931  0.13561328
0.21427820  0.13107423
0.19958848  0.12634484
0.18521000  0.12143010
0.17116350  0.11633617
0.15747063  0.11107055
0.14415394  0.10564224
0.13123695  0.10006188
0.11874410  0.09434195
0.10670084  0.08849692
0.09513360  0.08254341
0.08406985  0.07650033
0.07353805  0.07038910
0.06356777  0.06423376
0.05418962  0.05806116
0.04543531  0.05190112
0.03733766  0.04578658
0.02993063  0.03975379
0.02324933  0.03384246
0.01733003  0.02809589
0.01221019  0.02256119
0.00792850  0.01728942
0.00452485  0.01233575
0.00204040  0.00775960
0.00051754  0.00362486
0.00000000  0.00000000
0.00000000  0.00000000
0.00051754  -0.00574800
0.00204040  -0.01084784
0.00452485  -0.01533573
0.00792850  -0.01924714
0.01221019  -0.02261676
0.01733003  -0.02547852
0.02324933  -0.02786558
0.02993063  -0.02981028
0.03733766  -0.03134417
0.04543531  -0.03249798
0.05418962  -0.03330161
0.06356777  -0.03378412
0.07353805  -0.03397373
0.08406985  -0.03389779
0.09513360  -0.03358278
0.10670084  -0.03305428
0.11874410  -0.03233702
0.13123695  -0.03145477
0.14415394  -0.03043042
0.15747063  -0.02928593
0.17116350  -0.02804229
0.18521000  -0.02671958
0.19958848  -0.02533690
0.21427820  -0.02391236
0.22925931  -0.02246313
0.24451281  -0.02100533
0.26002056  -0.01955413
0.27576522  -0.01812365
0.29173028  -0.01672698
0.30790000  -0.01537619
0.32425942  -0.01408228
0.34079431  -0.01285520
0.35749120  -0.01170383
0.37433730  -0.01063596
0.39132052  -0.00965828
0.40842945  -0.00877639
0.42565331  -0.00799476
0.44298198  -0.00731673
0.46040593  -0.00674451
0.47791625  -0.00627916
0.49550459  -0.00592056
0.51316314  -0.00566745
0.53088467  -0.00551735
0.54866242  -0.00546660
0.56649016  -0.00551036
0.58436214  -0.00564252
0.60227305  -0.00585579
0.62021803  -0.00614161
0.63819266  -0.00649018
0.65619289  -0.00689045
0.67421508  -0.00733007
0.69225594  -0.00779542
0.71031254  -0.00827161
0.72838225  -0.00874239
0.74646278  -0.00919024
0.76455210  -0.00959629
0.78264847  -0.00994033
0.80075038  -0.01020081
0.81885656  -0.01035480
0.83696596  -0.01037802
0.85507770  -0.01024479
0.87319109  -0.00992804
0.89130559  -0.00939929
0.90942079  -0.00862864
0.92753640  -0.00758478
0.94565221  -0.00623492
0.96376812  -0.00454488
0.98188406  -0.00247895
1.00000000  0.00000000
