NN15986
1.00000000  0.00000000
0.98188406  0.01961595
0.96376812  0.03838636
0.94565221  0.05630482
0.92753640  0.07336663
0.90942079  0.08956870
0.89130559  0.10490958
0.87319109  0.11938934
0.85507770  0.13300960
0.83696596  0.14577343
0.81885656  0.15768532
0.80075038  0.16875115
0.78264847  0.17897814
0.76455210  0.18837481
0.74646278  0.19695091
0.72838225  0.20471741
0.71031254  0.21168643
0.69225594  0.21787121
0.67421508  0.22328608
0.65619289  0.22794638
0.63819266  0.23186843
0.62021803  0.23506952
0.60227305  0.23756781
0.58436214  0.23938231
0.56649016  0.24053286
0.54866242  0.24104006
0.53088467  0.24092522
0.51316314  0.24021032
0.49550459  0.23891800
0.47791625  0.23707147
0.46040593  0.23469448
0.44298198  0.23181129
0.42565331  0.22844661
0.40842945  0.22462557
0.39132052  0.22037366
0.37433730  0.21571671
0.35749120  0.21068080
0.34079431  0.20529227
0.32425942  0.19957764
0.30790000  0.19356360
0.29173028  0.18727691
0.27576522  0.18074442
0.26002056  0.17399297
0.24451281  0.16704940
0.22925931  0.15994044
0.21427820  0.15269274
0.19958848  0.14533277
0.18521000  0.13788680
0.17116350  0.13038084
0.15747063  0.12284064
0.14415394  0.11529158
0.13123695  0.10775867
0.11874410  0.10026650
0.10670084  0.09283918
0.09513360  0.08550031
0.08406985  0.07827295
0.07353805  0.07117953
0.06356777  0.06424186
0.05418962  0.05748105
0.04543531  0.05091747
0.03733766  0.04457073
0.02993063  0.03845960
0.02324933  0.03260200
0.01733003  0.02701492
0.01221019  0.02171442
0.00792850  0.01671555
0.00452485  0.01203232
0.00204040  0.00767765
0.00051754  0.00366334
0.00000000  0.00000000
0.00000000  0.00000000
0.00051754  -0.00451715
0.00204040  -0.00854675
0.00452485  -0.01213919
0.00792850  -0.01534136
0.01221019  -0.01819687
0.01733003  -0.02074605
0.02324933  -0.02302611
0.02993063  -0.02507125
0.03733766  -0.02691271
0.04543531  -0.02857895
0.05418962  -0.03009568
0.06356777  -0.03148603
0.07353805  -0.03277060
0.08406985  -0.03396760
0.09513360  -0.03509294
0.10670084  -0.03616033
0.11874410  -0.03718139
0.13123695  -0.03816576
0.14415394  -0.03912120
0.15747063  -0.04005369
0.17116350  -0.04096753
0.18521000  -0.04186546
0.19958848  -0.04274875
0.21427820  -0.04361731
0.22925931  -0.04446980
0.24451281  -0.04530372
0.26002056  -0.04611553
0.27576522  -0.04690074
0.29173028  -0.04765401
0.30790000  -0.04836929
0.32425942  -0.04903989
0.34079431  -0.04965857
0.35749120  -0.05021770
0.37433730  -0.05070931
0.39132052  -0.05112523
0.40842945  -0.05145717
0.42565331  -0.05169684
0.44298198  -0.05183604
0.46040593  -0.05186678
0.47791625  -0.05178138
0.49550459  -0.05157256
0.51316314  -0.05123356
0.53088467  -0.05075824
0.54866242  -0.05014119
0.56649016  -0.04937783
0.58436214  -0.04846448
0.60227305  -0.04739854
0.62021803  -0.04617852
0.63819266  -0.04480418
0.65619289  -0.04327665
0.67421508  -0.04159849
0.69225594  -0.03977382
0.71031254  -0.03780842
0.72838225  -0.03570986
0.74646278  -0.03348754
0.76455210  -0.03115287
0.78264847  -0.02871932
0.80075038  -0.02620254
0.81885656  -0.02362047
0.83696596  -0.02099345
0.85507770  -0.01834431
0.87319109  -0.01569847
0.89130559  -0.01308407
0.90942079  -0.01053204
0.92753640  -0.00807623
0.94565221  -0.00575351
0.96376812  -0.00360387
0.98188406  -0.00167052
1.00000000  0.00000000
