NN15575
1.00000000  0.00000000
0.98188406  0.00986157
0.96376812  0.01955685
0.94565221  0.02906412
0.92753640  0.03836322
0.90942079  0.04743557
0.89130559  0.05626406
0.87319109  0.06483309
0.85507770  0.07312842
0.83696596  0.08113719
0.81885656  0.08884787
0.80075038  0.09625018
0.78264847  0.10333506
0.76455210  0.11009462
0.74646278  0.11652211
0.72838225  0.12261185
0.71031254  0.12835917
0.69225594  0.13376041
0.67421508  0.13881282
0.65619289  0.14351457
0.63819266  0.14786464
0.62021803  0.15186281
0.60227305  0.15550960
0.58436214  0.15880623
0.56649016  0.16175459
0.54866242  0.16435713
0.53088467  0.16661689
0.51316314  0.16853740
0.49550459  0.17012266
0.47791625  0.17137706
0.46040593  0.17230538
0.44298198  0.17291270
0.42565331  0.17320438
0.40842945  0.17318599
0.39132052  0.17286328
0.37433730  0.17224213
0.35749120  0.17132849
0.34079431  0.17012835
0.32425942  0.16864767
0.30790000  0.16689238
0.29173028  0.16486825
0.27576522  0.16258093
0.26002056  0.16003585
0.24451281  0.15723818
0.22925931  0.15419280
0.21427820  0.15090424
0.19958848  0.14737663
0.18521000  0.14361365
0.17116350  0.13961850
0.15747063  0.13539383
0.14415394  0.13094171
0.13123695  0.12626359
0.11874410  0.12136020
0.10670084  0.11623159
0.09513360  0.11087699
0.08406985  0.10529483
0.07353805  0.09948267
0.06356777  0.09343713
0.05418962  0.08715389
0.04543531  0.08062760
0.03733766  0.07385184
0.02993063  0.06681910
0.02324933  0.05952071
0.01733003  0.05194678
0.01221019  0.04408618
0.00792850  0.03592649
0.00452485  0.02745392
0.00204040  0.01865331
0.00051754  0.00950804
0.00000000  0.00000000
0.00000000  0.00000000
0.00051754  -0.00541898
0.00204040  -0.01029073
0.00452485  -0.01468569
0.00792850  -0.01866887
0.01221019  -0.02230010
0.01733003  -0.02563411
0.02324933  -0.02872076
0.02993063  -0.03160519
0.03733766  -0.03432796
0.04543531  -0.03692526
0.05418962  -0.03942907
0.06356777  -0.04186729
0.07353805  -0.04426394
0.08406985  -0.04663934
0.09513360  -0.04901023
0.10670084  -0.05139000
0.11874410  -0.05378879
0.13123695  -0.05621372
0.14415394  -0.05866902
0.15747063  -0.06115620
0.17116350  -0.06367422
0.18521000  -0.06621969
0.19958848  -0.06878698
0.21427820  -0.07136843
0.22925931  -0.07395450
0.24451281  -0.07653395
0.26002056  -0.07909399
0.27576522  -0.08162047
0.29173028  -0.08409802
0.30790000  -0.08651025
0.32425942  -0.08883988
0.34079431  -0.09106894
0.35749120  -0.09317893
0.37433730  -0.09515097
0.39132052  -0.09696600
0.40842945  -0.09860489
0.42565331  -0.10004870
0.44298198  -0.10127874
0.46040593  -0.10227682
0.47791625  -0.10302539
0.49550459  -0.10350770
0.51316314  -0.10370797
0.53088467  -0.10361155
0.54866242  -0.10320513
0.56649016  -0.10247684
0.58436214  -0.10141649
0.60227305  -0.10001567
0.62021803  -0.09826797
0.63819266  -0.09616912
0.65619289  -0.09371715
0.67421508  -0.09091259
0.69225594  -0.08775862
0.71031254  -0.08426122
0.72838225  -0.08042936
0.74646278  -0.07627518
0.76455210  -0.07181412
0.78264847  -0.06706511
0.80075038  -0.06205074
0.81885656  -0.05679741
0.83696596  -0.05133553
0.85507770  -0.04569965
0.87319109  -0.03992865
0.89130559  -0.03406591
0.90942079  -0.02815946
0.92753640  -0.02226216
0.94565221  -0.01643186
0.96376812  -0.01073158
0.98188406  -0.00522968
1.00000000  0.00000000
