NN15558
1.00000000  0.00000000
0.98188406  0.01428858
0.96376812  0.02743488
0.94565221  0.03951241
0.92753640  0.05059069
0.90942079  0.06073538
0.89130559  0.07000840
0.87319109  0.07846804
0.85507770  0.08616905
0.83696596  0.09316281
0.81885656  0.09949738
0.80075038  0.10521765
0.78264847  0.11036544
0.76455210  0.11497964
0.74646278  0.11909628
0.72838225  0.12274869
0.71031254  0.12596756
0.69225594  0.12878112
0.67421508  0.13121519
0.65619289  0.13329334
0.63819266  0.13503698
0.62021803  0.13646548
0.60227305  0.13759629
0.58436214  0.13844503
0.56649016  0.13902564
0.54866242  0.13935047
0.53088467  0.13943040
0.51316314  0.13927494
0.49550459  0.13889237
0.47791625  0.13828984
0.46040593  0.13747347
0.44298198  0.13644851
0.42565331  0.13521938
0.40842945  0.13378985
0.39132052  0.13216313
0.37433730  0.13034197
0.35749120  0.12832880
0.34079431  0.12612582
0.32425942  0.12373513
0.30790000  0.12115883
0.29173028  0.11839916
0.27576522  0.11545858
0.26002056  0.11233990
0.24451281  0.10904640
0.22925931  0.10558193
0.21427820  0.10195103
0.19958848  0.09815906
0.18521000  0.09421227
0.17116350  0.09011798
0.15747063  0.08588462
0.14415394  0.08152190
0.13123695  0.07704089
0.11874410  0.07245416
0.10670084  0.06777588
0.09513360  0.06302192
0.08406985  0.05820999
0.07353805  0.05335975
0.06356777  0.04849290
0.05418962  0.04363332
0.04543531  0.03880716
0.03733766  0.03404299
0.02993063  0.02937188
0.02324933  0.02482752
0.01733003  0.02044633
0.01221019  0.01626762
0.00792850  0.01233361
0.00452485  0.00868966
0.00204040  0.00538428
0.00051754  0.00246931
0.00000000  0.00000000
0.00000000  0.00000000
0.00051754  -0.00085646
0.00204040  -0.00128920
0.00452485  -0.00133251
0.00792850  -0.00101919
0.01221019  -0.00038066
0.01733003  0.00055307
0.02324933  0.00175336
0.02993063  0.00319287
0.03733766  0.00484552
0.04543531  0.00668652
0.05418962  0.00869227
0.06356777  0.01084033
0.07353805  0.01310942
0.08406985  0.01547936
0.09513360  0.01793102
0.10670084  0.02044633
0.11874410  0.02300820
0.13123695  0.02560050
0.14415394  0.02820803
0.15747063  0.03081647
0.17116350  0.03341236
0.18521000  0.03598307
0.19958848  0.03851673
0.21427820  0.04100223
0.22925931  0.04342916
0.24451281  0.04578780
0.26002056  0.04806906
0.27576522  0.05026446
0.29173028  0.05236608
0.30790000  0.05436653
0.32425942  0.05625894
0.34079431  0.05803686
0.35749120  0.05969431
0.37433730  0.06122566
0.39132052  0.06262567
0.40842945  0.06388939
0.42565331  0.06501216
0.44298198  0.06598958
0.46040593  0.06681746
0.47791625  0.06749175
0.49550459  0.06800859
0.51316314  0.06836419
0.53088467  0.06855484
0.54866242  0.06857686
0.56649016  0.06842658
0.58436214  0.06810028
0.60227305  0.06759415
0.62021803  0.06690430
0.63819266  0.06602668
0.65619289  0.06495706
0.67421508  0.06369099
0.69225594  0.06222376
0.71031254  0.06055040
0.72838225  0.05866559
0.74646278  0.05656365
0.76455210  0.05423852
0.78264847  0.05168370
0.80075038  0.04889222
0.81885656  0.04585662
0.83696596  0.04256888
0.85507770  0.03902044
0.87319109  0.03520209
0.89130559  0.03110401
0.90942079  0.02671568
0.92753640  0.02202586
0.94565221  0.01702257
0.96376812  0.01169304
0.98188406  0.00602366
1.00000000  0.00000000
