NN15713
1.00000000  0.00000000
0.98188406  0.01556187
0.96376812  0.03016344
0.94565221  0.04382308
0.92753640  0.05656017
0.90942079  0.06839499
0.89130559  0.07934874
0.87319109  0.08944344
0.85507770  0.09870186
0.83696596  0.10714748
0.81885656  0.11480446
0.80075038  0.12169751
0.78264847  0.12785192
0.76455210  0.13329343
0.74646278  0.13804823
0.72838225  0.14214284
0.71031254  0.14560413
0.69225594  0.14845917
0.67421508  0.15073528
0.65619289  0.15245987
0.63819266  0.15366045
0.62021803  0.15436455
0.60227305  0.15459965
0.58436214  0.15439316
0.56649016  0.15377232
0.54866242  0.15276416
0.53088467  0.15139547
0.51316314  0.14969268
0.49550459  0.14768187
0.47791625  0.14538867
0.46040593  0.14283820
0.44298198  0.14005506
0.42565331  0.13706322
0.40842945  0.13388598
0.39132052  0.13054591
0.37433730  0.12706483
0.35749120  0.12346369
0.34079431  0.11976256
0.32425942  0.11598053
0.30790000  0.11213571
0.29173028  0.10824512
0.27576522  0.10432468
0.26002056  0.10038908
0.24451281  0.09645182
0.22925931  0.09252507
0.21427820  0.08861966
0.19958848  0.08474499
0.18521000  0.08090900
0.17116350  0.07711811
0.15747063  0.07337714
0.14415394  0.06968928
0.13123695  0.06605601
0.11874410  0.06247705
0.10670084  0.05895033
0.09513360  0.05547188
0.08406985  0.05203582
0.07353805  0.04863426
0.06356777  0.04525728
0.05418962  0.04189288
0.04543531  0.03852686
0.03733766  0.03514283
0.02993063  0.03172212
0.02324933  0.02824374
0.01733003  0.02468428
0.01221019  0.02101793
0.00792850  0.01721633
0.00452485  0.01324860
0.00204040  0.00908122
0.00051754  0.00467799
0.00000000  0.00000000
0.00000000  0.00000000
0.00051754  -0.00271327
0.00204040  -0.00509756
0.00452485  -0.00720861
0.00792850  -0.00909726
0.01221019  -0.01080961
0.01733003  -0.01238719
0.02324933  -0.01386713
0.02993063  -0.01528231
0.03733766  -0.01666157
0.04543531  -0.01802985
0.05418962  -0.01940836
0.06356777  -0.02081477
0.07353805  -0.02226337
0.08406985  -0.02376522
0.09513360  -0.02532836
0.10670084  -0.02695793
0.11874410  -0.02865640
0.13123695  -0.03042368
0.14415394  -0.03225733
0.15747063  -0.03415272
0.17116350  -0.03610319
0.18521000  -0.03810022
0.19958848  -0.04013363
0.21427820  -0.04219170
0.22925931  -0.04426138
0.24451281  -0.04632845
0.26002056  -0.04837768
0.27576522  -0.05039301
0.29173028  -0.05235771
0.30790000  -0.05425456
0.32425942  -0.05606602
0.34079431  -0.05777438
0.35749120  -0.05936198
0.37433730  -0.06081130
0.39132052  -0.06210522
0.40842945  -0.06322710
0.42565331  -0.06416104
0.44298198  -0.06489197
0.46040593  -0.06540588
0.47791625  -0.06568996
0.49550459  -0.06573275
0.51316314  -0.06552437
0.53088467  -0.06505664
0.54866242  -0.06432325
0.56649016  -0.06331997
0.58436214  -0.06204478
0.60227305  -0.06049807
0.62021803  -0.05868276
0.63819266  -0.05660453
0.65619289  -0.05427197
0.67421508  -0.05169672
0.69225594  -0.04889370
0.71031254  -0.04588119
0.72838225  -0.04268111
0.74646278  -0.03931910
0.76455210  -0.03582472
0.78264847  -0.03223165
0.80075038  -0.02857782
0.81885656  -0.02490557
0.83696596  -0.02126189
0.85507770  -0.01769850
0.87319109  -0.01427208
0.89130559  -0.01104443
0.90942079  -0.00808262
0.92753640  -0.00545918
0.94565221  -0.00325226
0.96376812  -0.00154579
0.98188406  -0.00042970
1.00000000  0.00000000
