NN15955
1.00000000  0.00000000
0.98188406  0.00923086
0.96376812  0.01845336
0.94565221  0.02762808
0.92753640  0.03671841
0.90942079  0.04569048
0.89130559  0.05451305
0.87319109  0.06315745
0.85507770  0.07159748
0.83696596  0.07980930
0.81885656  0.08777138
0.80075038  0.09546439
0.78264847  0.10287112
0.76455210  0.10997637
0.74646278  0.11676690
0.72838225  0.12323132
0.71031254  0.12935998
0.69225594  0.13514493
0.67421508  0.14057981
0.65619289  0.14565974
0.63819266  0.15038125
0.62021803  0.15474223
0.60227305  0.15874175
0.58436214  0.16238008
0.56649016  0.16565851
0.54866242  0.16857932
0.53088467  0.17114567
0.51316314  0.17336152
0.49550459  0.17523152
0.47791625  0.17676095
0.46040593  0.17795562
0.44298198  0.17882180
0.42565331  0.17936607
0.40842945  0.17959532
0.39132052  0.17951660
0.37433730  0.17913704
0.35749120  0.17846381
0.34079431  0.17750394
0.32425942  0.17626434
0.30790000  0.17475162
0.29173028  0.17297205
0.27576522  0.17093147
0.26002056  0.16863519
0.24451281  0.16608790
0.22925931  0.16329361
0.21427820  0.16025550
0.19958848  0.15697590
0.18521000  0.15345617
0.17116350  0.14969662
0.15747063  0.14569640
0.14415394  0.14145345
0.13123695  0.13696437
0.11874410  0.13222438
0.10670084  0.12722718
0.09513360  0.12196489
0.08406985  0.11642798
0.07353805  0.11060515
0.06356777  0.10448323
0.05418962  0.09804715
0.04543531  0.09127981
0.03733766  0.08416198
0.02993063  0.07667224
0.02324933  0.06878688
0.01733003  0.06047984
0.01221019  0.05172256
0.00792850  0.04248394
0.00452485  0.03273026
0.00204040  0.02242504
0.00051754  0.01152902
0.00000000  0.00000000
0.00000000  0.00000000
0.00051754  -0.01325392
0.00204040  -0.02517818
0.00452485  -0.03584132
0.00792850  -0.04531039
0.01221019  -0.05365090
0.01733003  -0.06092690
0.02324933  -0.06720090
0.02993063  -0.07253389
0.03733766  -0.07698530
0.04543531  -0.08061305
0.05418962  -0.08347350
0.06356777  -0.08562143
0.07353805  -0.08711008
0.08406985  -0.08799109
0.09513360  -0.08831453
0.10670084  -0.08812886
0.11874410  -0.08748094
0.13123695  -0.08641604
0.14415394  -0.08497778
0.15747063  -0.08320817
0.17116350  -0.08114757
0.18521000  -0.07883472
0.19958848  -0.07630667
0.21427820  -0.07359883
0.22925931  -0.07074493
0.24451281  -0.06777704
0.26002056  -0.06472551
0.27576522  -0.06161902
0.29173028  -0.05848453
0.30790000  -0.05534728
0.32425942  -0.05223082
0.34079431  -0.04915693
0.35749120  -0.04614568
0.37433730  -0.04321537
0.39132052  -0.04038256
0.40842945  -0.03766204
0.42565331  -0.03506682
0.44298198  -0.03260814
0.46040593  -0.03029544
0.47791625  -0.02813637
0.49550459  -0.02613676
0.51316314  -0.02430063
0.53088467  -0.02263018
0.54866242  -0.02112577
0.56649016  -0.01978593
0.58436214  -0.01860733
0.60227305  -0.01758478
0.62021803  -0.01671122
0.63819266  -0.01597773
0.65619289  -0.01537350
0.67421508  -0.01488581
0.69225594  -0.01450006
0.71031254  -0.01419973
0.72838225  -0.01396640
0.74646278  -0.01377968
0.76455210  -0.01361730
0.78264847  -0.01345500
0.80075038  -0.01326660
0.81885656  -0.01302394
0.83696596  -0.01269689
0.85507770  -0.01225335
0.87319109  -0.01165925
0.89130559  -0.01087849
0.90942079  -0.00987298
0.92753640  -0.00860264
0.94565221  -0.00702533
0.96376812  -0.00509692
0.98188406  -0.00277122
1.00000000  0.00000000
