NN15248
1.00000000  0.00000000
0.98188406  0.01606046
0.96376812  0.03093396
0.94565221  0.04467575
0.92753640  0.05733976
0.90942079  0.06897855
0.89130559  0.07964338
0.87319109  0.08938412
0.85507770  0.09824930
0.83696596  0.10628610
0.81885656  0.11354030
0.80075038  0.12005634
0.78264847  0.12587726
0.76455210  0.13104471
0.74646278  0.13559896
0.72838225  0.13957887
0.71031254  0.14302192
0.69225594  0.14596416
0.67421508  0.14844022
0.65619289  0.15048332
0.63819266  0.15212525
0.62021803  0.15339638
0.60227305  0.15432562
0.58436214  0.15494044
0.56649016  0.15526687
0.54866242  0.15532947
0.53088467  0.15515135
0.51316314  0.15475415
0.49550459  0.15415802
0.47791625  0.15338166
0.46040593  0.15244226
0.44298198  0.15135551
0.42565331  0.15013564
0.40842945  0.14879534
0.39132052  0.14734581
0.37433730  0.14579674
0.35749120  0.14415627
0.34079431  0.14243103
0.32425942  0.14062614
0.30790000  0.13874515
0.29173028  0.13679008
0.27576522  0.13476139
0.26002056  0.13265799
0.24451281  0.13047723
0.22925931  0.12821490
0.21427820  0.12586518
0.19958848  0.12342073
0.18521000  0.12087256
0.17116350  0.11821014
0.15747063  0.11542132
0.14415394  0.11249234
0.13123695  0.10940784
0.11874410  0.10615086
0.10670084  0.10270280
0.09513360  0.09904342
0.08406985  0.09515089
0.07353805  0.09100171
0.06356777  0.08657074
0.05418962  0.08183119
0.04543531  0.07675463
0.03733766  0.07131094
0.02993063  0.06546836
0.02324933  0.05919345
0.01733003  0.05245107
0.01221019  0.04520441
0.00792850  0.03741498
0.00452485  0.02904258
0.00204040  0.02004531
0.00051754  0.01037956
0.00000000  0.00000000
0.00000000  0.00000000
0.00051754  -0.00111153
0.00204040  -0.00215518
0.00452485  -0.00312081
0.00792850  -0.00399992
0.01221019  -0.00478556
0.01733003  -0.00547231
0.02324933  -0.00605613
0.02993063  -0.00653436
0.03733766  -0.00690561
0.04543531  -0.00716971
0.05418962  -0.00732760
0.06356777  -0.00738133
0.07353805  -0.00733390
0.08406985  -0.00718926
0.09513360  -0.00695222
0.10670084  -0.00662834
0.11874410  -0.00622393
0.13123695  -0.00574589
0.14415394  -0.00520174
0.15747063  -0.00459946
0.17116350  -0.00394747
0.18521000  -0.00325453
0.19958848  -0.00252970
0.21427820  -0.00178224
0.22925931  -0.00102155
0.24451281  -0.00025711
0.26002056  0.00050162
0.27576522  0.00124526
0.29173028  0.00196454
0.30790000  0.00265043
0.32425942  0.00329421
0.34079431  0.00388747
0.35749120  0.00442228
0.37433730  0.00489118
0.39132052  0.00528729
0.40842945  0.00560438
0.42565331  0.00583693
0.44298198  0.00598022
0.46040593  0.00603038
0.47791625  0.00598446
0.49550459  0.00584052
0.51316314  0.00559770
0.53088467  0.00525627
0.54866242  0.00481773
0.56649016  0.00428485
0.58436214  0.00366178
0.60227305  0.00295406
0.62021803  0.00216878
0.63819266  0.00131456
0.65619289  0.00040168
0.67421508  -0.00055786
0.69225594  -0.00155029
0.71031254  -0.00255996
0.72838225  -0.00356932
0.74646278  -0.00455880
0.76455210  -0.00550677
0.78264847  -0.00638945
0.80075038  -0.00718086
0.81885656  -0.00785272
0.83696596  -0.00837441
0.85507770  -0.00871286
0.87319109  -0.00883253
0.89130559  -0.00869528
0.90942079  -0.00826036
0.92753640  -0.00748429
0.94565221  -0.00632081
0.96376812  -0.00472079
0.98188406  -0.00263220
1.00000000  0.00000000
