NN16922
1.00000000  0.00000000
0.98188406  0.00950905
0.96376812  0.01895576
0.94565221  0.02832270
0.92753640  0.03759286
0.90942079  0.04674965
0.89130559  0.05577684
0.87319109  0.06465865
0.85507770  0.07337970
0.83696596  0.08192503
0.81885656  0.09028012
0.80075038  0.09843087
0.78264847  0.10636362
0.76455210  0.11406516
0.74646278  0.12152273
0.72838225  0.12872401
0.71031254  0.13565716
0.69225594  0.14231080
0.67421508  0.14867400
0.65619289  0.15473633
0.63819266  0.16048784
0.62021803  0.16591905
0.60227305  0.17102099
0.58436214  0.17578517
0.56649016  0.18020362
0.54866242  0.18426887
0.53088467  0.18797397
0.51316314  0.19131247
0.49550459  0.19427847
0.47791625  0.19686659
0.46040593  0.19907198
0.44298198  0.20089034
0.42565331  0.20231790
0.40842945  0.20335145
0.39132052  0.20398836
0.37433730  0.20422652
0.35749120  0.20406442
0.34079431  0.20350110
0.32425942  0.20253621
0.30790000  0.20116995
0.29173028  0.19940312
0.27576522  0.19723713
0.26002056  0.19467398
0.24451281  0.19171626
0.22925931  0.18836719
0.21427820  0.18463060
0.19958848  0.18051094
0.18521000  0.17601330
0.17116350  0.17114338
0.15747063  0.16590754
0.14415394  0.16031276
0.13123695  0.15436668
0.11874410  0.14807761
0.10670084  0.14145449
0.09513360  0.13450694
0.08406985  0.12724525
0.07353805  0.11968040
0.06356777  0.11182401
0.05418962  0.10368843
0.04543531  0.09528667
0.03733766  0.08663246
0.02993063  0.07774022
0.02324933  0.06862508
0.01733003  0.05930289
0.01221019  0.04979020
0.00792850  0.04010430
0.00452485  0.03026321
0.00204040  0.02028568
0.00051754  0.01019120
0.00000000  0.00000000
0.00000000  0.00000000
0.00051754  -0.00835548
0.00204040  -0.01661034
0.00452485  -0.02474551
0.00792850  -0.03274169
0.01221019  -0.04057948
0.01733003  -0.04823941
0.02324933  -0.05570205
0.02993063  -0.06294808
0.03733766  -0.06995833
0.04543531  -0.07671388
0.05418962  -0.08319614
0.06356777  -0.08938691
0.07353805  -0.09526846
0.08406985  -0.10082359
0.09513360  -0.10603574
0.10670084  -0.11088901
0.11874410  -0.11536829
0.13123695  -0.11945928
0.14415394  -0.12314861
0.15747063  -0.12642390
0.17116350  -0.12927380
0.18521000  -0.13168812
0.19958848  -0.13365786
0.21427820  -0.13517532
0.22925931  -0.13623412
0.24451281  -0.13682934
0.26002056  -0.13695753
0.27576522  -0.13661686
0.29173028  -0.13580709
0.30790000  -0.13452976
0.32425942  -0.13278817
0.34079431  -0.13058750
0.35749120  -0.12793487
0.37433730  -0.12483943
0.39132052  -0.12131241
0.40842945  -0.11736721
0.42565331  -0.11301947
0.44298198  -0.10828714
0.46040593  -0.10319055
0.47791625  -0.09775252
0.49550459  -0.09199836
0.51316314  -0.08595602
0.53088467  -0.07965614
0.54866242  -0.07313207
0.56649016  -0.06642004
0.58436214  -0.05955916
0.60227305  -0.05259152
0.62021803  -0.04556225
0.63819266  -0.03851963
0.65619289  -0.03151512
0.67421508  -0.02460345
0.69225594  -0.01784271
0.71031254  -0.01129441
0.72838225  -0.00502353
0.74646278  0.00090134
0.76455210  0.00640802
0.78264847  0.01142057
0.80075038  0.01585928
0.81885656  0.01964059
0.83696596  0.02267697
0.85507770  0.02487692
0.87319109  0.02614481
0.89130559  0.02638089
0.90942079  0.02548116
0.92753640  0.02333732
0.94565221  0.01983669
0.96376812  0.01486214
0.98188406  0.00829200
1.00000000  0.00000000
