NN16504
1.00000000  0.00000000
0.98188406  0.01211444
0.96376812  0.02414481
0.94565221  0.03605231
0.92753640  0.04780001
0.90942079  0.05935284
0.89130559  0.07067754
0.87319109  0.08174268
0.85507770  0.09251862
0.83696596  0.10297747
0.81885656  0.11309313
0.80075038  0.12284121
0.78264847  0.13219901
0.76455210  0.14114557
0.74646278  0.14966157
0.72838225  0.15772934
0.71031254  0.16533286
0.69225594  0.17245772
0.67421508  0.17909109
0.65619289  0.18522172
0.63819266  0.19083993
0.62021803  0.19593755
0.60227305  0.20050792
0.58436214  0.20454590
0.56649016  0.20804780
0.54866242  0.21101139
0.53088467  0.21343589
0.51316314  0.21532191
0.49550459  0.21667147
0.47791625  0.21748796
0.46040593  0.21777612
0.44298198  0.21754203
0.42565331  0.21679309
0.40842945  0.21553798
0.39132052  0.21378667
0.37433730  0.21155039
0.35749120  0.20884157
0.34079431  0.20567390
0.32425942  0.20206224
0.30790000  0.19802263
0.29173028  0.19357227
0.27576522  0.18872950
0.26002056  0.18351377
0.24451281  0.17794562
0.22925931  0.17204668
0.21427820  0.16583962
0.19958848  0.15934817
0.18521000  0.15259706
0.17116350  0.14561202
0.15747063  0.13841977
0.14415394  0.13104795
0.13123695  0.12352519
0.11874410  0.11588100
0.10670084  0.10814581
0.09513360  0.10035090
0.08406985  0.09252843
0.07353805  0.08471141
0.06356777  0.07693363
0.05418962  0.06922972
0.04543531  0.06163506
0.03733766  0.05418580
0.02993063  0.04691882
0.02324933  0.03987174
0.01733003  0.03308286
0.01221019  0.02659116
0.00792850  0.02043630
0.00452485  0.01465855
0.00204040  0.00929881
0.00051754  0.00439860
0.00000000  0.00000000
0.00000000  0.00000000
0.00051754  -0.00349288
0.00204040  -0.00701906
0.00452485  -0.01057296
0.00792850  -0.01414920
0.01221019  -0.01774262
0.01733003  -0.02134823
0.02324933  -0.02496122
0.02993063  -0.02857691
0.03733766  -0.03219074
0.04543531  -0.03579829
0.05418962  -0.03939518
0.06356777  -0.04297713
0.07353805  -0.04653990
0.08406985  -0.05007926
0.09513360  -0.05359101
0.10670084  -0.05707094
0.11874410  -0.06051479
0.13123695  -0.06391827
0.14415394  -0.06727701
0.15747063  -0.07058656
0.17116350  -0.07384234
0.18521000  -0.07703968
0.19958848  -0.08017373
0.21427820  -0.08323949
0.22925931  -0.08623177
0.24451281  -0.08914517
0.26002056  -0.09197408
0.27576522  -0.09471264
0.29173028  -0.09735471
0.30790000  -0.09989388
0.32425942  -0.10232346
0.34079431  -0.10463639
0.35749120  -0.10682532
0.37433730  -0.10888250
0.39132052  -0.11079982
0.40842945  -0.11256877
0.42565331  -0.11418042
0.44298198  -0.11562539
0.46040593  -0.11689385
0.47791625  -0.11797551
0.49550459  -0.11885956
0.51316314  -0.11953468
0.53088467  -0.11998903
0.54866242  -0.12021019
0.56649016  -0.12018518
0.58436214  -0.11990043
0.60227305  -0.11934175
0.62021803  -0.11849432
0.63819266  -0.11734267
0.65619289  -0.11587066
0.67421508  -0.11406145
0.69225594  -0.11189750
0.71031254  -0.10936053
0.72838225  -0.10643153
0.74646278  -0.10309071
0.76455210  -0.09931748
0.78264847  -0.09509046
0.80075038  -0.09038745
0.81885656  -0.08518537
0.83696596  -0.07946031
0.85507770  -0.07318747
0.87319109  -0.06634113
0.89130559  -0.05889464
0.90942079  -0.05082045
0.92753640  -0.04208999
0.94565221  -0.03267376
0.96376812  -0.02254122
0.98188406  -0.01166083
1.00000000  0.00000000
