NN16665
1.00000000  0.00000000
0.98188406  0.01498375
0.96376812  0.02885520
0.94565221  0.04169845
0.92753640  0.05359184
0.90942079  0.06460818
0.89130559  0.07481491
0.87319109  0.08427430
0.85507770  0.09304364
0.83696596  0.10117541
0.81885656  0.10871751
0.80075038  0.11571341
0.78264847  0.12220237
0.76455210  0.12821962
0.74646278  0.13379652
0.72838225  0.13896079
0.71031254  0.14373671
0.69225594  0.14814525
0.67421508  0.15220431
0.65619289  0.15592891
0.63819266  0.15933134
0.62021803  0.16242138
0.60227305  0.16520651
0.58436214  0.16769204
0.56649016  0.16988135
0.54866242  0.17177608
0.53088467  0.17337627
0.51316314  0.17468062
0.49550459  0.17568661
0.47791625  0.17639075
0.46040593  0.17678873
0.44298198  0.17687562
0.42565331  0.17664608
0.40842945  0.17609452
0.39132052  0.17521529
0.37433730  0.17400292
0.35749120  0.17245222
0.34079431  0.17055857
0.32425942  0.16831804
0.30790000  0.16572760
0.29173028  0.16278531
0.27576522  0.15949053
0.26002056  0.15584407
0.24451281  0.15184840
0.22925931  0.14750785
0.21427820  0.14282880
0.19958848  0.13781984
0.18521000  0.13249199
0.17116350  0.12685889
0.15747063  0.12093694
0.14415394  0.11474559
0.13123695  0.10830741
0.11874410  0.10164838
0.10670084  0.09479802
0.09513360  0.08778960
0.08406985  0.08066034
0.07353805  0.07345158
0.06356777  0.06620897
0.05418962  0.05898267
0.04543531  0.05182756
0.03733766  0.04480338
0.02993063  0.03797495
0.02324933  0.03141238
0.01733003  0.02519122
0.01221019  0.01939265
0.00792850  0.01410373
0.00452485  0.00941750
0.00204040  0.00543325
0.00051754  0.00225666
0.00000000  0.00000000
0.00000000  0.00000000
0.00051754  -0.00489710
0.00204040  -0.00961125
0.00452485  -0.01415063
0.00792850  -0.01852262
0.01221019  -0.02273385
0.01733003  -0.02679020
0.02324933  -0.03069686
0.02993063  -0.03445835
0.03733766  -0.03807854
0.04543531  -0.04156070
0.05418962  -0.04490753
0.06356777  -0.04812117
0.07353805  -0.05120324
0.08406985  -0.05415491
0.09513360  -0.05697685
0.10670084  -0.05966935
0.11874410  -0.06223229
0.13123695  -0.06466519
0.14415394  -0.06696725
0.15747063  -0.06913736
0.17116350  -0.07117417
0.18521000  -0.07307606
0.19958848  -0.07484125
0.21427820  -0.07646774
0.22925931  -0.07795342
0.24451281  -0.07929608
0.26002056  -0.08049339
0.27576522  -0.08154302
0.29173028  -0.08244258
0.30790000  -0.08318973
0.32425942  -0.08378215
0.34079431  -0.08421763
0.35749120  -0.08449402
0.37433730  -0.08460935
0.39132052  -0.08456182
0.40842945  -0.08434979
0.42565331  -0.08397191
0.44298198  -0.08342705
0.46040593  -0.08271439
0.47791625  -0.08183345
0.49550459  -0.08078408
0.51316314  -0.07956655
0.53088467  -0.07818152
0.54866242  -0.07663013
0.56649016  -0.07491397
0.58436214  -0.07303517
0.60227305  -0.07099639
0.62021803  -0.06880088
0.63819266  -0.06645248
0.65619289  -0.06395567
0.67421508  -0.06131561
0.69225594  -0.05853816
0.71031254  -0.05562990
0.72838225  -0.05259818
0.74646278  -0.04945114
0.76455210  -0.04619775
0.78264847  -0.04284784
0.80075038  -0.03941210
0.81885656  -0.03590218
0.83696596  -0.03233065
0.85507770  -0.02871107
0.87319109  -0.02505801
0.89130559  -0.02138708
0.90942079  -0.01771498
0.92753640  -0.01405949
0.94565221  -0.01043955
0.96376812  -0.00687525
0.98188406  -0.00338789
1.00000000  0.00000000
