NN16753
1.00000000  0.00000000
0.98188406  0.01990613
0.96376812  0.03835922
0.94565221  0.05542359
0.92753640  0.07116232
0.90942079  0.08563724
0.89130559  0.09890890
0.87319109  0.11103658
0.85507770  0.12207821
0.83696596  0.13209039
0.81885656  0.14112836
0.80075038  0.14924594
0.78264847  0.15649553
0.76455210  0.16292812
0.74646278  0.16859319
0.72838225  0.17353876
0.71031254  0.17781130
0.69225594  0.18145576
0.67421508  0.18451551
0.65619289  0.18703234
0.63819266  0.18904642
0.62021803  0.19059626
0.60227305  0.19171874
0.58436214  0.19244901
0.56649016  0.19282053
0.54866242  0.19286502
0.53088467  0.19261242
0.51316314  0.19209089
0.49550459  0.19132678
0.47791625  0.19034460
0.46040593  0.18916700
0.44298198  0.18781472
0.42565331  0.18630662
0.40842945  0.18465961
0.39132052  0.18288863
0.37433730  0.18100665
0.35749120  0.17902461
0.34079431  0.17695144
0.32425942  0.17479398
0.30790000  0.17255701
0.29173028  0.17024320
0.27576522  0.16785306
0.26002056  0.16538498
0.24451281  0.16283514
0.22925931  0.16019752
0.21427820  0.15746387
0.19958848  0.15462368
0.18521000  0.15166416
0.17116350  0.14857021
0.15747063  0.14532441
0.14415394  0.14190698
0.13123695  0.13829576
0.11874410  0.13446617
0.10670084  0.13039124
0.09513360  0.12604150
0.08406985  0.12138503
0.07353805  0.11638740
0.06356777  0.11101166
0.05418962  0.10521829
0.04543531  0.09896522
0.03733766  0.09220775
0.02993063  0.08489857
0.02324933  0.07698771
0.01733003  0.06842255
0.01221019  0.05914773
0.00792850  0.04910521
0.00452485  0.03823416
0.00204040  0.02647100
0.00051754  0.01374935
0.00000000  0.00000000
0.00000000  0.00000000
0.00051754  -0.01013076
0.00204040  -0.01869138
0.00452485  -0.02583494
0.00792850  -0.03170590
0.01221019  -0.03644036
0.01733003  -0.04016625
0.02324933  -0.04300356
0.02993063  -0.04506452
0.03733766  -0.04645385
0.04543531  -0.04726895
0.05418962  -0.04760011
0.06356777  -0.04753075
0.07353805  -0.04713761
0.08406985  -0.04649095
0.09513360  -0.04565480
0.10670084  -0.04468715
0.11874410  -0.04364015
0.13123695  -0.04256036
0.14415394  -0.04148892
0.15747063  -0.04046180
0.17116350  -0.03951000
0.18521000  -0.03865974
0.19958848  -0.03793271
0.21427820  -0.03734625
0.22925931  -0.03691360
0.24451281  -0.03664406
0.26002056  -0.03654327
0.27576522  -0.03661334
0.29173028  -0.03685316
0.30790000  -0.03725853
0.32425942  -0.03782241
0.34079431  -0.03853512
0.35749120  -0.03938458
0.37433730  -0.04035649
0.39132052  -0.04143456
0.40842945  -0.04260070
0.42565331  -0.04383529
0.44298198  -0.04511731
0.46040593  -0.04642463
0.47791625  -0.04773417
0.49550459  -0.04902214
0.51316314  -0.05026425
0.53088467  -0.05143591
0.54866242  -0.05251244
0.56649016  -0.05346932
0.58436214  -0.05428235
0.60227305  -0.05492792
0.62021803  -0.05538315
0.63819266  -0.05562618
0.65619289  -0.05563633
0.67421508  -0.05539433
0.69225594  -0.05488254
0.71031254  -0.05408516
0.72838225  -0.05298842
0.74646278  -0.05158083
0.76455210  -0.04985335
0.78264847  -0.04779966
0.80075038  -0.04541631
0.81885656  -0.04270298
0.83696596  -0.03966266
0.85507770  -0.03630190
0.87319109  -0.03263098
0.89130559  -0.02866414
0.90942079  -0.02441982
0.92753640  -0.01992083
0.94565221  -0.01519459
0.96376812  -0.01027332
0.98188406  -0.00519430
1.00000000  0.00000000
