NN164
1.00000000  0.00000000
0.98188406  0.01684311
0.96376812  0.03274497
0.94565221  0.04775037
0.92753640  0.06190152
0.90942079  0.07523814
0.89130559  0.08779755
0.87319109  0.09961476
0.85507770  0.11072251
0.83696596  0.12115141
0.81885656  0.13092998
0.80075038  0.14008475
0.78264847  0.14864032
0.76455210  0.15661947
0.74646278  0.16404324
0.72838225  0.17093099
0.71031254  0.17730049
0.69225594  0.18316803
0.67421508  0.18854844
0.65619289  0.19345523
0.63819266  0.19790067
0.62021803  0.20189583
0.60227305  0.20545068
0.58436214  0.20857420
0.56649016  0.21127441
0.54866242  0.21355852
0.53088467  0.21543294
0.51316314  0.21690340
0.49550459  0.21797504
0.47791625  0.21865247
0.46040593  0.21893986
0.44298198  0.21884102
0.42565331  0.21835950
0.40842945  0.21749863
0.39132052  0.21626165
0.37433730  0.21465175
0.35749120  0.21267220
0.34079431  0.21032638
0.32425942  0.20761788
0.30790000  0.20455062
0.29173028  0.20112887
0.27576522  0.19735737
0.26002056  0.19324140
0.24451281  0.18878687
0.22925931  0.18400040
0.21427820  0.17888939
0.19958848  0.17346211
0.18521000  0.16772779
0.17116350  0.16169668
0.15747063  0.15538018
0.14415394  0.14879085
0.13123695  0.14194254
0.11874410  0.13485048
0.10670084  0.12753132
0.09513360  0.12000326
0.08406985  0.11228607
0.07353805  0.10440125
0.06356777  0.09637205
0.05418962  0.08822358
0.04543531  0.07998288
0.03733766  0.07167901
0.02993063  0.06334313
0.02324933  0.05500857
0.01733003  0.04671094
0.01221019  0.03848818
0.00792850  0.03038067
0.00452485  0.02243128
0.00204040  0.01468548
0.00051754  0.00719143
0.00000000  0.00000000
0.00000000  0.00000000
0.00051754  -0.01065239
0.00204040  -0.02066927
0.00452485  -0.03004413
0.00792850  -0.03877266
0.01221019  -0.04685275
0.01733003  -0.05428437
0.02324933  -0.06106952
0.02993063  -0.06721214
0.03733766  -0.07271804
0.04543531  -0.07759483
0.05418962  -0.08185184
0.06356777  -0.08550003
0.07353805  -0.08855195
0.08406985  -0.09102164
0.09513360  -0.09292456
0.10670084  -0.09427750
0.11874410  -0.09509854
0.13123695  -0.09540696
0.14415394  -0.09522314
0.15747063  -0.09456851
0.17116350  -0.09346549
0.18521000  -0.09193737
0.19958848  -0.09000828
0.21427820  -0.08770308
0.22925931  -0.08504731
0.24451281  -0.08206710
0.26002056  -0.07878911
0.27576522  -0.07524043
0.29173028  -0.07144854
0.30790000  -0.06744121
0.32425942  -0.06324641
0.34079431  -0.05889228
0.35749120  -0.05440702
0.37433730  -0.04981884
0.39132052  -0.04515584
0.40842945  -0.04044601
0.42565331  -0.03571706
0.44298198  -0.03099643
0.46040593  -0.02631118
0.47791625  -0.02168790
0.49550459  -0.01715266
0.51316314  -0.01273092
0.53088467  -0.00844748
0.54866242  -0.00432636
0.56649016  -0.00039076
0.58436214  0.00333701
0.60227305  0.00683565
0.62021803  0.01008487
0.63819266  0.01306555
0.65619289  0.01575976
0.67421508  0.01815084
0.69225594  0.02022349
0.71031254  0.02196384
0.72838225  0.02335953
0.74646278  0.02439977
0.76455210  0.02507542
0.78264847  0.02537908
0.80075038  0.02530516
0.81885656  0.02484992
0.83696596  0.02401160
0.85507770  0.02279046
0.87319109  0.02118886
0.89130559  0.01921136
0.90942079  0.01686473
0.92753640  0.01415812
0.94565221  0.01110305
0.96376812  0.00771353
0.98188406  0.00400611
1.00000000  0.00000000
