NN16160
1.00000000  0.00000000
0.98188406  0.01199890
0.96376812  0.02315131
0.94565221  0.03351926
0.92753640  0.04316134
0.90942079  0.05213281
0.89130559  0.06048564
0.87319109  0.06826861
0.85507770  0.07552737
0.83696596  0.08230455
0.81885656  0.08863981
0.80075038  0.09456991
0.78264847  0.10012883
0.76455210  0.10534780
0.74646278  0.11025540
0.72838225  0.11487764
0.71031254  0.11923803
0.69225594  0.12335766
0.67421508  0.12725527
0.65619289  0.13094736
0.63819266  0.13444821
0.62021803  0.13777002
0.60227305  0.14092295
0.58436214  0.14391518
0.56649016  0.14675305
0.54866242  0.14944109
0.53088467  0.15198209
0.51316314  0.15437722
0.49550459  0.15662607
0.47791625  0.15872674
0.46040593  0.16067593
0.44298198  0.16246899
0.42565331  0.16410004
0.40842945  0.16556199
0.39132052  0.16684667
0.37433730  0.16794489
0.35749120  0.16884648
0.34079431  0.16954045
0.32425942  0.17001499
0.30790000  0.17025758
0.29173028  0.17025506
0.27576522  0.16999374
0.26002056  0.16945940
0.24451281  0.16863748
0.22925931  0.16751303
0.21427820  0.16607091
0.19958848  0.16429576
0.18521000  0.16217216
0.17116350  0.15968467
0.15747063  0.15681791
0.14415394  0.15355664
0.13123695  0.14988582
0.11874410  0.14579074
0.10670084  0.14125704
0.09513360  0.13627081
0.08406985  0.13081868
0.07353805  0.12488787
0.06356777  0.11846631
0.05418962  0.11154266
0.04543531  0.10410644
0.03733766  0.09614807
0.02993063  0.08765897
0.02324933  0.07863164
0.01733003  0.06905972
0.01221019  0.05893808
0.00792850  0.04826289
0.00452485  0.03703169
0.00204040  0.02524351
0.00051754  0.01289889
0.00000000  0.00000000
0.00000000  0.00000000
0.00051754  -0.00415601
0.00204040  -0.00826489
0.00452485  -0.01229495
0.00792850  -0.01621728
0.01221019  -0.02000570
0.01733003  -0.02363664
0.02324933  -0.02708908
0.02993063  -0.03034446
0.03733766  -0.03338659
0.04543531  -0.03620160
0.05418962  -0.03877781
0.06356777  -0.04110567
0.07353805  -0.04317769
0.08406985  -0.04498833
0.09513360  -0.04653396
0.10670084  -0.04781271
0.11874410  -0.04882446
0.13123695  -0.04957071
0.14415394  -0.05005452
0.15747063  -0.05028040
0.17116350  -0.05025427
0.18521000  -0.04998333
0.19958848  -0.04947602
0.21427820  -0.04874192
0.22925931  -0.04779164
0.24451281  -0.04663679
0.26002056  -0.04528986
0.27576522  -0.04376415
0.29173028  -0.04207367
0.30790000  -0.04023310
0.32425942  -0.03825765
0.34079431  -0.03616303
0.35749120  -0.03396533
0.37433730  -0.03168096
0.39132052  -0.02932656
0.40842945  -0.02691890
0.42565331  -0.02447483
0.44298198  -0.02201118
0.46040593  -0.01954468
0.47791625  -0.01709185
0.49550459  -0.01466897
0.51316314  -0.01229197
0.53088467  -0.00997633
0.54866242  -0.00773704
0.56649016  -0.00558846
0.58436214  -0.00354429
0.60227305  -0.00161747
0.62021803  0.00017991
0.63819266  0.00183671
0.65619289  0.00334276
0.67421508  0.00468902
0.69225594  0.00586762
0.71031254  0.00687192
0.72838225  0.00769666
0.74646278  0.00833799
0.76455210  0.00879355
0.78264847  0.00906260
0.80075038  0.00914606
0.81885656  0.00904660
0.83696596  0.00876872
0.85507770  0.00831887
0.87319109  0.00770548
0.89130559  0.00693906
0.90942079  0.00603232
0.92753640  0.00500018
0.94565221  0.00385994
0.96376812  0.00263126
0.98188406  0.00133636
1.00000000  0.00000000
