NN16959
1.00000000  0.00000000
0.98188406  0.00215414
0.96376812  0.00473026
0.94565221  0.00771033
0.92753640  0.01107510
0.90942079  0.01480418
0.89130559  0.01887611
0.87319109  0.02326843
0.85507770  0.02795778
0.83696596  0.03291998
0.81885656  0.03813006
0.80075038  0.04356238
0.78264847  0.04919069
0.76455210  0.05498823
0.74646278  0.06092775
0.72838225  0.06698166
0.71031254  0.07312204
0.69225594  0.07932077
0.67421508  0.08554956
0.65619289  0.09178007
0.63819266  0.09798395
0.62021803  0.10413293
0.60227305  0.11019892
0.58436214  0.11615403
0.56649016  0.12197072
0.54866242  0.12762181
0.53088467  0.13308059
0.51316314  0.13832090
0.49550459  0.14331719
0.47791625  0.14804461
0.46040593  0.15247907
0.44298198  0.15659732
0.42565331  0.16037707
0.40842945  0.16379698
0.39132052  0.16683683
0.37433730  0.16947752
0.35749120  0.17170119
0.34079431  0.17349131
0.32425942  0.17483269
0.30790000  0.17571162
0.29173028  0.17611593
0.27576522  0.17603505
0.26002056  0.17546011
0.24451281  0.17438399
0.22925931  0.17280142
0.21427820  0.17070905
0.19958848  0.16810552
0.18521000  0.16499154
0.17116350  0.16136997
0.15747063  0.15724588
0.14415394  0.15262666
0.13123695  0.14752206
0.11874410  0.14194430
0.10670084  0.13590811
0.09513360  0.12943085
0.08406985  0.12253253
0.07353805  0.11523594
0.06356777  0.10756670
0.05418962  0.09955336
0.04543531  0.09122742
0.03733766  0.08262348
0.02993063  0.07377926
0.02324933  0.06473571
0.01733003  0.05553706
0.01221019  0.04623094
0.00792850  0.03686838
0.00452485  0.02750399
0.00204040  0.01819593
0.00051754  0.00900606
0.00000000  0.00000000
0.00000000  0.00000000
0.00051754  -0.00918233
0.00204040  -0.01796931
0.00452485  -0.02636244
0.00792850  -0.03436330
0.01221019  -0.04197358
0.01733003  -0.04919507
0.02324933  -0.05602966
0.02993063  -0.06247942
0.03733766  -0.06854650
0.04543531  -0.07423327
0.05418962  -0.07954223
0.06356777  -0.08447609
0.07353805  -0.08903773
0.08406985  -0.09323026
0.09513360  -0.09705702
0.10670084  -0.10052156
0.11874410  -0.10362770
0.13123695  -0.10637950
0.14415394  -0.10878133
0.15747063  -0.11083781
0.17116350  -0.11255388
0.18521000  -0.11393479
0.19958848  -0.11498612
0.21427820  -0.11571378
0.22925931  -0.11612404
0.24451281  -0.11622353
0.26002056  -0.11601926
0.27576522  -0.11551862
0.29173028  -0.11472944
0.30790000  -0.11365992
0.32425942  -0.11231871
0.34079431  -0.11071492
0.35749120  -0.10885808
0.37433730  -0.10675822
0.39132052  -0.10442583
0.40842945  -0.10187190
0.42565331  -0.09910794
0.44298198  -0.09614597
0.46040593  -0.09299853
0.47791625  -0.08967873
0.49550459  -0.08620022
0.51316314  -0.08257723
0.53088467  -0.07882457
0.54866242  -0.07495766
0.56649016  -0.07099252
0.58436214  -0.06694579
0.60227305  -0.06283476
0.62021803  -0.05867735
0.63819266  -0.05449216
0.65619289  -0.05029845
0.67421508  -0.04611619
0.69225594  -0.04196602
0.71031254  -0.03786932
0.72838225  -0.03384819
0.74646278  -0.02992547
0.76455210  -0.02612474
0.78264847  -0.02247036
0.80075038  -0.01898746
0.81885656  -0.01570197
0.83696596  -0.01264063
0.85507770  -0.00983097
0.87319109  -0.00730137
0.89130559  -0.00508106
0.90942079  -0.00320011
0.92753640  -0.00168947
0.94565221  -0.00058096
0.96376812  0.00009270
0.98188406  0.00029787
1.00000000  0.00000000
