NN16278
1.00000000  0.00000000
0.98188406  0.01450291
0.96376812  0.02816274
0.94565221  0.04102407
0.92753640  0.05312890
0.90942079  0.06451670
0.89130559  0.07522452
0.87319109  0.08528703
0.85507770  0.09473664
0.83696596  0.10360353
0.81885656  0.11191578
0.80075038  0.11969942
0.78264847  0.12697851
0.76455210  0.13377523
0.74646278  0.14010995
0.72838225  0.14600131
0.71031254  0.15146629
0.69225594  0.15652030
0.67421508  0.16117729
0.65619289  0.16544974
0.63819266  0.16934883
0.62021803  0.17288448
0.60227305  0.17606542
0.58436214  0.17889930
0.56649016  0.18139272
0.54866242  0.18355137
0.53088467  0.18538004
0.51316314  0.18688277
0.49550459  0.18806289
0.47791625  0.18892307
0.46040593  0.18946547
0.44298198  0.18969175
0.42565331  0.18960321
0.40842945  0.18920082
0.39132052  0.18848530
0.37433730  0.18745725
0.35749120  0.18611717
0.34079431  0.18446558
0.32425942  0.18250305
0.30790000  0.18023034
0.29173028  0.17764845
0.27576522  0.17475868
0.26002056  0.17156273
0.24451281  0.16806278
0.22925931  0.16426156
0.21427820  0.16016244
0.19958848  0.15576950
0.18521000  0.15108760
0.17116350  0.14612247
0.15747063  0.14088080
0.14415394  0.13537030
0.13123695  0.12959977
0.11874410  0.12357922
0.10670084  0.11731991
0.09513360  0.11083443
0.08406985  0.10413680
0.07353805  0.09724256
0.06356777  0.09016878
0.05418962  0.08293422
0.04543531  0.07555938
0.03733766  0.06806654
0.02993063  0.06047990
0.02324933  0.05282563
0.01733003  0.04513194
0.01221019  0.03742917
0.00792850  0.02974987
0.00452485  0.02212888
0.00204040  0.01460338
0.00051754  0.00721304
0.00000000  0.00000000
0.00000000  0.00000000
0.00051754  -0.00858020
0.00204040  -0.01646013
0.00452485  -0.02368542
0.00792850  -0.03029960
0.01221019  -0.03634416
0.01733003  -0.04185857
0.02324933  -0.04688032
0.02993063  -0.05144501
0.03733766  -0.05558632
0.04543531  -0.05933611
0.05418962  -0.06272443
0.06356777  -0.06577957
0.07353805  -0.06852811
0.08406985  -0.07099495
0.09513360  -0.07320336
0.10670084  -0.07517502
0.11874410  -0.07693004
0.13123695  -0.07848706
0.14415394  -0.07986322
0.15747063  -0.08107424
0.17116350  -0.08213449
0.18521000  -0.08305696
0.19958848  -0.08385336
0.21427820  -0.08453413
0.22925931  -0.08510851
0.24451281  -0.08558457
0.26002056  -0.08596922
0.27576522  -0.08626831
0.29173028  -0.08648662
0.30790000  -0.08662795
0.32425942  -0.08669510
0.34079431  -0.08668998
0.35749120  -0.08661360
0.37433730  -0.08646613
0.39132052  -0.08624695
0.40842945  -0.08595470
0.42565331  -0.08558726
0.44298198  -0.08514189
0.46040593  -0.08461519
0.47791625  -0.08400317
0.49550459  -0.08330131
0.51316314  -0.08250457
0.53088467  -0.08160745
0.54866242  -0.08060405
0.56649016  -0.07948805
0.58436214  -0.07825284
0.60227305  -0.07689146
0.62021803  -0.07539674
0.63819266  -0.07376128
0.65619289  -0.07197752
0.67421508  -0.07003775
0.69225594  -0.06793419
0.71031254  -0.06565901
0.72838225  -0.06320437
0.74646278  -0.06056250
0.76455210  -0.05772566
0.78264847  -0.05468627
0.80075038  -0.05143690
0.81885656  -0.04797032
0.83696596  -0.04427957
0.85507770  -0.04035795
0.87319109  -0.03619911
0.89130559  -0.03179706
0.90942079  -0.02714625
0.92753640  -0.02224155
0.94565221  -0.01707835
0.96376812  -0.01165259
0.98188406  -0.00596076
1.00000000  0.00000000
