NN17455
1.00000000  0.00000000
0.98188406  0.01135117
0.96376812  0.02234713
0.94565221  0.03298644
0.92753640  0.04326822
0.90942079  0.05319212
0.89130559  0.06275827
0.87319109  0.07196730
0.85507770  0.08082023
0.83696596  0.08931851
0.81885656  0.09746395
0.80075038  0.10525870
0.78264847  0.11270519
0.76455210  0.11980616
0.74646278  0.12656456
0.72838225  0.13298358
0.71031254  0.13906656
0.69225594  0.14481699
0.67421508  0.15023849
0.65619289  0.15533475
0.63819266  0.16010950
0.62021803  0.16456649
0.60227305  0.16870949
0.58436214  0.17254217
0.56649016  0.17606816
0.54866242  0.17929097
0.53088467  0.18221397
0.51316314  0.18484034
0.49550459  0.18717308
0.47791625  0.18921494
0.46040593  0.19096839
0.44298198  0.19243563
0.42565331  0.19361849
0.40842945  0.19451845
0.39132052  0.19513660
0.37433730  0.19547360
0.35749120  0.19552965
0.34079431  0.19530443
0.32425942  0.19479714
0.30790000  0.19400640
0.29173028  0.19293023
0.27576522  0.19156605
0.26002056  0.18991063
0.24451281  0.18796003
0.22925931  0.18570963
0.21427820  0.18315403
0.19958848  0.18028707
0.18521000  0.17710177
0.17116350  0.17359031
0.15747063  0.16974400
0.14415394  0.16555322
0.13123695  0.16100745
0.11874410  0.15609517
0.10670084  0.15080385
0.09513360  0.14511995
0.08406985  0.13902886
0.07353805  0.13251485
0.06356777  0.12556107
0.05418962  0.11814953
0.04543531  0.11026102
0.03733766  0.10187510
0.02993063  0.09297010
0.02324933  0.08352303
0.01733003  0.07350959
0.01221019  0.06290414
0.00792850  0.05167963
0.00452485  0.03980761
0.00204040  0.02725817
0.00051754  0.01399994
0.00000000  0.00000000
0.00000000  0.00000000
0.00051754  -0.00535985
0.00204040  -0.01001795
0.00452485  -0.01402101
0.00792850  -0.01741376
0.01221019  -0.02023896
0.01733003  -0.02253750
0.02324933  -0.02434840
0.02993063  -0.02570889
0.03733766  -0.02665446
0.04543531  -0.02721888
0.05418962  -0.02743428
0.06356777  -0.02733120
0.07353805  -0.02693862
0.08406985  -0.02628399
0.09513360  -0.02539336
0.10670084  -0.02429132
0.11874410  -0.02300115
0.13123695  -0.02154480
0.14415394  -0.01994297
0.15747063  -0.01821515
0.17116350  -0.01637968
0.18521000  -0.01445380
0.19958848  -0.01245365
0.21427820  -0.01039442
0.22925931  -0.00829029
0.24451281  -0.00615456
0.26002056  -0.00399964
0.27576522  -0.00183716
0.29173028  0.00032203
0.30790000  0.00246779
0.32425942  0.00459065
0.34079431  0.00668176
0.35749120  0.00873281
0.37433730  0.01073603
0.39132052  0.01268412
0.40842945  0.01457017
0.42565331  0.01638766
0.44298198  0.01813039
0.46040593  0.01979243
0.47791625  0.02136805
0.49550459  0.02285172
0.51316314  0.02423800
0.53088467  0.02552156
0.54866242  0.02669706
0.56649016  0.02775915
0.58436214  0.02870240
0.60227305  0.02952127
0.62021803  0.03021001
0.63819266  0.03076268
0.65619289  0.03117305
0.67421508  0.03143458
0.69225594  0.03154035
0.71031254  0.03148303
0.72838225  0.03125479
0.74646278  0.03084732
0.76455210  0.03025171
0.78264847  0.02945846
0.80075038  0.02845737
0.81885656  0.02723755
0.83696596  0.02578734
0.85507770  0.02409424
0.87319109  0.02214492
0.89130559  0.01992512
0.90942079  0.01741961
0.92753640  0.01461216
0.94565221  0.01148547
0.96376812  0.00802112
0.98188406  0.00419956
1.00000000  0.00000000
