NN1711
1.00000000  0.00000000
0.98188406  0.01386470
0.96376812  0.02729518
0.94565221  0.04026976
0.92753640  0.05276857
0.90942079  0.06477352
0.89130559  0.07626831
0.87319109  0.08723832
0.85507770  0.09767065
0.83696596  0.10755404
0.81885656  0.11687885
0.80075038  0.12563703
0.78264847  0.13382208
0.76455210  0.14142903
0.74646278  0.14845440
0.72838225  0.15489614
0.71031254  0.16075363
0.69225594  0.16602766
0.67421508  0.17072034
0.65619289  0.17483512
0.63819266  0.17837671
0.62021803  0.18135111
0.60227305  0.18376551
0.58436214  0.18562829
0.56649016  0.18694898
0.54866242  0.18773824
0.53088467  0.18800781
0.51316314  0.18777047
0.49550459  0.18704003
0.47791625  0.18583127
0.46040593  0.18415994
0.44298198  0.18204268
0.42565331  0.17949703
0.40842945  0.17654139
0.39132052  0.17319496
0.37433730  0.16947771
0.35749120  0.16541040
0.34079431  0.16101445
0.32425942  0.15631202
0.30790000  0.15132587
0.29173028  0.14607941
0.27576522  0.14059661
0.26002056  0.13490199
0.24451281  0.12902059
0.22925931  0.12297793
0.21427820  0.11679997
0.19958848  0.11051310
0.18521000  0.10414407
0.17116350  0.09771999
0.15747063  0.09126827
0.14415394  0.08481662
0.13123695  0.07839298
0.11874410  0.07202550
0.10670084  0.06574251
0.09513360  0.05957250
0.08406985  0.05354406
0.07353805  0.04768586
0.06356777  0.04202661
0.05418962  0.03659504
0.04543531  0.03141984
0.03733766  0.02652967
0.02993063  0.02195308
0.02324933  0.01771851
0.01733003  0.01385423
0.01221019  0.01038832
0.00792850  0.00734867
0.00452485  0.00476285
0.00204040  0.00265820
0.00051754  0.00106171
0.00000000  0.00000000
0.00000000  0.00000000
0.00051754  -0.00384497
0.00204040  -0.00744499
0.00452485  -0.01081391
0.00792850  -0.01396542
0.01221019  -0.01691302
0.01733003  -0.01967004
0.02324933  -0.02224955
0.02993063  -0.02466438
0.03733766  -0.02692709
0.04543531  -0.02904992
0.05418962  -0.03104479
0.06356777  -0.03292327
0.07353805  -0.03469655
0.08406985  -0.03637540
0.09513360  -0.03797017
0.10670084  -0.03949076
0.11874410  -0.04094658
0.13123695  -0.04234655
0.14415394  -0.04369903
0.15747063  -0.04501184
0.17116350  -0.04629223
0.18521000  -0.04754681
0.19958848  -0.04878159
0.21427820  -0.05000190
0.22925931  -0.05121239
0.24451281  -0.05241701
0.26002056  -0.05361897
0.27576522  -0.05482071
0.29173028  -0.05602390
0.30790000  -0.05722940
0.32425942  -0.05843721
0.34079431  -0.05964651
0.35749120  -0.06085555
0.37433730  -0.06206169
0.39132052  -0.06326135
0.40842945  -0.06445000
0.42565331  -0.06562210
0.44298198  -0.06677110
0.46040593  -0.06788942
0.47791625  -0.06896842
0.49550459  -0.06999836
0.51316314  -0.07096839
0.53088467  -0.07186651
0.54866242  -0.07267957
0.56649016  -0.07339322
0.58436214  -0.07399190
0.60227305  -0.07445879
0.62021803  -0.07477584
0.63819266  -0.07492366
0.65619289  -0.07488158
0.67421508  -0.07462757
0.69225594  -0.07413824
0.71031254  -0.07338879
0.72838225  -0.07235303
0.74646278  -0.07100330
0.76455210  -0.06931047
0.78264847  -0.06724394
0.80075038  -0.06477155
0.81885656  -0.06185964
0.83696596  -0.05847295
0.85507770  -0.05457461
0.87319109  -0.05012617
0.89130559  -0.04508750
0.90942079  -0.03941681
0.92753640  -0.03307061
0.94565221  -0.02600368
0.96376812  -0.01816906
0.98188406  -0.00951801
1.00000000  0.00000000
