NN17561
1.00000000  0.00000000
0.98188406  0.01332184
0.96376812  0.02594005
0.94565221  0.03788521
0.92753640  0.04918671
0.90942079  0.05987275
0.89130559  0.06997036
0.87319109  0.07950541
0.85507770  0.08850265
0.83696596  0.09698567
0.81885656  0.10497697
0.80075038  0.11249796
0.78264847  0.11956894
0.76455210  0.12620918
0.74646278  0.13243685
0.72838225  0.13826914
0.71031254  0.14372216
0.69225594  0.14881106
0.67421508  0.15354997
0.65619289  0.15795206
0.63819266  0.16202951
0.62021803  0.16579357
0.60227305  0.16925456
0.58436214  0.17242188
0.56649016  0.17530402
0.54866242  0.17790858
0.53088467  0.18024229
0.51316314  0.18231102
0.49550459  0.18411979
0.47791625  0.18567281
0.46040593  0.18697346
0.44298198  0.18802431
0.42565331  0.18882716
0.40842945  0.18938305
0.39132052  0.18969223
0.37433730  0.18975425
0.35749120  0.18956791
0.34079431  0.18913130
0.32425942  0.18844182
0.30790000  0.18749619
0.29173028  0.18629046
0.27576522  0.18482004
0.26002056  0.18307967
0.24451281  0.18106352
0.22925931  0.17876511
0.21427820  0.17617738
0.19958848  0.17329271
0.18521000  0.17010289
0.17116350  0.16659918
0.15747063  0.16277231
0.14415394  0.15861248
0.13123695  0.15410940
0.11874410  0.14925228
0.10670084  0.14402985
0.09513360  0.13843042
0.08406985  0.13244181
0.07353805  0.12605144
0.06356777  0.11924630
0.05418962  0.11201299
0.04543531  0.10433773
0.03733766  0.09620637
0.02993063  0.08760439
0.02324933  0.07851694
0.01733003  0.06892885
0.01221019  0.05882464
0.00792850  0.04818853
0.00452485  0.03700446
0.00204040  0.02525610
0.00051754  0.01292689
0.00000000  0.00000000
0.00000000  0.00000000
0.00051754  -0.01078689
0.00204040  -0.02054316
0.00452485  -0.02933451
0.00792850  -0.03722367
0.01221019  -0.04427046
0.01733003  -0.05053186
0.02324933  -0.05606210
0.02993063  -0.06091273
0.03733766  -0.06513266
0.04543531  -0.06876827
0.05418962  -0.07186345
0.06356777  -0.07445971
0.07353805  -0.07659620
0.08406985  -0.07830982
0.09513360  -0.07963530
0.10670084  -0.08060523
0.11874410  -0.08125016
0.13123695  -0.08159867
0.14415394  -0.08167743
0.15747063  -0.08151129
0.17116350  -0.08112332
0.18521000  -0.08053491
0.19958848  -0.07976586
0.21427820  -0.07883438
0.22925931  -0.07775723
0.24451281  -0.07654977
0.26002056  -0.07522603
0.27576522  -0.07379875
0.29173028  -0.07227953
0.30790000  -0.07067881
0.32425942  -0.06900602
0.34079431  -0.06726958
0.35749120  -0.06547705
0.37433730  -0.06363512
0.39132052  -0.06174975
0.40842945  -0.05982618
0.42565331  -0.05786908
0.44298198  -0.05588253
0.46040593  -0.05387016
0.47791625  -0.05183520
0.49550459  -0.04978054
0.51316314  -0.04770881
0.53088467  -0.04562246
0.54866242  -0.04352382
0.56649016  -0.04141518
0.58436214  -0.03929886
0.60227305  -0.03717726
0.62021803  -0.03505296
0.63819266  -0.03292880
0.65619289  -0.03080791
0.67421508  -0.02869381
0.69225594  -0.02659048
0.71031254  -0.02450242
0.72838225  -0.02243475
0.74646278  -0.02039322
0.76455210  -0.01838437
0.78264847  -0.01641551
0.80075038  -0.01449487
0.81885656  -0.01263162
0.83696596  -0.01083595
0.85507770  -0.00911917
0.87319109  -0.00749374
0.89130559  -0.00597338
0.90942079  -0.00457311
0.92753640  -0.00330934
0.94565221  -0.00219994
0.96376812  -0.00126431
0.98188406  -0.00052344
1.00000000  0.00000000
