NN17870
1.00000000  0.00000000
0.98188406  0.01501360
0.96376812  0.02956333
0.94565221  0.04361370
0.92753640  0.05713299
0.90942079  0.07009313
0.89130559  0.08246958
0.87319109  0.09424120
0.85507770  0.10539015
0.83696596  0.11590175
0.81885656  0.12576439
0.80075038  0.13496936
0.78264847  0.14351079
0.76455210  0.15138547
0.74646278  0.15859280
0.72838225  0.16513459
0.71031254  0.17101500
0.69225594  0.17624041
0.67421508  0.18081929
0.65619289  0.18476206
0.63819266  0.18808101
0.62021803  0.19079016
0.60227305  0.19290514
0.58436214  0.19444308
0.56649016  0.19542247
0.54866242  0.19586306
0.53088467  0.19578573
0.51316314  0.19521239
0.49550459  0.19416582
0.47791625  0.19266958
0.46040593  0.19074789
0.44298198  0.18842551
0.42565331  0.18572759
0.40842945  0.18267961
0.39132052  0.17930720
0.37433730  0.17563604
0.35749120  0.17169176
0.34079431  0.16749981
0.32425942  0.16308532
0.30790000  0.15847301
0.29173028  0.15368704
0.27576522  0.14875092
0.26002056  0.14368737
0.24451281  0.13851821
0.22925931  0.13326424
0.21427820  0.12794510
0.19958848  0.12257919
0.18521000  0.11718351
0.17116350  0.11177356
0.15747063  0.10636324
0.14415394  0.10096468
0.13123695  0.09558815
0.11874410  0.09024197
0.10670084  0.08493231
0.09513360  0.07966316
0.08406985  0.07443616
0.07353805  0.06925046
0.06356777  0.06410268
0.05418962  0.05898669
0.04543531  0.05389357
0.03733766  0.04881146
0.02993063  0.04372542
0.02324933  0.03861736
0.01733003  0.03346585
0.01221019  0.02824609
0.00792850  0.02292969
0.00452485  0.01748465
0.00204040  0.01187516
0.00051754  0.00606151
0.00000000  0.00000000
0.00000000  0.00000000
0.00051754  -0.00996034
0.00204040  -0.01841476
0.00452485  -0.02550162
0.00792850  -0.03135181
0.01221019  -0.03608893
0.01733003  -0.03982949
0.02324933  -0.04268307
0.02993063  -0.04475250
0.03733766  -0.04613407
0.04543531  -0.04691771
0.05418962  -0.04718712
0.06356777  -0.04702003
0.07353805  -0.04648833
0.08406985  -0.04565827
0.09513360  -0.04459064
0.10670084  -0.04334096
0.11874410  -0.04195964
0.13123695  -0.04049219
0.14415394  -0.03897939
0.15747063  -0.03745749
0.17116350  -0.03595834
0.18521000  -0.03450965
0.19958848  -0.03313511
0.21427820  -0.03185459
0.22925931  -0.03068435
0.24451281  -0.02963718
0.26002056  -0.02872261
0.27576522  -0.02794709
0.29173028  -0.02731417
0.30790000  -0.02682468
0.32425942  -0.02647689
0.34079431  -0.02626676
0.35749120  -0.02618805
0.37433730  -0.02623254
0.39132052  -0.02639020
0.40842945  -0.02664939
0.42565331  -0.02699702
0.44298198  -0.02741875
0.46040593  -0.02789915
0.47791625  -0.02842191
0.49550459  -0.02897003
0.51316314  -0.02952594
0.53088467  -0.03007177
0.54866242  -0.03058946
0.56649016  -0.03106099
0.58436214  -0.03146854
0.60227305  -0.03179466
0.62021803  -0.03202250
0.63819266  -0.03213594
0.65619289  -0.03211980
0.67421508  -0.03196003
0.69225594  -0.03164387
0.71031254  -0.03116004
0.72838225  -0.03049894
0.74646278  -0.02965281
0.76455210  -0.02861592
0.78264847  -0.02738476
0.80075038  -0.02595821
0.81885656  -0.02433774
0.83696596  -0.02252758
0.85507770  -0.02053490
0.87319109  -0.01836999
0.89130559  -0.01604648
0.90942079  -0.01358146
0.92753640  -0.01099571
0.94565221  -0.00831388
0.96376812  -0.00556465
0.98188406  -0.00278092
1.00000000  0.00000000
