NN17967
1.00000000  0.00000000
0.98188406  0.01095110
0.96376812  0.02199894
0.94565221  0.03306231
0.92753640  0.04406586
0.90942079  0.05493997
0.89130559  0.06562054
0.87319109  0.07604888
0.85507770  0.08617149
0.83696596  0.09593997
0.81885656  0.10531080
0.80075038  0.11424521
0.78264847  0.12270903
0.76455210  0.13067249
0.74646278  0.13811010
0.72838225  0.14500049
0.71031254  0.15132619
0.69225594  0.15707356
0.67421508  0.16223257
0.65619289  0.16679663
0.63819266  0.17076250
0.62021803  0.17413005
0.60227305  0.17690215
0.58436214  0.17908449
0.56649016  0.18068543
0.54866242  0.18171584
0.53088467  0.18218890
0.51316314  0.18212003
0.49550459  0.18152664
0.47791625  0.18042800
0.46040593  0.17884511
0.44298198  0.17680050
0.42565331  0.17431810
0.40842945  0.17142303
0.39132052  0.16814151
0.37433730  0.16450066
0.35749120  0.16052833
0.34079431  0.15625298
0.32425942  0.15170346
0.30790000  0.14690892
0.29173028  0.14189860
0.27576522  0.13670168
0.26002056  0.13134714
0.24451281  0.12586358
0.22925931  0.12027905
0.21427820  0.11462093
0.19958848  0.10891573
0.18521000  0.10318896
0.17116350  0.09746494
0.15747063  0.09176665
0.14415394  0.08611561
0.13123695  0.08053165
0.11874410  0.07503281
0.10670084  0.06963513
0.09513360  0.06435253
0.08406985  0.05919666
0.07353805  0.05417667
0.06356777  0.04929913
0.05418962  0.04456782
0.04543531  0.03998360
0.03733766  0.03554421
0.02993063  0.03124417
0.02324933  0.02707455
0.01733003  0.02302289
0.01221019  0.01907295
0.00792850  0.01520463
0.00452485  0.01139376
0.00204040  0.00761195
0.00051754  0.00382646
0.00000000  0.00000000
0.00000000  0.00000000
0.00051754  -0.01348958
0.00204040  -0.02521753
0.00452485  -0.03532535
0.00792850  -0.04394782
0.01221019  -0.05121306
0.01733003  -0.05724276
0.02324933  -0.06215226
0.02993063  -0.06605073
0.03733766  -0.06904133
0.04543531  -0.07122129
0.05418962  -0.07268212
0.06356777  -0.07350974
0.07353805  -0.07378460
0.08406985  -0.07358185
0.09513360  -0.07297147
0.10670084  -0.07201844
0.11874410  -0.07078284
0.13123695  -0.06932006
0.14415394  -0.06768086
0.15747063  -0.06591161
0.17116350  -0.06405435
0.18521000  -0.06214699
0.19958848  -0.06022344
0.21427820  -0.05831374
0.22925931  -0.05644423
0.24451281  -0.05463768
0.26002056  -0.05291344
0.27576522  -0.05128757
0.29173028  -0.04977301
0.30790000  -0.04837971
0.32425942  -0.04711478
0.34079431  -0.04598263
0.35749120  -0.04498512
0.37433730  -0.04412171
0.39132052  -0.04338958
0.40842945  -0.04278381
0.42565331  -0.04229750
0.44298198  -0.04192193
0.46040593  -0.04164670
0.47791625  -0.04145986
0.49550459  -0.04134808
0.51316314  -0.04129678
0.53088467  -0.04129029
0.54866242  -0.04131197
0.56649016  -0.04134437
0.58436214  -0.04136937
0.60227305  -0.04136835
0.62021803  -0.04132230
0.63819266  -0.04121197
0.65619289  -0.04101804
0.67421508  -0.04072125
0.69225594  -0.04030252
0.71031254  -0.03974316
0.72838225  -0.03902493
0.74646278  -0.03813026
0.76455210  -0.03704236
0.78264847  -0.03574537
0.80075038  -0.03422449
0.81885656  -0.03246615
0.83696596  -0.03045815
0.85507770  -0.02818980
0.87319109  -0.02565205
0.89130559  -0.02283767
0.90942079  -0.01974136
0.92753640  -0.01635991
0.94565221  -0.01269237
0.96376812  -0.00874013
0.98188406  -0.00450714
1.00000000  0.00000000
