NN1746
1.00000000  0.00000000
0.98188406  0.01774924
0.96376812  0.03429139
0.94565221  0.04967275
0.92753640  0.06393832
0.90942079  0.07713182
0.89130559  0.08929573
0.87319109  0.10047132
0.85507770  0.11069865
0.83696596  0.12001662
0.81885656  0.12846303
0.80075038  0.13607451
0.78264847  0.14288666
0.76455210  0.14893400
0.74646278  0.15425003
0.72838225  0.15886723
0.71031254  0.16281713
0.69225594  0.16613031
0.67421508  0.16883642
0.65619289  0.17096422
0.63819266  0.17254161
0.62021803  0.17359565
0.60227305  0.17415258
0.58436214  0.17423787
0.56649016  0.17387623
0.54866242  0.17309162
0.53088467  0.17190733
0.51316314  0.17034595
0.49550459  0.16842943
0.47791625  0.16617909
0.46040593  0.16361567
0.44298198  0.16075934
0.42565331  0.15762972
0.40842945  0.15424591
0.39132052  0.15062656
0.37433730  0.14678982
0.35749120  0.14275342
0.34079431  0.13853471
0.32425942  0.13415063
0.30790000  0.12961778
0.29173028  0.12495245
0.27576522  0.12017061
0.26002056  0.11528798
0.24451281  0.11032003
0.22925931  0.10528202
0.21427820  0.10018901
0.19958848  0.09505591
0.18521000  0.08989749
0.17116350  0.08472843
0.15747063  0.07956330
0.14415394  0.07441665
0.13123695  0.06930298
0.11874410  0.06423680
0.10670084  0.05923266
0.09513360  0.05430515
0.08406985  0.04946895
0.07353805  0.04473884
0.06356777  0.04012977
0.05418962  0.03565681
0.04543531  0.03133525
0.03733766  0.02718059
0.02993063  0.02320858
0.02324933  0.01943524
0.01733003  0.01587688
0.01221019  0.01255016
0.00792850  0.00947208
0.00452485  0.00666001
0.00204040  0.00413174
0.00051754  0.00190551
0.00000000  0.00000000
0.00000000  0.00000000
0.00051754  -0.00541373
0.00204040  -0.00979640
0.00452485  -0.01326667
0.00792850  -0.01593594
0.01221019  -0.01790850
0.01733003  -0.01928176
0.02324933  -0.02014641
0.02993063  -0.02058662
0.03733766  -0.02068023
0.04543531  -0.02049894
0.05418962  -0.02010847
0.06356777  -0.01956881
0.07353805  -0.01893432
0.08406985  -0.01825402
0.09513360  -0.01757170
0.10670084  -0.01692613
0.11874410  -0.01635128
0.13123695  -0.01587645
0.14415394  -0.01552652
0.15747063  -0.01532209
0.17116350  -0.01527970
0.18521000  -0.01541200
0.19958848  -0.01572795
0.21427820  -0.01623299
0.22925931  -0.01692925
0.24451281  -0.01781574
0.26002056  -0.01888852
0.27576522  -0.02014089
0.29173028  -0.02156359
0.30790000  -0.02314498
0.32425942  -0.02487126
0.34079431  -0.02672659
0.35749120  -0.02869334
0.37433730  -0.03075225
0.39132052  -0.03288265
0.40842945  -0.03506258
0.42565331  -0.03726907
0.44298198  -0.03947824
0.46040593  -0.04166557
0.47791625  -0.04380601
0.49550459  -0.04587423
0.51316314  -0.04784478
0.53088467  -0.04969229
0.54866242  -0.05139163
0.56649016  -0.05291814
0.58436214  -0.05424780
0.60227305  -0.05535740
0.62021803  -0.05622477
0.63819266  -0.05682891
0.65619289  -0.05715026
0.67421508  -0.05717079
0.69225594  -0.05687428
0.71031254  -0.05624645
0.72838225  -0.05527516
0.74646278  -0.05395061
0.76455210  -0.05226554
0.78264847  -0.05021537
0.80075038  -0.04779846
0.81885656  -0.04501621
0.83696596  -0.04187334
0.85507770  -0.03837801
0.87319109  -0.03454205
0.89130559  -0.03038113
0.90942079  -0.02591492
0.92753640  -0.02116736
0.94565221  -0.01616675
0.96376812  -0.01094603
0.98188406  -0.00554289
1.00000000  0.00000000
