NN1785
1.00000000  0.00000000
0.98188406  0.01406673
0.96376812  0.02769307
0.94565221  0.04086074
0.92753640  0.05355308
0.90942079  0.06575505
0.89130559  0.07745316
0.87319109  0.08863543
0.85507770  0.09929140
0.83696596  0.10941205
0.81885656  0.11898979
0.80075038  0.12801840
0.78264847  0.13649304
0.76455210  0.14441016
0.74646278  0.15176752
0.72838225  0.15856412
0.71031254  0.16480017
0.69225594  0.17047706
0.67421508  0.17559733
0.65619289  0.18016463
0.63819266  0.18418369
0.62021803  0.18766027
0.60227305  0.19060115
0.58436214  0.19301408
0.56649016  0.19490773
0.54866242  0.19629171
0.53088467  0.19717646
0.51316314  0.19757327
0.49550459  0.19749425
0.47791625  0.19695223
0.46040593  0.19596081
0.44298198  0.19453427
0.42565331  0.19268755
0.40842945  0.19043622
0.39132052  0.18779644
0.37433730  0.18478492
0.35749120  0.18141891
0.34079431  0.17771613
0.32425942  0.17369477
0.30790000  0.16937342
0.29173028  0.16477107
0.27576522  0.15990706
0.26002056  0.15480102
0.24451281  0.14947289
0.22925931  0.14394285
0.21427820  0.13823128
0.19958848  0.13235873
0.18521000  0.12634593
0.17116350  0.12021366
0.15747063  0.11398283
0.14415394  0.10767436
0.13123695  0.10130915
0.11874410  0.09490812
0.10670084  0.08849209
0.09513360  0.08208179
0.08406985  0.07569781
0.07353805  0.06936057
0.06356777  0.06309030
0.05418962  0.05690697
0.04543531  0.05083029
0.03733766  0.04487966
0.02993063  0.03907414
0.02324933  0.03343240
0.01733003  0.02797271
0.01221019  0.02271289
0.00792850  0.01767029
0.00452485  0.01286172
0.00204040  0.00830346
0.00051754  0.00401120
0.00000000  0.00000000
0.00000000  0.00000000
0.00051754  -0.00193545
0.00204040  -0.00417907
0.00452485  -0.00669236
0.00792850  -0.00943886
0.01221019  -0.01238418
0.01733003  -0.01549586
0.02324933  -0.01874338
0.02993063  -0.02209805
0.03733766  -0.02553299
0.04543531  -0.02902308
0.05418962  -0.03254484
0.06356777  -0.03607646
0.07353805  -0.03959767
0.08406985  -0.04308975
0.09513360  -0.04653539
0.10670084  -0.04991873
0.11874410  -0.05322521
0.13123695  -0.05644158
0.14415394  -0.05955583
0.15747063  -0.06255710
0.17116350  -0.06543565
0.18521000  -0.06818282
0.19958848  -0.07079093
0.21427820  -0.07325326
0.22925931  -0.07556397
0.24451281  -0.07771807
0.26002056  -0.07971132
0.27576522  -0.08154022
0.29173028  -0.08320193
0.30790000  -0.08469420
0.32425942  -0.08601535
0.34079431  -0.08716417
0.35749120  -0.08813991
0.37433730  -0.08894218
0.39132052  -0.08957092
0.40842945  -0.09002633
0.42565331  -0.09030882
0.44298198  -0.09041895
0.46040593  -0.09035739
0.47791625  -0.09012482
0.49550459  -0.08972192
0.51316314  -0.08914928
0.53088467  -0.08840739
0.54866242  -0.08749651
0.56649016  -0.08641668
0.58436214  -0.08516762
0.60227305  -0.08374871
0.62021803  -0.08215891
0.63819266  -0.08039667
0.65619289  -0.07845997
0.67421508  -0.07634617
0.69225594  -0.07405197
0.71031254  -0.07157341
0.72838225  -0.06890574
0.74646278  -0.06604342
0.76455210  -0.06298002
0.78264847  -0.05970819
0.80075038  -0.05621960
0.81885656  -0.05250488
0.83696596  -0.04855355
0.85507770  -0.04435399
0.87319109  -0.03989335
0.89130559  -0.03515755
0.90942079  -0.03013113
0.92753640  -0.02479730
0.94565221  -0.01913780
0.96376812  -0.01313288
0.98188406  -0.00676125
1.00000000  0.00000000
