NN17121
1.00000000  0.00000000
0.98188406  0.01196911
0.96376812  0.02410200
0.94565221  0.03632034
0.92753640  0.04855087
0.90942079  0.06072531
0.89130559  0.07278016
0.87319109  0.08465662
0.85507770  0.09630044
0.83696596  0.10766177
0.81885656  0.11869505
0.80075038  0.12935888
0.78264847  0.13961585
0.76455210  0.14943244
0.74646278  0.15877890
0.72838225  0.16762906
0.71031254  0.17596025
0.69225594  0.18375314
0.67421508  0.19099163
0.65619289  0.19766268
0.63819266  0.20375621
0.62021803  0.20926495
0.60227305  0.21418430
0.58436214  0.21851224
0.56649016  0.22224912
0.54866242  0.22539760
0.53088467  0.22796248
0.51316314  0.22995057
0.49550459  0.23137057
0.47791625  0.23223291
0.46040593  0.23254965
0.44298198  0.23233432
0.42565331  0.23160179
0.40842945  0.23036817
0.39132052  0.22865063
0.37433730  0.22646728
0.35749120  0.22383705
0.34079431  0.22077956
0.32425942  0.21731497
0.30790000  0.21346385
0.29173028  0.20924704
0.27576522  0.20468555
0.26002056  0.19980037
0.24451281  0.19461241
0.22925931  0.18914230
0.21427820  0.18341027
0.19958848  0.17743606
0.18521000  0.17123874
0.17116350  0.16483660
0.15747063  0.15824699
0.14415394  0.15148622
0.13123695  0.14456942
0.11874410  0.13751038
0.10670084  0.13032145
0.09513360  0.12301338
0.08406985  0.11559522
0.07353805  0.10807413
0.06356777  0.10045531
0.05418962  0.09274184
0.04543531  0.08493452
0.03733766  0.07703179
0.02993063  0.06902955
0.02324933  0.06092105
0.01733003  0.05269674
0.01221019  0.04434418
0.00792850  0.03584784
0.00452485  0.02718902
0.00204040  0.01834570
0.00051754  0.00929238
0.00000000  0.00000000
0.00000000  0.00000000
0.00051754  -0.00594481
0.00204040  -0.01185371
0.00452485  -0.01770616
0.00792850  -0.02348341
0.01221019  -0.02916840
0.01733003  -0.03474568
0.02324933  -0.04020139
0.02993063  -0.04552313
0.03733766  -0.05069996
0.04543531  -0.05572225
0.05418962  -0.06058169
0.06356777  -0.06527117
0.07353805  -0.06978470
0.08406985  -0.07411741
0.09513360  -0.07826540
0.10670084  -0.08222572
0.11874410  -0.08599630
0.13123695  -0.08957584
0.14415394  -0.09296379
0.15747063  -0.09616025
0.17116350  -0.09916592
0.18521000  -0.10198201
0.19958848  -0.10461018
0.21427820  -0.10705248
0.22925931  -0.10931128
0.24451281  -0.11138917
0.26002056  -0.11328893
0.27576522  -0.11501345
0.29173028  -0.11656565
0.30790000  -0.11794841
0.32425942  -0.11916451
0.34079431  -0.12021656
0.35749120  -0.12110694
0.37433730  -0.12183769
0.39132052  -0.12241050
0.40842945  -0.12282660
0.42565331  -0.12308669
0.44298198  -0.12319090
0.46040593  -0.12313869
0.47791625  -0.12292879
0.49550459  -0.12255916
0.51316314  -0.12202686
0.53088467  -0.12132804
0.54866242  -0.12045783
0.56649016  -0.11941031
0.58436214  -0.11817839
0.60227305  -0.11675378
0.62021803  -0.11512692
0.63819266  -0.11328689
0.65619289  -0.11122134
0.67421508  -0.10891644
0.69225594  -0.10635682
0.71031254  -0.10352545
0.72838225  -0.10040362
0.74646278  -0.09697086
0.76455210  -0.09320486
0.78264847  -0.08908139
0.80075038  -0.08457427
0.81885656  -0.07965526
0.83696596  -0.07429401
0.85507770  -0.06845800
0.87319109  -0.06211244
0.89130559  -0.05522024
0.90942079  -0.04774190
0.92753640  -0.03963548
0.94565221  -0.03085649
0.96376812  -0.02135787
0.98188406  -0.01108986
1.00000000  0.00000000
