NN17807
1.00000000  0.00000000
0.98188406  0.00490037
0.96376812  0.01019633
0.94565221  0.01582185
0.92753640  0.02171510
0.90942079  0.02781824
0.89130559  0.03407734
0.87319109  0.04044226
0.85507770  0.04686649
0.83696596  0.05330707
0.81885656  0.05972443
0.80075038  0.06608230
0.78264847  0.07234754
0.76455210  0.07849005
0.74646278  0.08448267
0.72838225  0.09030097
0.71031254  0.09592322
0.69225594  0.10133021
0.67421508  0.10650515
0.65619289  0.11143353
0.63819266  0.11610300
0.62021803  0.12050327
0.60227305  0.12462592
0.58436214  0.12846438
0.56649016  0.13201370
0.54866242  0.13527049
0.53088467  0.13823278
0.51316314  0.14089989
0.49550459  0.14327231
0.47791625  0.14535157
0.46040593  0.14714015
0.44298198  0.14864128
0.42565331  0.14985891
0.40842945  0.15079751
0.39132052  0.15146197
0.37433730  0.15185752
0.35749120  0.15198952
0.34079431  0.15186341
0.32425942  0.15148455
0.30790000  0.15085811
0.29173028  0.14998893
0.27576522  0.14888142
0.26002056  0.14753940
0.24451281  0.14596602
0.22925931  0.14416360
0.21427820  0.14213353
0.19958848  0.13987613
0.18521000  0.13739051
0.17116350  0.13467451
0.15747063  0.13172450
0.14415394  0.12853529
0.13123695  0.12510002
0.11874410  0.12141001
0.10670084  0.11745465
0.09513360  0.11322126
0.08406985  0.10869500
0.07353805  0.10385870
0.06356777  0.09869278
0.05418962  0.09317508
0.04543531  0.08728080
0.03733766  0.08098229
0.02993063  0.07424900
0.02324933  0.06704734
0.01733003  0.05934051
0.01221019  0.05108844
0.00792850  0.04224763
0.00452485  0.03277101
0.00204040  0.02260787
0.00051754  0.01170368
0.00000000  0.00000000
0.00000000  0.00000000
0.00051754  -0.00218430
0.00204040  -0.00454740
0.00452485  -0.00708823
0.00792850  -0.00980411
0.01221019  -0.01269077
0.01733003  -0.01574244
0.02324933  -0.01895196
0.02993063  -0.02231084
0.03733766  -0.02580931
0.04543531  -0.02943648
0.05418962  -0.03318036
0.06356777  -0.03702794
0.07353805  -0.04096530
0.08406985  -0.04497770
0.09513360  -0.04904961
0.10670084  -0.05316484
0.11874410  -0.05730659
0.13123695  -0.06145756
0.14415394  -0.06560002
0.15747063  -0.06971586
0.17116350  -0.07378673
0.18521000  -0.07779407
0.19958848  -0.08171923
0.21427820  -0.08554352
0.22925931  -0.08924829
0.24451281  -0.09281506
0.26002056  -0.09622555
0.27576522  -0.09946176
0.29173028  -0.10250610
0.30790000  -0.10534143
0.32425942  -0.10795113
0.34079431  -0.11031925
0.35749120  -0.11243050
0.37433730  -0.11427040
0.39132052  -0.11582533
0.40842945  -0.11708262
0.42565331  -0.11803063
0.44298198  -0.11865883
0.46040593  -0.11895788
0.47791625  -0.11891973
0.49550459  -0.11853767
0.51316314  -0.11780642
0.53088467  -0.11672224
0.54866242  -0.11528297
0.56649016  -0.11348813
0.58436214  -0.11133903
0.60227305  -0.10883878
0.62021803  -0.10599246
0.63819266  -0.10280711
0.65619289  -0.09929190
0.67421508  -0.09545813
0.69225594  -0.09131938
0.71031254  -0.08689154
0.72838225  -0.08219293
0.74646278  -0.07724435
0.76455210  -0.07206919
0.78264847  -0.06669347
0.80075038  -0.06114597
0.81885656  -0.05545829
0.83696596  -0.04966492
0.85507770  -0.04380332
0.87319109  -0.03791405
0.89130559  -0.03204078
0.90942079  -0.02623042
0.92753640  -0.02053318
0.94565221  -0.01500266
0.96376812  -0.00969594
0.98188406  -0.00467363
1.00000000  0.00000000
