NN17303
1.00000000  0.00000000
0.98188406  0.02025012
0.96376812  0.03938394
0.94565221  0.05743998
0.92753640  0.07445513
0.90942079  0.09046466
0.89130559  0.10550228
0.87319109  0.11960021
0.85507770  0.13278924
0.83696596  0.14509879
0.81885656  0.15655693
0.80075038  0.16719049
0.78264847  0.17702508
0.76455210  0.18608517
0.74646278  0.19439411
0.72838225  0.20197425
0.71031254  0.20884693
0.69225594  0.21503259
0.67421508  0.22055078
0.65619289  0.22542027
0.63819266  0.22965905
0.62021803  0.23328444
0.60227305  0.23631310
0.58436214  0.23876113
0.56649016  0.24064410
0.54866242  0.24197711
0.53088467  0.24277486
0.51316314  0.24305167
0.49550459  0.24282161
0.47791625  0.24209848
0.46040593  0.24089590
0.44298198  0.23922739
0.42565331  0.23710637
0.40842945  0.23454628
0.39132052  0.23156059
0.37433730  0.22816289
0.35749120  0.22436690
0.34079431  0.22018660
0.32425942  0.21563622
0.30790000  0.21073033
0.29173028  0.20548388
0.27576522  0.19991229
0.26002056  0.19403145
0.24451281  0.18785786
0.22925931  0.18140858
0.21427820  0.17470138
0.19958848  0.16775477
0.18521000  0.16058803
0.17116350  0.15322129
0.15747063  0.14567558
0.14415394  0.13797291
0.13123695  0.13013628
0.11874410  0.12218979
0.10670084  0.11415865
0.09513360  0.10606927
0.08406985  0.09794932
0.07353805  0.08982774
0.06356777  0.08173486
0.05418962  0.07370241
0.04543531  0.06576359
0.03733766  0.05795316
0.02993063  0.05030744
0.02324933  0.04286440
0.01733003  0.03566372
0.01221019  0.02874684
0.00792850  0.02215701
0.00452485  0.01593935
0.00204040  0.01014093
0.00051754  0.00481078
0.00000000  0.00000000
0.00000000  0.00000000
0.00051754  -0.00180314
0.00204040  -0.00401135
0.00452485  -0.00657083
0.00792850  -0.00943047
0.01221019  -0.01254177
0.01733003  -0.01585883
0.02324933  -0.01933825
0.02993063  -0.02293913
0.03733766  -0.02662297
0.04543531  -0.03035366
0.05418962  -0.03409740
0.06356777  -0.03782267
0.07353805  -0.04150017
0.08406985  -0.04510276
0.09513360  -0.04860543
0.10670084  -0.05198523
0.11874410  -0.05522123
0.13123695  -0.05829448
0.14415394  -0.06118791
0.15747063  -0.06388635
0.17116350  -0.06637643
0.18521000  -0.06864654
0.19958848  -0.07068678
0.21427820  -0.07248893
0.22925931  -0.07404636
0.24451281  -0.07535401
0.26002056  -0.07640832
0.27576522  -0.07720720
0.29173028  -0.07774996
0.30790000  -0.07803727
0.32425942  -0.07807110
0.34079431  -0.07785467
0.35749120  -0.07739242
0.37433730  -0.07668994
0.39132052  -0.07575390
0.40842945  -0.07459206
0.42565331  -0.07321314
0.44298198  -0.07162684
0.46040593  -0.06984375
0.47791625  -0.06787530
0.49550459  -0.06573372
0.51316314  -0.06343199
0.53088467  -0.06098379
0.54866242  -0.05840345
0.56649016  -0.05570586
0.58436214  -0.05290650
0.60227305  -0.05002131
0.62021803  -0.04706668
0.63819266  -0.04405939
0.65619289  -0.04101657
0.67421508  -0.03795563
0.69225594  -0.03489422
0.71031254  -0.03185017
0.72838225  -0.02884145
0.74646278  -0.02588613
0.76455210  -0.02300230
0.78264847  -0.02020804
0.80075038  -0.01752136
0.81885656  -0.01496015
0.83696596  -0.01254214
0.85507770  -0.01028484
0.87319109  -0.00820547
0.89130559  -0.00632097
0.90942079  -0.00464787
0.92753640  -0.00320229
0.94565221  -0.00199988
0.96376812  -0.00105577
0.98188406  -0.00038450
1.00000000  0.00000000
