NN17977
1.00000000  0.00000000
0.98188406  0.01424287
0.96376812  0.02731773
0.94565221  0.03932506
0.92753640  0.05035827
0.90942079  0.06050396
0.89130559  0.06984213
0.87319109  0.07844641
0.85507770  0.08638431
0.83696596  0.09371743
0.81885656  0.10050169
0.80075038  0.10678759
0.78264847  0.11262040
0.76455210  0.11804042
0.74646278  0.12308320
0.72838225  0.12777977
0.71031254  0.13215687
0.69225594  0.13623719
0.67421508  0.14003960
0.65619289  0.14357935
0.63819266  0.14686835
0.62021803  0.14991537
0.60227305  0.15272627
0.58436214  0.15530424
0.56649016  0.15765005
0.54866242  0.15976221
0.53088467  0.16163731
0.51316314  0.16327014
0.49550459  0.16465401
0.47791625  0.16578091
0.46040593  0.16664179
0.44298198  0.16722677
0.42565331  0.16752539
0.40842945  0.16752680
0.39132052  0.16722002
0.37433730  0.16659418
0.35749120  0.16563873
0.34079431  0.16434368
0.32425942  0.16269983
0.30790000  0.16069898
0.29173028  0.15833421
0.27576522  0.15560007
0.26002056  0.15249281
0.24451281  0.14901064
0.22925931  0.14515392
0.21427820  0.14092545
0.19958848  0.13633062
0.18521000  0.13137772
0.17116350  0.12607813
0.15747063  0.12044654
0.14415394  0.11450121
0.13123695  0.10826419
0.11874410  0.10176154
0.10670084  0.09502358
0.09513360  0.08808511
0.08406985  0.08098563
0.07353805  0.07376958
0.06356777  0.06648660
0.05418962  0.05919171
0.04543531  0.05194555
0.03733766  0.04481467
0.02993063  0.03787166
0.02324933  0.03119549
0.01733003  0.02487165
0.01221019  0.01899243
0.00792850  0.01365714
0.00452485  0.00897234
0.00204040  0.00505206
0.00051754  0.00201805
0.00000000  0.00000000
0.00000000  0.00000000
0.00051754  -0.01009843
0.00204040  -0.01947390
0.00452485  -0.02815902
0.00792850  -0.03618534
0.01221019  -0.04358338
0.01733003  -0.05038263
0.02324933  -0.05661159
0.02993063  -0.06229775
0.03733766  -0.06746765
0.04543531  -0.07214689
0.05418962  -0.07636012
0.06356777  -0.08013109
0.07353805  -0.08348266
0.08406985  -0.08643680
0.09513360  -0.08901462
0.10670084  -0.09123643
0.11874410  -0.09312166
0.13123695  -0.09468899
0.14415394  -0.09595629
0.15747063  -0.09694066
0.17116350  -0.09765848
0.18521000  -0.09812536
0.19958848  -0.09835623
0.21427820  -0.09836532
0.22925931  -0.09816618
0.24451281  -0.09777171
0.26002056  -0.09719417
0.27576522  -0.09644520
0.29173028  -0.09553584
0.30790000  -0.09447655
0.32425942  -0.09327720
0.34079431  -0.09194716
0.35749120  -0.09049523
0.37433730  -0.08892972
0.39132052  -0.08725845
0.40842945  -0.08548875
0.42565331  -0.08362752
0.44298198  -0.08168119
0.46040593  -0.07965581
0.47791625  -0.07755700
0.49550459  -0.07539001
0.51316314  -0.07315973
0.53088467  -0.07087069
0.54866242  -0.06852710
0.56649016  -0.06613287
0.58436214  -0.06369161
0.60227305  -0.06120666
0.62021803  -0.05868110
0.63819266  -0.05611779
0.65619289  -0.05351935
0.67421508  -0.05088822
0.69225594  -0.04822666
0.71031254  -0.04553674
0.72838225  -0.04282042
0.74646278  -0.04007952
0.76455210  -0.03731574
0.78264847  -0.03453070
0.80075038  -0.03172596
0.81885656  -0.02890301
0.83696596  -0.02606332
0.85507770  -0.02320832
0.87319109  -0.02033947
0.89130559  -0.01745824
0.90942079  -0.01456612
0.92753640  -0.01166469
0.94565221  -0.00875557
0.96376812  -0.00584050
0.98188406  -0.00292132
1.00000000  0.00000000
