NN18266
1.00000000  0.00000000
0.98188406  0.00817260
0.96376812  0.01573125
0.94565221  0.02274122
0.92753640  0.02926286
0.90942079  0.03535171
0.89130559  0.04105865
0.87319109  0.04643010
0.85507770  0.05150812
0.83696596  0.05633060
0.81885656  0.06093141
0.80075038  0.06534055
0.78264847  0.06958429
0.76455210  0.07368534
0.74646278  0.07766302
0.72838225  0.08153338
0.71031254  0.08530938
0.69225594  0.08900105
0.67421508  0.09261560
0.65619289  0.09615763
0.63819266  0.09962925
0.62021803  0.10303026
0.60227305  0.10635827
0.58436214  0.10960889
0.56649016  0.11277586
0.54866242  0.11585121
0.53088467  0.11882545
0.51316314  0.12168764
0.49550459  0.12442564
0.47791625  0.12702621
0.46040593  0.12947517
0.44298198  0.13175757
0.42565331  0.13385782
0.40842945  0.13575989
0.39132052  0.13744742
0.37433730  0.13890387
0.35749120  0.14011272
0.34079431  0.14105760
0.32425942  0.14172243
0.30790000  0.14209159
0.29173028  0.14215009
0.27576522  0.14188367
0.26002056  0.14127904
0.24451281  0.14032395
0.22925931  0.13900740
0.21427820  0.13731977
0.19958848  0.13525298
0.18521000  0.13280065
0.17116350  0.12995823
0.15747063  0.12672321
0.14415394  0.12309521
0.13123695  0.11907617
0.11874410  0.11467051
0.10670084  0.10988526
0.09513360  0.10473023
0.08406985  0.09921817
0.07353805  0.09336490
0.06356777  0.08718950
0.05418962  0.08071443
0.04543531  0.07396571
0.03733766  0.06697307
0.02993063  0.05977008
0.02324933  0.05239436
0.01733003  0.04488765
0.01221019  0.03729605
0.00792850  0.02967013
0.00452485  0.02206510
0.00204040  0.01454092
0.00051754  0.00716255
0.00000000  0.00000000
0.00000000  0.00000000
0.00051754  -0.00566670
0.00204040  -0.01131767
0.00452485  -0.01690455
0.00792850  -0.02238362
0.01221019  -0.02771561
0.01733003  -0.03286555
0.02324933  -0.03780260
0.02993063  -0.04249991
0.03733766  -0.04693442
0.04543531  -0.05108675
0.05418962  -0.05494099
0.06356777  -0.05848456
0.07353805  -0.06170805
0.08406985  -0.06460507
0.09513360  -0.06717206
0.10670084  -0.06940813
0.11874410  -0.07131492
0.13123695  -0.07289646
0.14415394  -0.07415893
0.15747063  -0.07511056
0.17116350  -0.07576148
0.18521000  -0.07612351
0.19958848  -0.07621001
0.21427820  -0.07603576
0.22925931  -0.07561675
0.24451281  -0.07497003
0.26002056  -0.07411357
0.27576522  -0.07306609
0.29173028  -0.07184685
0.30790000  -0.07047559
0.32425942  -0.06897226
0.34079431  -0.06735692
0.35749120  -0.06564959
0.37433730  -0.06387002
0.39132052  -0.06203762
0.40842945  -0.06017121
0.42565331  -0.05828893
0.44298198  -0.05640802
0.46040593  -0.05454471
0.47791625  -0.05271401
0.49550459  -0.05092960
0.51316314  -0.04920362
0.53088467  -0.04754654
0.54866242  -0.04596699
0.56649016  -0.04447159
0.58436214  -0.04306479
0.60227305  -0.04174872
0.62021803  -0.04052303
0.63819266  -0.03938471
0.65619289  -0.03832793
0.67421508  -0.03734391
0.69225594  -0.03642072
0.71031254  -0.03554313
0.72838225  -0.03469246
0.74646278  -0.03384641
0.76455210  -0.03297891
0.78264847  -0.03205991
0.80075038  -0.03105531
0.81885656  -0.02992670
0.83696596  -0.02863126
0.85507770  -0.02712158
0.87319109  -0.02534550
0.89130559  -0.02324594
0.90942079  -0.02076077
0.92753640  -0.01782260
0.94565221  -0.01435865
0.96376812  -0.01029059
0.98188406  -0.00553435
1.00000000  0.00000000
