NN18830
1.00000000  0.00000000
0.98188406  0.01380982
0.96376812  0.02640479
0.94565221  0.03785213
0.92753640  0.04821697
0.90942079  0.05756241
0.89130559  0.06594952
0.87319109  0.07343731
0.85507770  0.08008280
0.83696596  0.08594103
0.81885656  0.09106504
0.80075038  0.09550591
0.78264847  0.09931276
0.76455210  0.10253278
0.74646278  0.10521125
0.72838225  0.10739152
0.71031254  0.10911506
0.69225594  0.11042145
0.67421508  0.11134842
0.65619289  0.11193184
0.63819266  0.11220575
0.62021803  0.11220237
0.60227305  0.11195209
0.58436214  0.11148355
0.56649016  0.11082358
0.54866242  0.10999725
0.53088467  0.10902790
0.51316314  0.10793712
0.49550459  0.10674478
0.47791625  0.10546906
0.46040593  0.10412644
0.44298198  0.10273171
0.42565331  0.10129802
0.40842945  0.09983687
0.39132052  0.09835812
0.37433730  0.09687001
0.35749120  0.09537918
0.34079431  0.09389069
0.32425942  0.09240802
0.30790000  0.09093308
0.29173028  0.08946625
0.27576522  0.08800636
0.26002056  0.08655075
0.24451281  0.08509523
0.22925931  0.08363415
0.21427820  0.08216036
0.19958848  0.08066528
0.18521000  0.07913885
0.17116350  0.07756963
0.15747063  0.07594471
0.14415394  0.07424982
0.13123695  0.07246929
0.11874410  0.07058608
0.10670084  0.06858179
0.09513360  0.06643668
0.08406985  0.06412969
0.07353805  0.06163842
0.06356777  0.05893921
0.05418962  0.05600709
0.04543531  0.05281583
0.03733766  0.04933793
0.02993063  0.04554467
0.02324933  0.04140609
0.01733003  0.03689103
0.01221019  0.03196711
0.00792850  0.02660079
0.00452485  0.02075736
0.00204040  0.01440095
0.00051754  0.00749454
0.00000000  0.00000000
0.00000000  0.00000000
0.00051754  -0.00120314
0.00204040  -0.00245647
0.00452485  -0.00374480
0.00792850  -0.00505477
0.01221019  -0.00637483
0.01733003  -0.00769512
0.02324933  -0.00900736
0.02993063  -0.01030480
0.03733766  -0.01158209
0.04543531  -0.01283522
0.05418962  -0.01406141
0.06356777  -0.01525901
0.07353805  -0.01642745
0.08406985  -0.01756710
0.09513360  -0.01867922
0.10670084  -0.01976584
0.11874410  -0.02082968
0.13123695  -0.02187405
0.14415394  -0.02290279
0.15747063  -0.02392013
0.17116350  -0.02493066
0.18521000  -0.02593917
0.19958848  -0.02695061
0.21427820  -0.02796999
0.22925931  -0.02900226
0.24451281  -0.03005226
0.26002056  -0.03112461
0.27576522  -0.03222361
0.29173028  -0.03335315
0.30790000  -0.03451666
0.32425942  -0.03571695
0.34079431  -0.03695618
0.35749120  -0.03823572
0.37433730  -0.03955611
0.39132052  -0.04091693
0.40842945  -0.04231671
0.42565331  -0.04375288
0.44298198  -0.04522162
0.46040593  -0.04671781
0.47791625  -0.04823493
0.49550459  -0.04976496
0.51316314  -0.05129831
0.53088467  -0.05282370
0.54866242  -0.05432808
0.56649016  -0.05579656
0.58436214  -0.05721230
0.60227305  -0.05855640
0.62021803  -0.05980785
0.63819266  -0.06094341
0.65619289  -0.06193754
0.67421508  -0.06276227
0.69225594  -0.06338718
0.71031254  -0.06377922
0.72838225  -0.06390268
0.74646278  -0.06371910
0.76455210  -0.06318715
0.78264847  -0.06226254
0.80075038  -0.06089795
0.81885656  -0.05904294
0.83696596  -0.05664384
0.85507770  -0.05364365
0.87319109  -0.04998200
0.89130559  -0.04559499
0.90942079  -0.04041517
0.92753640  -0.03437138
0.94565221  -0.02738873
0.96376812  -0.01938843
0.98188406  -0.01028777
1.00000000  0.00000000
