NN18499
1.00000000  0.00000000
0.98188406  0.01981876
0.96376812  0.03875635
0.94565221  0.05679888
0.92753640  0.07393577
0.90942079  0.09015965
0.89130559  0.10546618
0.87319109  0.11985397
0.85507770  0.13332443
0.83696596  0.14588163
0.81885656  0.15753222
0.80075038  0.16828523
0.78264847  0.17815202
0.76455210  0.18714609
0.74646278  0.19528297
0.72838225  0.20258012
0.71031254  0.20905676
0.69225594  0.21473377
0.67421508  0.21963355
0.65619289  0.22377990
0.63819266  0.22719789
0.62021803  0.22991370
0.60227305  0.23195456
0.58436214  0.23334857
0.56649016  0.23412457
0.54866242  0.23431205
0.53088467  0.23394097
0.51316314  0.23304170
0.49550459  0.23164482
0.47791625  0.22978103
0.46040593  0.22748103
0.44298198  0.22477538
0.42565331  0.22169435
0.40842945  0.21826782
0.39132052  0.21452517
0.37433730  0.21049509
0.35749120  0.20620550
0.34079431  0.20168344
0.32425942  0.19695486
0.30790000  0.19204459
0.29173028  0.18697614
0.27576522  0.18177162
0.26002056  0.17645156
0.24451281  0.17103484
0.22925931  0.16553853
0.21427820  0.15997775
0.19958848  0.15436557
0.18521000  0.14871288
0.17116350  0.14302823
0.15747063  0.13731774
0.14415394  0.13158495
0.13123695  0.12583070
0.11874410  0.12005300
0.10670084  0.11424691
0.09513360  0.10840439
0.08406985  0.10251419
0.07353805  0.09656172
0.06356777  0.09052892
0.05418962  0.08439414
0.04543531  0.07813198
0.03733766  0.07171322
0.02993063  0.06510463
0.02324933  0.05826887
0.01733003  0.05116439
0.01221019  0.04374524
0.00792850  0.03596100
0.00452485  0.02775660
0.00204040  0.01907226
0.00051754  0.00984329
0.00000000  0.00000000
0.00000000  0.00000000
0.00051754  -0.00840612
0.00204040  -0.01597867
0.00452485  -0.02278548
0.00792850  -0.02889056
0.01221019  -0.03435419
0.01733003  -0.03923304
0.02324933  -0.04358025
0.02993063  -0.04744553
0.03733766  -0.05087529
0.04543531  -0.05391269
0.05418962  -0.05659780
0.06356777  -0.05896763
0.07353805  -0.06105631
0.08406985  -0.06289511
0.09513360  -0.06451262
0.10670084  -0.06593478
0.11874410  -0.06718501
0.13123695  -0.06828433
0.14415394  -0.06925143
0.15747063  -0.07010278
0.17116350  -0.07085273
0.18521000  -0.07151362
0.19958848  -0.07209585
0.21427820  -0.07260803
0.22925931  -0.07305704
0.24451281  -0.07344814
0.26002056  -0.07378507
0.27576522  -0.07407016
0.29173028  -0.07430442
0.30790000  -0.07448764
0.32425942  -0.07461851
0.34079431  -0.07469469
0.35749120  -0.07471292
0.37433730  -0.07466913
0.39132052  -0.07455855
0.40842945  -0.07437577
0.42565331  -0.07411487
0.44298198  -0.07376955
0.46040593  -0.07333314
0.47791625  -0.07279880
0.49550459  -0.07215955
0.51316314  -0.07140842
0.53088467  -0.07053852
0.54866242  -0.06954313
0.56649016  -0.06841583
0.58436214  -0.06715060
0.60227305  -0.06574188
0.62021803  -0.06418473
0.63819266  -0.06247488
0.65619289  -0.06060884
0.67421508  -0.05858404
0.69225594  -0.05639887
0.71031254  -0.05405283
0.72838225  -0.05154659
0.74646278  -0.04888212
0.76455210  -0.04606279
0.78264847  -0.04309346
0.80075038  -0.03998055
0.81885656  -0.03673222
0.83696596  -0.03335838
0.85507770  -0.02987086
0.87319109  -0.02628346
0.89130559  -0.02261210
0.90942079  -0.01887485
0.92753640  -0.01509212
0.94565221  -0.01128669
0.96376812  -0.00748383
0.98188406  -0.00371141
1.00000000  0.00000000
