NN18077
1.00000000  0.00000000
0.98188406  0.01948423
0.96376812  0.03688113
0.94565221  0.05233552
0.92753640  0.06598571
0.90942079  0.07796371
0.89130559  0.08839528
0.87319109  0.09740016
0.85507770  0.10509212
0.83696596  0.11157920
0.81885656  0.11696374
0.80075038  0.12134261
0.78264847  0.12480730
0.76455210  0.12744409
0.74646278  0.12933415
0.72838225  0.13055372
0.71031254  0.13117422
0.69225594  0.13126243
0.67421508  0.13088057
0.65619289  0.13008650
0.63819266  0.12893380
0.62021803  0.12747196
0.60227305  0.12574652
0.58436214  0.12379915
0.56649016  0.12166786
0.54866242  0.11938711
0.53088467  0.11698793
0.51316314  0.11449809
0.49550459  0.11194224
0.47791625  0.10934201
0.46040593  0.10671622
0.44298198  0.10408094
0.42565331  0.10144969
0.40842945  0.09883354
0.39132052  0.09624128
0.37433730  0.09367956
0.35749120  0.09115298
0.34079431  0.08866430
0.32425942  0.08621452
0.30790000  0.08380307
0.29173028  0.08142790
0.27576522  0.07908566
0.26002056  0.07677183
0.24451281  0.07448084
0.22925931  0.07220622
0.21427820  0.06994077
0.19958848  0.06767665
0.18521000  0.06540554
0.17116350  0.06311880
0.15747063  0.06080757
0.14415394  0.05846296
0.13123695  0.05607613
0.11874410  0.05363850
0.10670084  0.05114180
0.09513360  0.04857830
0.08406985  0.04594090
0.07353805  0.04322328
0.06356777  0.04042002
0.05418962  0.03752679
0.04543531  0.03454045
0.03733766  0.03145917
0.02993063  0.02828264
0.02324933  0.02501215
0.01733003  0.02165073
0.01221019  0.01820333
0.00792850  0.01467693
0.00452485  0.01108068
0.00204040  0.00742606
0.00051754  0.00372699
0.00000000  0.00000000
0.00000000  0.00000000
0.00051754  -0.00673507
0.00204040  -0.01299215
0.00452485  -0.01878400
0.00792850  -0.02412410
0.01221019  -0.02902661
0.01733003  -0.03350632
0.02324933  -0.03757859
0.02993063  -0.04125929
0.03733766  -0.04456474
0.04543531  -0.04751166
0.05418962  -0.05011709
0.06356777  -0.05239836
0.07353805  -0.05437302
0.08406985  -0.05605876
0.09513360  -0.05747342
0.10670084  -0.05863483
0.11874410  -0.05956084
0.13123695  -0.06026923
0.14415394  -0.06077765
0.15747063  -0.06110353
0.17116350  -0.06126411
0.18521000  -0.06127629
0.19958848  -0.06115662
0.21427820  -0.06092123
0.22925931  -0.06058577
0.24451281  -0.06016537
0.26002056  -0.05967454
0.27576522  -0.05912716
0.29173028  -0.05853641
0.30790000  -0.05791468
0.32425942  -0.05727354
0.34079431  -0.05662368
0.35749120  -0.05597487
0.37433730  -0.05533584
0.39132052  -0.05471430
0.40842945  -0.05411682
0.42565331  -0.05354881
0.44298198  -0.05301445
0.46040593  -0.05251662
0.47791625  -0.05205687
0.49550459  -0.05163532
0.51316314  -0.05125066
0.53088467  -0.05090003
0.54866242  -0.05057900
0.56649016  -0.05028151
0.58436214  -0.04999980
0.60227305  -0.04972435
0.62021803  -0.04944384
0.63819266  -0.04914508
0.65619289  -0.04881294
0.67421508  -0.04843032
0.69225594  -0.04797806
0.71031254  -0.04743493
0.72838225  -0.04677750
0.74646278  -0.04598015
0.76455210  -0.04501497
0.78264847  -0.04385174
0.80075038  -0.04245782
0.81885656  -0.04079814
0.83696596  -0.03883510
0.85507770  -0.03652858
0.87319109  -0.03383578
0.89130559  -0.03071126
0.90942079  -0.02710682
0.92753640  -0.02297147
0.94565221  -0.01825136
0.96376812  -0.01288974
0.98188406  -0.00682688
1.00000000  0.00000000
