NN18137
1.00000000  0.00000000
0.98188406  0.01735653
0.96376812  0.03414395
0.94565221  0.05035491
0.92753640  0.06598246
0.90942079  0.08102012
0.89130559  0.09546189
0.87319109  0.10930223
0.85507770  0.12253609
0.83696596  0.13515892
0.81885656  0.14716670
0.80075038  0.15855593
0.78264847  0.16932366
0.76455210  0.17946749
0.74646278  0.18898557
0.72838225  0.19787666
0.71031254  0.20614009
0.69225594  0.21377581
0.67421508  0.22078439
0.65619289  0.22716701
0.63819266  0.23292552
0.62021803  0.23806241
0.60227305  0.24258084
0.58436214  0.24648468
0.56649016  0.24977845
0.54866242  0.25246741
0.53088467  0.25455754
0.51316314  0.25605553
0.49550459  0.25696886
0.47791625  0.25730572
0.46040593  0.25707510
0.44298198  0.25628678
0.42565331  0.25495131
0.40842945  0.25308009
0.39132052  0.25068531
0.37433730  0.24778001
0.35749120  0.24437808
0.34079431  0.24049427
0.32425942  0.23614420
0.30790000  0.23134439
0.29173028  0.22611225
0.27576522  0.22046609
0.26002056  0.21442519
0.24451281  0.20800972
0.22925931  0.20124082
0.21427820  0.19414061
0.19958848  0.18673216
0.18521000  0.17903956
0.17116350  0.17108787
0.15747063  0.16290318
0.14415394  0.15451263
0.13123695  0.14594436
0.11874410  0.13722760
0.10670084  0.12839263
0.09513360  0.11947080
0.08406985  0.11049458
0.07353805  0.10149752
0.06356777  0.09251430
0.05418962  0.08358073
0.04543531  0.07473376
0.03733766  0.06601150
0.02993063  0.05745323
0.02324933  0.04909941
0.01733003  0.04099169
0.01221019  0.03317293
0.00792850  0.02568723
0.00452485  0.01857989
0.00204040  0.01189748
0.00051754  0.00568782
0.00000000  0.00000000
0.00000000  0.00000000
0.00051754  -0.00462092
0.00204040  -0.00907300
0.00452485  -0.01335520
0.00792850  -0.01746652
0.01221019  -0.02140603
0.01733003  -0.02517284
0.02324933  -0.02876616
0.02993063  -0.03218525
0.03733766  -0.03542947
0.04543531  -0.03849827
0.05418962  -0.04139120
0.06356777  -0.04410793
0.07353805  -0.04664824
0.08406985  -0.04901205
0.09513360  -0.05119939
0.10670084  -0.05321047
0.11874410  -0.05504562
0.13123695  -0.05670535
0.14415394  -0.05819032
0.15747063  -0.05950140
0.17116350  -0.06063961
0.18521000  -0.06160618
0.19958848  -0.06240255
0.21427820  -0.06303034
0.22925931  -0.06349143
0.24451281  -0.06378789
0.26002056  -0.06392204
0.27576522  -0.06389644
0.29173028  -0.06371392
0.30790000  -0.06337754
0.32425942  -0.06289063
0.34079431  -0.06225683
0.35749120  -0.06148003
0.37433730  -0.06056443
0.39132052  -0.05951451
0.40842945  -0.05833508
0.42565331  -0.05703127
0.44298198  -0.05560851
0.46040593  -0.05407260
0.47791625  -0.05242964
0.49550459  -0.05068612
0.51316314  -0.04884886
0.53088467  -0.04692507
0.54866242  -0.04492231
0.56649016  -0.04284854
0.58436214  -0.04071211
0.60227305  -0.03852176
0.62021803  -0.03628666
0.63819266  -0.03401637
0.65619289  -0.03172090
0.67421508  -0.02941066
0.69225594  -0.02709654
0.71031254  -0.02478984
0.72838225  -0.02250236
0.74646278  -0.02024632
0.76455210  -0.01803446
0.78264847  -0.01587996
0.80075038  -0.01379652
0.81885656  -0.01179833
0.83696596  -0.00990009
0.85507770  -0.00811700
0.87319109  -0.00646481
0.89130559  -0.00495977
0.90942079  -0.00361871
0.92753640  -0.00245896
0.94565221  -0.00149846
0.96376812  -0.00075566
0.98188406  -0.00024963
1.00000000  0.00000000
