NN18630
1.00000000  0.00000000
0.98188406  0.01353939
0.96376812  0.02630568
0.94565221  0.03832692
0.92753640  0.04963008
0.90942079  0.06024097
0.89130559  0.07018438
0.87319109  0.07948405
0.85507770  0.08816271
0.83696596  0.09624216
0.81885656  0.10374325
0.80075038  0.11068593
0.78264847  0.11708931
0.76455210  0.12297167
0.74646278  0.12835051
0.72838225  0.13324256
0.71031254  0.13766385
0.69225594  0.14162970
0.67421508  0.14515480
0.65619289  0.14825323
0.63819266  0.15093848
0.62021803  0.15322348
0.60227305  0.15512069
0.58436214  0.15664205
0.56649016  0.15779909
0.54866242  0.15860292
0.53088467  0.15906427
0.51316314  0.15919356
0.49550459  0.15900089
0.47791625  0.15849609
0.46040593  0.15768876
0.44298198  0.15658830
0.42565331  0.15520397
0.40842945  0.15354487
0.39132052  0.15162001
0.37433730  0.14943837
0.35749120  0.14700888
0.34079431  0.14434048
0.32425942  0.14144217
0.30790000  0.13832301
0.29173028  0.13499221
0.27576522  0.13145908
0.26002056  0.12773316
0.24451281  0.12382419
0.22925931  0.11974215
0.21427820  0.11549733
0.19958848  0.11110034
0.18521000  0.10656214
0.17116350  0.10189409
0.15747063  0.09710796
0.14415394  0.09221601
0.13123695  0.08723098
0.11874410  0.08216615
0.10670084  0.07703535
0.09513360  0.07185303
0.08406985  0.06663426
0.07353805  0.06139480
0.06356777  0.05615110
0.05418962  0.05092035
0.04543531  0.04572053
0.03733766  0.04057041
0.02993063  0.03548962
0.02324933  0.03049866
0.01733003  0.02561894
0.01221019  0.02087283
0.00792850  0.01628368
0.00452485  0.01187586
0.00204040  0.00767478
0.00051754  0.00370695
0.00000000  0.00000000
0.00000000  0.00000000
0.00051754  -0.00756265
0.00204040  -0.01445323
0.00452485  -0.02069615
0.00792850  -0.02631645
0.01221019  -0.03133972
0.01733003  -0.03579200
0.02324933  -0.03969979
0.02993063  -0.04308990
0.03733766  -0.04598943
0.04543531  -0.04842569
0.05418962  -0.05042613
0.06356777  -0.05201830
0.07353805  -0.05322972
0.08406985  -0.05408789
0.09513360  -0.05462015
0.10670084  -0.05485368
0.11874410  -0.05481539
0.13123695  -0.05453184
0.14415394  -0.05402923
0.15747063  -0.05333328
0.17116350  -0.05246919
0.18521000  -0.05146154
0.19958848  -0.05033428
0.21427820  -0.04911060
0.22925931  -0.04781292
0.24451281  -0.04646278
0.26002056  -0.04508077
0.27576522  -0.04368652
0.29173028  -0.04229855
0.30790000  -0.04093428
0.32425942  -0.03960991
0.34079431  -0.03834038
0.35749120  -0.03713928
0.37433730  -0.03601881
0.39132052  -0.03498969
0.40842945  -0.03406111
0.42565331  -0.03324065
0.44298198  -0.03253421
0.46040593  -0.03194597
0.47791625  -0.03147828
0.49550459  -0.03113163
0.51316314  -0.03090456
0.53088467  -0.03079361
0.54866242  -0.03079324
0.56649016  -0.03089575
0.58436214  -0.03109125
0.60227305  -0.03136756
0.62021803  -0.03171017
0.63819266  -0.03210213
0.65619289  -0.03252404
0.67421508  -0.03295392
0.69225594  -0.03336721
0.71031254  -0.03373665
0.72838225  -0.03403222
0.74646278  -0.03422109
0.76455210  -0.03426757
0.78264847  -0.03413298
0.80075038  -0.03377565
0.81885656  -0.03315082
0.83696596  -0.03221055
0.85507770  -0.03090373
0.87319109  -0.02917591
0.89130559  -0.02696931
0.90942079  -0.02422274
0.92753640  -0.02087149
0.94565221  -0.01684732
0.96376812  -0.01207836
0.98188406  -0.00648902
1.00000000  0.00000000
