NN18310
1.00000000  0.00000000
0.98188406  0.01441045
0.96376812  0.02786987
0.94565221  0.04042592
0.92753640  0.05212469
0.90942079  0.06301065
0.89130559  0.07312674
0.87319109  0.08251432
0.85507770  0.09121318
0.83696596  0.09926159
0.81885656  0.10669629
0.80075038  0.11355250
0.78264847  0.11986391
0.76455210  0.12566273
0.74646278  0.13097967
0.72838225  0.13584397
0.71031254  0.14028339
0.69225594  0.14432425
0.67421508  0.14799140
0.65619289  0.15130826
0.63819266  0.15429684
0.62021803  0.15697770
0.60227305  0.15937002
0.58436214  0.16149158
0.56649016  0.16335877
0.54866242  0.16498659
0.53088467  0.16638871
0.51316314  0.16757740
0.49550459  0.16856364
0.47791625  0.16935702
0.46040593  0.16996585
0.44298198  0.17039710
0.42565331  0.17065645
0.40842945  0.17074829
0.39132052  0.17067572
0.37433730  0.17044057
0.35749120  0.17004341
0.34079431  0.16948355
0.32425942  0.16875908
0.30790000  0.16786684
0.29173028  0.16680247
0.27576522  0.16556037
0.26002056  0.16413378
0.24451281  0.16251472
0.22925931  0.16069403
0.21427820  0.15866142
0.19958848  0.15640540
0.18521000  0.15391336
0.17116350  0.15117153
0.15747063  0.14816504
0.14415394  0.14487788
0.13123695  0.14129294
0.11874410  0.13739204
0.10670084  0.13315587
0.09513360  0.12856409
0.08406985  0.12359526
0.07353805  0.11822691
0.06356777  0.11243551
0.05418962  0.10619652
0.04543531  0.09948434
0.03733766  0.09227239
0.02993063  0.08453308
0.02324933  0.07623783
0.01733003  0.06735706
0.01221019  0.05786024
0.00792850  0.04771588
0.00452485  0.03689153
0.00204040  0.02535379
0.00051754  0.01306836
0.00000000  0.00000000
0.00000000  0.00000000
0.00051754  -0.00621271
0.00204040  -0.01136910
0.00452485  -0.01554815
0.00792850  -0.01882627
0.01221019  -0.02127723
0.01733003  -0.02297225
0.02324933  -0.02397997
0.02993063  -0.02436647
0.03733766  -0.02419529
0.04543531  -0.02352747
0.05418962  -0.02242152
0.06356777  -0.02093347
0.07353805  -0.01911686
0.08406985  -0.01702278
0.09513360  -0.01469986
0.10670084  -0.01219432
0.11874410  -0.00954994
0.13123695  -0.00680810
0.14415394  -0.00400781
0.15747063  -0.00118570
0.17116350  0.00162398
0.18521000  0.00438929
0.19958848  0.00708062
0.21427820  0.00967069
0.22925931  0.01213451
0.24451281  0.01444936
0.26002056  0.01659481
0.27576522  0.01855265
0.29173028  0.02030693
0.30790000  0.02184391
0.32425942  0.02315207
0.34079431  0.02422207
0.35749120  0.02504673
0.37433730  0.02562108
0.39132052  0.02594224
0.40842945  0.02600950
0.42565331  0.02582424
0.44298198  0.02538996
0.46040593  0.02471224
0.47791625  0.02379872
0.49550459  0.02265911
0.51316314  0.02130516
0.53088467  0.01975063
0.54866242  0.01801131
0.56649016  0.01610496
0.58436214  0.01405136
0.60227305  0.01187221
0.62021803  0.00959119
0.63819266  0.00723391
0.65619289  0.00482789
0.67421508  0.00240256
0.69225594  -0.00001076
0.71031254  -0.00237886
0.72838225  -0.00466671
0.74646278  -0.00683739
0.76455210  -0.00885217
0.78264847  -0.01067052
0.80075038  -0.01225010
0.81885656  -0.01354676
0.83696596  -0.01451463
0.85507770  -0.01510604
0.87319109  -0.01527161
0.89130559  -0.01496022
0.90942079  -0.01411905
0.92753640  -0.01269358
0.94565221  -0.01062763
0.96376812  -0.00786332
0.98188406  -0.00434116
1.00000000  0.00000000
