NN1833
1.00000000  0.00000000
0.98188406  0.00420121
0.96376812  0.00912909
0.94565221  0.01466275
0.92753640  0.02068872
0.90942079  0.02710078
0.89130559  0.03379976
0.87319109  0.04069339
0.85507770  0.04769607
0.83696596  0.05472870
0.81885656  0.06171853
0.80075038  0.06859891
0.78264847  0.07530914
0.76455210  0.08179432
0.74646278  0.08800508
0.72838225  0.09389746
0.71031254  0.09943271
0.69225594  0.10457710
0.67421508  0.10930173
0.65619289  0.11358235
0.63819266  0.11739917
0.62021803  0.12073668
0.60227305  0.12358346
0.58436214  0.12593200
0.56649016  0.12777852
0.54866242  0.12912276
0.53088467  0.12996781
0.51316314  0.13031994
0.49550459  0.13018838
0.47791625  0.12958517
0.46040593  0.12852494
0.44298198  0.12702476
0.42565331  0.12510392
0.40842945  0.12278378
0.39132052  0.12008754
0.37433730  0.11704010
0.35749120  0.11366786
0.34079431  0.10999850
0.32425942  0.10606084
0.30790000  0.10188465
0.29173028  0.09750042
0.27576522  0.09293925
0.26002056  0.08823258
0.24451281  0.08341206
0.22925931  0.07850936
0.21427820  0.07355596
0.19958848  0.06858299
0.18521000  0.06362101
0.17116350  0.05869988
0.15747063  0.05384852
0.14415394  0.04909475
0.13123695  0.04446511
0.11874410  0.03998464
0.10670084  0.03567676
0.09513360  0.03156300
0.08406985  0.02766290
0.07353805  0.02399374
0.06356777  0.02057043
0.05418962  0.01740529
0.04543531  0.01450784
0.03733766  0.01188467
0.02993063  0.00953920
0.02324933  0.00747155
0.01733003  0.00567829
0.01221019  0.00415230
0.00792850  0.00288260
0.00452485  0.00185409
0.00204040  0.00104744
0.00051754  0.00043888
0.00000000  0.00000000
0.00000000  0.00000000
0.00051754  -0.01313013
0.00204040  -0.02473509
0.00452485  -0.03492078
0.00792850  -0.04378836
0.01221019  -0.05143441
0.01733003  -0.05795100
0.02324933  -0.06342582
0.02993063  -0.06794228
0.03733766  -0.07157962
0.04543531  -0.07441300
0.05418962  -0.07651361
0.06356777  -0.07794881
0.07353805  -0.07878218
0.08406985  -0.07907367
0.09513360  -0.07887969
0.10670084  -0.07825323
0.11874410  -0.07724392
0.13123695  -0.07589820
0.14415394  -0.07425939
0.15747063  -0.07236780
0.17116350  -0.07026084
0.18521000  -0.06797312
0.19958848  -0.06553656
0.21427820  -0.06298052
0.22925931  -0.06033184
0.24451281  -0.05761504
0.26002056  -0.05485234
0.27576522  -0.05206380
0.29173028  -0.04926747
0.30790000  -0.04647940
0.32425942  -0.04371383
0.34079431  -0.04098328
0.35749120  -0.03829860
0.37433730  -0.03566917
0.39132052  -0.03310291
0.40842945  -0.03060647
0.42565331  -0.02818526
0.44298198  -0.02584363
0.46040593  -0.02358491
0.47791625  -0.02141157
0.49550459  -0.01932529
0.51316314  -0.01732707
0.53088467  -0.01541736
0.54866242  -0.01359616
0.56649016  -0.01186309
0.58436214  -0.01021753
0.60227305  -0.00865875
0.62021803  -0.00718594
0.63819266  -0.00579839
0.65619289  -0.00449557
0.67421508  -0.00327722
0.69225594  -0.00214347
0.71031254  -0.00109497
0.72838225  -0.00013294
0.74646278  0.00074066
0.76455210  0.00152309
0.78264847  0.00221064
0.80075038  0.00279862
0.81885656  0.00328119
0.83696596  0.00365125
0.85507770  0.00390038
0.87319109  0.00401869
0.89130559  0.00399475
0.90942079  0.00381546
0.92753640  0.00346593
0.94565221  0.00292941
0.96376812  0.00218716
0.98188406  0.00121837
1.00000000  0.00000000
