NN18287
1.00000000  0.00000000
0.98188406  0.01594884
0.96376812  0.03117767
0.94565221  0.04570507
0.92753640  0.05954849
0.90942079  0.07272432
0.89130559  0.08524792
0.87319109  0.09713369
0.85507770  0.10839509
0.83696596  0.11904474
0.81885656  0.12909443
0.80075038  0.13855520
0.78264847  0.14743739
0.76455210  0.15575067
0.74646278  0.16350412
0.72838225  0.17070625
0.71031254  0.17736510
0.69225594  0.18348824
0.67421508  0.18908287
0.65619289  0.19415583
0.63819266  0.19871368
0.62021803  0.20276275
0.60227305  0.20630917
0.58436214  0.20935895
0.56649016  0.21191803
0.54866242  0.21399230
0.53088467  0.21558771
0.51316314  0.21671026
0.49550459  0.21736609
0.47791625  0.21756153
0.46040593  0.21730313
0.44298198  0.21659774
0.42565331  0.21545256
0.40842945  0.21387516
0.39132052  0.21187357
0.37433730  0.20945633
0.35749120  0.20663249
0.34079431  0.20341175
0.32425942  0.19980442
0.30790000  0.19582157
0.29173028  0.19147498
0.27576522  0.18677727
0.26002056  0.18174191
0.24451281  0.17638330
0.22925931  0.17071680
0.21427820  0.16475881
0.19958848  0.15852677
0.18521000  0.15203927
0.17116350  0.14531608
0.15747063  0.13837820
0.14415394  0.13124790
0.13123695  0.12394880
0.11874410  0.11650591
0.10670084  0.10894568
0.09513360  0.10129603
0.08406985  0.09358646
0.07353805  0.08584806
0.06356777  0.07811354
0.05418962  0.07041736
0.04543531  0.06279570
0.03733766  0.05528656
0.02993063  0.04792980
0.02324933  0.04076720
0.01733003  0.03384249
0.01221019  0.02720142
0.00792850  0.02089182
0.00452485  0.01496364
0.00204040  0.00946900
0.00051754  0.00446225
0.00000000  0.00000000
0.00000000  0.00000000
0.00051754  -0.01256719
0.00204040  -0.02363008
0.00452485  -0.03331104
0.00792850  -0.04172592
0.01221019  -0.04898420
0.01733003  -0.05518915
0.02324933  -0.06043799
0.02993063  -0.06482211
0.03733766  -0.06842718
0.04543531  -0.07133336
0.05418962  -0.07361545
0.06356777  -0.07534305
0.07353805  -0.07658077
0.08406985  -0.07738835
0.09513360  -0.07782088
0.10670084  -0.07792890
0.11874410  -0.07775866
0.13123695  -0.07735222
0.14415394  -0.07674762
0.15747063  -0.07597910
0.17116350  -0.07507723
0.18521000  -0.07406909
0.19958848  -0.07297844
0.21427820  -0.07182588
0.22925931  -0.07062903
0.24451281  -0.06940272
0.26002056  -0.06815910
0.27576522  -0.06690788
0.29173028  -0.06565644
0.30790000  -0.06441003
0.32425942  -0.06317196
0.34079431  -0.06194372
0.35749120  -0.06072516
0.37433730  -0.05951472
0.39132052  -0.05830951
0.40842945  -0.05710554
0.42565331  -0.05589787
0.44298198  -0.05468079
0.46040593  -0.05344796
0.47791625  -0.05219261
0.49550459  -0.05090772
0.51316314  -0.04958615
0.53088467  -0.04822082
0.54866242  -0.04680490
0.56649016  -0.04533197
0.58436214  -0.04379619
0.60227305  -0.04219247
0.62021803  -0.04051660
0.63819266  -0.03876552
0.65619289  -0.03693736
0.67421508  -0.03503172
0.69225594  -0.03304978
0.71031254  -0.03099448
0.72838225  -0.02887069
0.74646278  -0.02668541
0.76455210  -0.02444787
0.78264847  -0.02216978
0.80075038  -0.01986544
0.81885656  -0.01755194
0.83696596  -0.01524932
0.85507770  -0.01298073
0.87319109  -0.01077262
0.89130559  -0.00865489
0.90942079  -0.00666109
0.92753640  -0.00482855
0.94565221  -0.00319856
0.96376812  -0.00181656
0.98188406  -0.00073230
1.00000000  0.00000000
