NN18892
1.00000000  0.00000000
0.98188406  0.00988175
0.96376812  0.02003274
0.94565221  0.03036200
0.92753640  0.04078533
0.90942079  0.05122511
0.89130559  0.06161001
0.87319109  0.07187485
0.85507770  0.08196036
0.83696596  0.09181296
0.81885656  0.10138456
0.80075038  0.11063232
0.78264847  0.11951850
0.76455210  0.12801017
0.74646278  0.13607904
0.72838225  0.14370124
0.71031254  0.15085712
0.69225594  0.15753101
0.67421508  0.16371101
0.65619289  0.16938881
0.63819266  0.17455943
0.62021803  0.17922106
0.60227305  0.18337480
0.58436214  0.18702446
0.56649016  0.19017636
0.54866242  0.19283911
0.53088467  0.19502340
0.51316314  0.19674177
0.49550459  0.19800843
0.47791625  0.19883901
0.46040593  0.19925036
0.44298198  0.19926036
0.42565331  0.19888768
0.40842945  0.19815157
0.39132052  0.19707165
0.37433730  0.19566772
0.35749120  0.19395949
0.34079431  0.19196645
0.32425942  0.18970756
0.30790000  0.18720113
0.29173028  0.18446454
0.27576522  0.18151405
0.26002056  0.17836459
0.24451281  0.17502957
0.22925931  0.17152061
0.21427820  0.16784736
0.19958848  0.16401732
0.18521000  0.16003555
0.17116350  0.15590453
0.15747063  0.15162390
0.14415394  0.14719028
0.13123695  0.14259703
0.11874410  0.13783405
0.10670084  0.13288756
0.09513360  0.12773990
0.08406985  0.12236930
0.07353805  0.11674970
0.06356777  0.11085048
0.05418962  0.10463630
0.04543531  0.09806686
0.03733766  0.09109670
0.02993063  0.08367498
0.02324933  0.07574525
0.01733003  0.06724529
0.01221019  0.05810684
0.00792850  0.04825539
0.00452485  0.03761004
0.00204040  0.02608317
0.00051754  0.01358034
0.00000000  0.00000000
0.00000000  0.00000000
0.00051754  -0.00840492
0.00204040  -0.01571604
0.00452485  -0.02203489
0.00792850  -0.02745702
0.01221019  -0.03207217
0.01733003  -0.03596439
0.02324933  -0.03921226
0.02993063  -0.04188901
0.03733766  -0.04406272
0.04543531  -0.04579644
0.05418962  -0.04714840
0.06356777  -0.04817216
0.07353805  -0.04891675
0.08406985  -0.04942685
0.09513360  -0.04974298
0.10670084  -0.04990161
0.11874410  -0.04993538
0.13123695  -0.04987321
0.14415394  -0.04974052
0.15747063  -0.04955934
0.17116350  -0.04934853
0.18521000  -0.04912388
0.19958848  -0.04889832
0.21427820  -0.04868209
0.22925931  -0.04848286
0.24451281  -0.04830592
0.26002056  -0.04815437
0.27576522  -0.04802922
0.29173028  -0.04792963
0.30790000  -0.04785300
0.32425942  -0.04779519
0.34079431  -0.04775066
0.35749120  -0.04771263
0.37433730  -0.04767326
0.39132052  -0.04762380
0.40842945  -0.04755476
0.42565331  -0.04745607
0.44298198  -0.04731725
0.46040593  -0.04712758
0.47791625  -0.04687623
0.49550459  -0.04655247
0.51316314  -0.04614582
0.53088467  -0.04564618
0.54866242  -0.04504403
0.56649016  -0.04433060
0.58436214  -0.04349800
0.60227305  -0.04253942
0.62021803  -0.04144926
0.63819266  -0.04022331
0.65619289  -0.03885893
0.67421508  -0.03735520
0.69225594  -0.03571305
0.71031254  -0.03393550
0.72838225  -0.03202775
0.74646278  -0.02999738
0.76455210  -0.02785451
0.78264847  -0.02561198
0.80075038  -0.02328547
0.81885656  -0.02089369
0.83696596  -0.01845857
0.85507770  -0.01600538
0.87319109  -0.01356291
0.89130559  -0.01116365
0.90942079  -0.00884392
0.92753640  -0.00664406
0.94565221  -0.00460861
0.96376812  -0.00278643
0.98188406  -0.00123087
1.00000000  0.00000000
