NN18680
1.00000000  0.00000000
0.98188406  0.02175418
0.96376812  0.04146888
0.94565221  0.05928996
0.92753640  0.07535565
0.90942079  0.08979671
0.89130559  0.10273664
0.87319109  0.11429188
0.85507770  0.12457203
0.83696596  0.13368001
0.81885656  0.14171231
0.80075038  0.14875915
0.78264847  0.15490471
0.76455210  0.16022733
0.74646278  0.16479969
0.72838225  0.16868902
0.71031254  0.17195732
0.69225594  0.17466153
0.67421508  0.17685377
0.65619289  0.17858150
0.63819266  0.17988775
0.62021803  0.18081131
0.60227305  0.18138694
0.58436214  0.18164556
0.56649016  0.18161446
0.54866242  0.18131749
0.53088467  0.18077528
0.51316314  0.18000543
0.49550459  0.17902270
0.47791625  0.17783925
0.46040593  0.17646479
0.44298198  0.17490682
0.42565331  0.17317081
0.40842945  0.17126042
0.39132052  0.16917768
0.37433730  0.16692322
0.35749120  0.16449643
0.34079431  0.16189570
0.32425942  0.15911861
0.30790000  0.15616213
0.29173028  0.15302279
0.27576522  0.14969695
0.26002056  0.14618095
0.24451281  0.14247131
0.22925931  0.13856496
0.21427820  0.13445943
0.19958848  0.13015303
0.18521000  0.12564508
0.17116350  0.12093611
0.15747063  0.11602804
0.14415394  0.11092440
0.13123695  0.10563052
0.11874410  0.10015375
0.10670084  0.09450363
0.09513360  0.08869211
0.08406985  0.08273378
0.07353805  0.07664601
0.06356777  0.07044920
0.05418962  0.06416695
0.04543531  0.05782630
0.03733766  0.05145790
0.02993063  0.04509620
0.02324933  0.03877970
0.01733003  0.03255110
0.01221019  0.02645754
0.00792850  0.02055077
0.00452485  0.01488739
0.00204040  0.00952900
0.00051754  0.00454244
0.00000000  0.00000000
0.00000000  0.00000000
0.00051754  -0.01184502
0.00204040  -0.02227209
0.00452485  -0.03136726
0.00792850  -0.03921405
0.01221019  -0.04589342
0.01733003  -0.05148386
0.02324933  -0.05606136
0.02993063  -0.05969946
0.03733766  -0.06246921
0.04543531  -0.06443927
0.05418962  -0.06567584
0.06356777  -0.06624276
0.07353805  -0.06620146
0.08406985  -0.06561101
0.09513360  -0.06452816
0.10670084  -0.06300729
0.11874410  -0.06110049
0.13123695  -0.05885755
0.14415394  -0.05632599
0.15747063  -0.05355106
0.17116350  -0.05057578
0.18521000  -0.04744092
0.19958848  -0.04418506
0.21427820  -0.04084460
0.22925931  -0.03745375
0.24451281  -0.03404457
0.26002056  -0.03064697
0.27576522  -0.02728877
0.29173028  -0.02399565
0.30790000  -0.02079123
0.32425942  -0.01769705
0.34079431  -0.01473260
0.35749120  -0.01191535
0.37433730  -0.00926073
0.39132052  -0.00678218
0.40842945  -0.00449118
0.42565331  -0.00239721
0.44298198  -0.00050783
0.46040593  0.00117134
0.47791625  0.00263659
0.49550459  0.00388610
0.51316314  0.00491992
0.53088467  0.00573999
0.54866242  0.00635006
0.56649016  0.00675572
0.58436214  0.00696436
0.60227305  0.00698516
0.62021803  0.00682909
0.63819266  0.00650884
0.65619289  0.00603886
0.67421508  0.00543533
0.69225594  0.00471612
0.71031254  0.00390077
0.72838225  0.00301051
0.74646278  0.00206822
0.76455210  0.00109840
0.78264847  0.00012717
0.80075038  -0.00081774
0.81885656  -0.00170705
0.83696596  -0.00250987
0.85507770  -0.00319382
0.87319109  -0.00372493
0.89130559  -0.00406778
0.90942079  -0.00418541
0.92753640  -0.00403941
0.94565221  -0.00358989
0.96376812  -0.00279555
0.98188406  -0.00161363
1.00000000  0.00000000
