NN18918
1.00000000  0.00000000
0.98188406  0.00332406
0.96376812  0.00691415
0.94565221  0.01075107
0.92753640  0.01481536
0.90942079  0.01908732
0.89130559  0.02354704
0.87319109  0.02817447
0.85507770  0.03294942
0.83696596  0.03785159
0.81885656  0.04286064
0.80075038  0.04795619
0.78264847  0.05311786
0.76455210  0.05832532
0.74646278  0.06355832
0.72838225  0.06879671
0.71031254  0.07402047
0.69225594  0.07920978
0.67421508  0.08434502
0.65619289  0.08940681
0.63819266  0.09437605
0.62021803  0.09923396
0.60227305  0.10396210
0.58436214  0.10854242
0.56649016  0.11295727
0.54866242  0.11718946
0.53088467  0.12122228
0.51316314  0.12503953
0.49550459  0.12862558
0.47791625  0.13196537
0.46040593  0.13504446
0.44298198  0.13784907
0.42565331  0.14036610
0.40842945  0.14258318
0.39132052  0.14448868
0.37433730  0.14607178
0.35749120  0.14732248
0.34079431  0.14823162
0.32425942  0.14879094
0.30790000  0.14899313
0.29173028  0.14883181
0.27576522  0.14830159
0.26002056  0.14739814
0.24451281  0.14611817
0.22925931  0.14445949
0.21427820  0.14242104
0.19958848  0.14000293
0.18521000  0.13720645
0.17116350  0.13403416
0.15747063  0.13048984
0.14415394  0.12657860
0.13123695  0.12230689
0.11874410  0.11768250
0.10670084  0.11271466
0.09513360  0.10741400
0.08406985  0.10179264
0.07353805  0.09586422
0.06356777  0.08964388
0.05418962  0.08314838
0.04543531  0.07639604
0.03733766  0.06940686
0.02993063  0.06220249
0.02324933  0.05480631
0.01733003  0.04724343
0.01221019  0.03954073
0.00792850  0.03172693
0.00452485  0.02383257
0.00204040  0.01589007
0.00051754  0.00793378
0.00000000  0.00000000
0.00000000  0.00000000
0.00051754  -0.00215946
0.00204040  -0.00422591
0.00452485  -0.00618341
0.00792850  -0.00801786
0.01221019  -0.00971697
0.01733003  -0.01127014
0.02324933  -0.01266848
0.02993063  -0.01390465
0.03733766  -0.01497289
0.04543531  -0.01586891
0.05418962  -0.01658982
0.06356777  -0.01713410
0.07353805  -0.01750152
0.08406985  -0.01769308
0.09513360  -0.01771096
0.10670084  -0.01755844
0.11874410  -0.01723983
0.13123695  -0.01676045
0.14415394  -0.01612654
0.15747063  -0.01534518
0.17116350  -0.01442426
0.18521000  -0.01337243
0.19958848  -0.01219898
0.21427820  -0.01091383
0.22925931  -0.00952746
0.24451281  -0.00805082
0.26002056  -0.00649532
0.27576522  -0.00487270
0.29173028  -0.00319502
0.30790000  -0.00147461
0.32425942  0.00027607
0.34079431  0.00204440
0.35749120  0.00381771
0.37433730  0.00558335
0.39132052  0.00732871
0.40842945  0.00904134
0.42565331  0.01070894
0.44298198  0.01231950
0.46040593  0.01386129
0.47791625  0.01532297
0.49550459  0.01669364
0.51316314  0.01796288
0.53088467  0.01912085
0.54866242  0.02015833
0.56649016  0.02106676
0.58436214  0.02183835
0.60227305  0.02246611
0.62021803  0.02294391
0.63819266  0.02326655
0.65619289  0.02342984
0.67421508  0.02343062
0.69225594  0.02326687
0.71031254  0.02293773
0.72838225  0.02244357
0.74646278  0.02178609
0.76455210  0.02096833
0.78264847  0.01999476
0.80075038  0.01887134
0.81885656  0.01760557
0.83696596  0.01620657
0.85507770  0.01468512
0.87319109  0.01305374
0.89130559  0.01132673
0.90942079  0.00952029
0.92753640  0.00765248
0.94565221  0.00574338
0.96376812  0.00381509
0.98188406  0.00189184
1.00000000  0.00000000
