NN18304
1.00000000  0.00000000
0.98188406  0.00990824
0.96376812  0.01930037
0.94565221  0.02820363
0.92753640  0.03664396
0.90942079  0.04464605
0.89130559  0.05223337
0.87319109  0.05942815
0.85507770  0.06625145
0.83696596  0.07272313
0.81885656  0.07886188
0.80075038  0.08468527
0.78264847  0.09020971
0.76455210  0.09545053
0.74646278  0.10042195
0.72838225  0.10513711
0.71031254  0.10960811
0.69225594  0.11384599
0.67421508  0.11786078
0.65619289  0.12166151
0.63819266  0.12525621
0.62021803  0.12865195
0.60227305  0.13185484
0.58436214  0.13487008
0.56649016  0.13770192
0.54866242  0.14035374
0.53088467  0.14282802
0.51316314  0.14512638
0.49550459  0.14724961
0.47791625  0.14919766
0.46040593  0.15096967
0.44298198  0.15256399
0.42565331  0.15397819
0.40842945  0.15520910
0.39132052  0.15625279
0.37433730  0.15710463
0.35749120  0.15775926
0.34079431  0.15821065
0.32425942  0.15845211
0.30790000  0.15847628
0.29173028  0.15827518
0.27576522  0.15784021
0.26002056  0.15716217
0.24451281  0.15623129
0.22925931  0.15503724
0.21427820  0.15356911
0.19958848  0.15181551
0.18521000  0.14976452
0.17116350  0.14740372
0.15747063  0.14472024
0.14415394  0.14170072
0.13123695  0.13833139
0.11874410  0.13459806
0.10670084  0.13048611
0.09513360  0.12598057
0.08406985  0.12106606
0.07353805  0.11572690
0.06356777  0.10994704
0.05418962  0.10371012
0.04543531  0.09699950
0.03733766  0.08979826
0.02993063  0.08208919
0.02324933  0.07385487
0.01733003  0.06507763
0.01221019  0.05573961
0.00792850  0.04582275
0.00452485  0.03530881
0.00204040  0.02417941
0.00051754  0.01241602
0.00000000  0.00000000
0.00000000  0.00000000
0.00051754  -0.01162210
0.00204040  -0.02243054
0.00452485  -0.03245415
0.00792850  -0.04172063
0.01221019  -0.05025662
0.01733003  -0.05808774
0.02324933  -0.06523863
0.02993063  -0.07173300
0.03733766  -0.07759372
0.04543531  -0.08284280
0.05418962  -0.08750152
0.06356777  -0.09159042
0.07353805  -0.09512936
0.08406985  -0.09813762
0.09513360  -0.10063386
0.10670084  -0.10263627
0.11874410  -0.10416256
0.13123695  -0.10523000
0.14415394  -0.10585551
0.15747063  -0.10605572
0.17116350  -0.10584695
0.18521000  -0.10524533
0.19958848  -0.10426684
0.21427820  -0.10292730
0.22925931  -0.10124251
0.24451281  -0.09922825
0.26002056  -0.09690031
0.27576522  -0.09427461
0.29173028  -0.09136717
0.30790000  -0.08819422
0.32425942  -0.08477223
0.34079431  -0.08111794
0.35749120  -0.07724846
0.37433730  -0.07318126
0.39132052  -0.06893428
0.40842945  -0.06452592
0.42565331  -0.05997516
0.44298198  -0.05530154
0.46040593  -0.05052526
0.47791625  -0.04566719
0.49550459  -0.04074899
0.51316314  -0.03579306
0.53088467  -0.03082268
0.54866242  -0.02586202
0.56649016  -0.02093619
0.58436214  -0.01607128
0.60227305  -0.01129446
0.62021803  -0.00663397
0.63819266  -0.00211922
0.65619289  0.00221922
0.67421508  0.00634949
0.69225594  0.01023845
0.71031254  0.01385161
0.72838225  0.01715309
0.74646278  0.02010554
0.76455210  0.02267014
0.78264847  0.02480648
0.80075038  0.02647257
0.81885656  0.02762478
0.83696596  0.02821776
0.85507770  0.02820442
0.87319109  0.02753584
0.89130559  0.02616129
0.90942079  0.02402810
0.92753640  0.02108166
0.94565221  0.01726536
0.96376812  0.01252053
0.98188406  0.00678639
1.00000000  0.00000000
