NN18096
1.00000000  0.00000000
0.98188406  0.00308751
0.96376812  0.00636810
0.94565221  0.00984323
0.92753640  0.01351201
0.90942079  0.01737119
0.89130559  0.02141537
0.87319109  0.02563711
0.85507770  0.03002699
0.83696596  0.03457380
0.81885656  0.03926462
0.80075038  0.04408495
0.78264847  0.04901885
0.76455210  0.05404901
0.74646278  0.05915691
0.72838225  0.06432295
0.71031254  0.06952652
0.69225594  0.07474616
0.67421508  0.07995968
0.65619289  0.08514426
0.63819266  0.09027657
0.62021803  0.09533292
0.60227305  0.10028933
0.58436214  0.10512170
0.56649016  0.10980590
0.54866242  0.11431790
0.53088467  0.11863388
0.51316314  0.12273037
0.49550459  0.12658434
0.47791625  0.13017334
0.46040593  0.13347564
0.44298198  0.13647028
0.42565331  0.13913729
0.40842945  0.14145771
0.39132052  0.14341378
0.37433730  0.14498904
0.35749120  0.14616841
0.34079431  0.14693838
0.32425942  0.14728708
0.30790000  0.14720442
0.29173028  0.14668220
0.27576522  0.14571423
0.26002056  0.14429646
0.24451281  0.14242709
0.22925931  0.14010670
0.21427820  0.13733834
0.19958848  0.13412771
0.18521000  0.13048320
0.17116350  0.12641609
0.15747063  0.12194060
0.14415394  0.11707407
0.13123695  0.11183702
0.11874410  0.10625334
0.10670084  0.10035034
0.09513360  0.09415891
0.08406985  0.08771363
0.07353805  0.08105289
0.06356777  0.07421901
0.05418962  0.06725836
0.04543531  0.06022149
0.03733766  0.05316322
0.02993063  0.04614279
0.02324933  0.03922397
0.01733003  0.03247517
0.01221019  0.02596957
0.00792850  0.01978526
0.00452485  0.01400530
0.00204040  0.00871790
0.00051754  0.00401653
0.00000000  0.00000000
0.00000000  0.00000000
0.00051754  -0.00984690
0.00204040  -0.01881105
0.00452485  -0.02693590
0.00792850  -0.03426376
0.01221019  -0.04083583
0.01733003  -0.04669220
0.02324933  -0.05187186
0.02993063  -0.05641268
0.03733766  -0.06035148
0.04543531  -0.06372398
0.05418962  -0.06656484
0.06356777  -0.06890763
0.07353805  -0.07078490
0.08406985  -0.07222813
0.09513360  -0.07326778
0.10670084  -0.07393325
0.11874410  -0.07425294
0.13123695  -0.07425423
0.14415394  -0.07396349
0.15747063  -0.07340609
0.17116350  -0.07260641
0.18521000  -0.07158784
0.19958848  -0.07037281
0.21427820  -0.06898277
0.22925931  -0.06743820
0.24451281  -0.06575866
0.26002056  -0.06396273
0.27576522  -0.06206808
0.29173028  -0.06009144
0.30790000  -0.05804862
0.32425942  -0.05595453
0.34079431  -0.05382316
0.35749120  -0.05166761
0.37433730  -0.04950009
0.39132052  -0.04733194
0.40842945  -0.04517361
0.42565331  -0.04303471
0.44298198  -0.04092396
0.46040593  -0.03884926
0.47791625  -0.03681766
0.49550459  -0.03483538
0.51316314  -0.03290781
0.53088467  -0.03103953
0.54866242  -0.02923429
0.56649016  -0.02749508
0.58436214  -0.02582406
0.60227305  -0.02422262
0.62021803  -0.02269137
0.63819266  -0.02123016
0.65619289  -0.01983806
0.67421508  -0.01851342
0.69225594  -0.01725380
0.71031254  -0.01605606
0.72838225  -0.01491631
0.74646278  -0.01382996
0.76455210  -0.01279167
0.78264847  -0.01179543
0.80075038  -0.01083453
0.81885656  -0.00990154
0.83696596  -0.00898838
0.85507770  -0.00808628
0.87319109  -0.00718582
0.89130559  -0.00627690
0.90942079  -0.00534878
0.92753640  -0.00439010
0.94565221  -0.00338882
0.96376812  -0.00233232
0.98188406  -0.00120734
1.00000000  0.00000000
