NN19635
1.00000000  0.00000000
0.98188406  0.01597300
0.96376812  0.03026151
0.94565221  0.04300205
0.92753640  0.05432396
0.90942079  0.06434952
0.89130559  0.07319417
0.87319109  0.08096661
0.85507770  0.08776905
0.83696596  0.09369734
0.81885656  0.09884113
0.80075038  0.10328408
0.78264847  0.10710401
0.76455210  0.11037306
0.74646278  0.11315788
0.72838225  0.11551982
0.71031254  0.11751505
0.69225594  0.11919478
0.67421508  0.12060539
0.65619289  0.12178866
0.63819266  0.12278187
0.62021803  0.12361804
0.60227305  0.12432604
0.58436214  0.12493082
0.56649016  0.12545354
0.54866242  0.12591175
0.53088467  0.12631957
0.51316314  0.12668788
0.49550459  0.12702444
0.47791625  0.12733410
0.46040593  0.12761900
0.44298198  0.12787865
0.42565331  0.12811019
0.40842945  0.12830854
0.39132052  0.12846654
0.37433730  0.12857515
0.35749120  0.12862362
0.34079431  0.12859965
0.32425942  0.12848958
0.30790000  0.12827853
0.29173028  0.12795063
0.27576522  0.12748911
0.26002056  0.12687655
0.24451281  0.12609500
0.22925931  0.12512617
0.21427820  0.12395163
0.19958848  0.12255290
0.18521000  0.12091173
0.17116350  0.11901019
0.15747063  0.11683086
0.14415394  0.11435703
0.13123695  0.11157285
0.11874410  0.10846350
0.10670084  0.10501536
0.09513360  0.10121619
0.08406985  0.09705532
0.07353805  0.09252377
0.06356777  0.08761448
0.05418962  0.08232243
0.04543531  0.07664487
0.03733766  0.07058143
0.02993063  0.06413433
0.02324933  0.05730854
0.01733003  0.05011197
0.01221019  0.04255560
0.00792850  0.03465370
0.00452485  0.02642397
0.00204040  0.01788772
0.00051754  0.00907005
0.00000000  0.00000000
0.00000000  0.00000000
0.00051754  -0.01103121
0.00204040  -0.02100522
0.00452485  -0.02998155
0.00792850  -0.03801727
0.01221019  -0.04516701
0.01733003  -0.05148309
0.02324933  -0.05701552
0.02993063  -0.06181212
0.03733766  -0.06591856
0.04543531  -0.06937841
0.05418962  -0.07223326
0.06356777  -0.07452273
0.07353805  -0.07628455
0.08406985  -0.07755465
0.09513360  -0.07836720
0.10670084  -0.07875469
0.11874410  -0.07874799
0.13123695  -0.07837641
0.14415394  -0.07766778
0.15747063  -0.07664850
0.17116350  -0.07534362
0.18521000  -0.07377691
0.19958848  -0.07197088
0.21427820  -0.06994692
0.22925931  -0.06772532
0.24451281  -0.06532532
0.26002056  -0.06276522
0.27576522  -0.06006242
0.29173028  -0.05723350
0.30790000  -0.05429424
0.32425942  -0.05125977
0.34079431  -0.04814456
0.35749120  -0.04496252
0.37433730  -0.04172707
0.39132052  -0.03845116
0.40842945  -0.03514742
0.42565331  -0.03182815
0.44298198  -0.02850540
0.46040593  -0.02519109
0.47791625  -0.02189700
0.49550459  -0.01863488
0.51316314  -0.01541651
0.53088467  -0.01225375
0.54866242  -0.00915864
0.56649016  -0.00614343
0.58436214  -0.00322066
0.60227305  -0.00040322
0.62021803  0.00229556
0.63819266  0.00486189
0.65619289  0.00728140
0.67421508  0.00953911
0.69225594  0.01161937
0.71031254  0.01350576
0.72838225  0.01518106
0.74646278  0.01662715
0.76455210  0.01782497
0.78264847  0.01875445
0.80075038  0.01939444
0.81885656  0.01972264
0.83696596  0.01971555
0.85507770  0.01934837
0.87319109  0.01859498
0.89130559  0.01742784
0.90942079  0.01581793
0.92753640  0.01373471
0.94565221  0.01114602
0.96376812  0.00801801
0.98188406  0.00431513
1.00000000  0.00000000
