NN19364
1.00000000  0.00000000
0.98188406  0.01434654
0.96376812  0.02769157
0.94565221  0.04007803
0.92753640  0.05154739
0.90942079  0.06213971
0.89130559  0.07189367
0.87319109  0.08084659
0.85507770  0.08903445
0.83696596  0.09649196
0.81885656  0.10325258
0.80075038  0.10934851
0.78264847  0.11481080
0.76455210  0.11966931
0.74646278  0.12395278
0.72838225  0.12768886
0.71031254  0.13090414
0.69225594  0.13362418
0.67421508  0.13587353
0.65619289  0.13767580
0.63819266  0.13905365
0.62021803  0.14002884
0.60227305  0.14062228
0.58436214  0.14085402
0.56649016  0.14074334
0.54866242  0.14030873
0.53088467  0.13956796
0.51316314  0.13853807
0.49550459  0.13723546
0.47791625  0.13567587
0.46040593  0.13387445
0.44298198  0.13184576
0.42565331  0.12960384
0.40842945  0.12716220
0.39132052  0.12453390
0.37433730  0.12173153
0.35749120  0.11876729
0.34079431  0.11565300
0.32425942  0.11240012
0.30790000  0.10901982
0.29173028  0.10552297
0.27576522  0.10192021
0.26002056  0.09822195
0.24451281  0.09443844
0.22925931  0.09057975
0.21427820  0.08665587
0.19958848  0.08267667
0.18521000  0.07865198
0.17116350  0.07459163
0.15747063  0.07050545
0.14415394  0.06640330
0.13123695  0.06229515
0.11874410  0.05819106
0.10670084  0.05410123
0.09513360  0.05003607
0.08406985  0.04600616
0.07353805  0.04202233
0.06356777  0.03809571
0.05418962  0.03423772
0.04543531  0.03046010
0.03733766  0.02677500
0.02993063  0.02319495
0.02324933  0.01973292
0.01733003  0.01640235
0.01221019  0.01321719
0.00792850  0.01019193
0.00452485  0.00734161
0.00204040  0.00468189
0.00051754  0.00222903
0.00000000  0.00000000
0.00000000  0.00000000
0.00051754  -0.01274317
0.00204040  -0.02441109
0.00452485  -0.03504623
0.00792850  -0.04469138
0.01221019  -0.05338962
0.01733003  -0.06118421
0.02324933  -0.06811851
0.02993063  -0.07423593
0.03733766  -0.07957982
0.04543531  -0.08419342
0.05418962  -0.08811975
0.06356777  -0.09140157
0.07353805  -0.09408127
0.08406985  -0.09620080
0.09513360  -0.09780160
0.10670084  -0.09892450
0.11874410  -0.09960969
0.13123695  -0.09989658
0.14415394  -0.09982377
0.15747063  -0.09942893
0.17116350  -0.09874877
0.18521000  -0.09781893
0.19958848  -0.09667389
0.21427820  -0.09534693
0.22925931  -0.09387001
0.24451281  -0.09227375
0.26002056  -0.09058727
0.27576522  -0.08883818
0.29173028  -0.08705248
0.30790000  -0.08525447
0.32425942  -0.08346669
0.34079431  -0.08170982
0.35749120  -0.08000263
0.37433730  -0.07836187
0.39132052  -0.07680223
0.40842945  -0.07533621
0.42565331  -0.07397410
0.44298198  -0.07272386
0.46040593  -0.07159104
0.47791625  -0.07057875
0.49550459  -0.06968752
0.51316314  -0.06891526
0.53088467  -0.06825716
0.54866242  -0.06770565
0.56649016  -0.06725027
0.58436214  -0.06687763
0.60227305  -0.06657130
0.62021803  -0.06631177
0.63819266  -0.06607633
0.65619289  -0.06583905
0.67421508  -0.06557063
0.69225594  -0.06523836
0.71031254  -0.06480605
0.72838225  -0.06423393
0.74646278  -0.06347860
0.76455210  -0.06249292
0.78264847  -0.06122592
0.80075038  -0.05962280
0.81885656  -0.05762475
0.83696596  -0.05516895
0.85507770  -0.05218845
0.87319109  -0.04861210
0.89130559  -0.04436447
0.90942079  -0.03936580
0.92753640  -0.03353187
0.94565221  -0.02677397
0.96376812  -0.01899880
0.98188406  -0.01010838
1.00000000  0.00000000
