NN19415
1.00000000  0.00000000
0.98188406  0.01245387
0.96376812  0.02390301
0.94565221  0.03444206
0.92753640  0.04415940
0.90942079  0.05313734
0.89130559  0.06145225
0.87319109  0.06917478
0.85507770  0.07637004
0.83696596  0.08309771
0.81885656  0.08941228
0.80075038  0.09536319
0.78264847  0.10099500
0.76455210  0.10634760
0.74646278  0.11145633
0.72838225  0.11635220
0.71031254  0.12106202
0.69225594  0.12560862
0.67421508  0.13001099
0.65619289  0.13428447
0.63819266  0.13844091
0.62021803  0.14248884
0.60227305  0.14643369
0.58436214  0.15027788
0.56649016  0.15402107
0.54866242  0.15766031
0.53088467  0.16119018
0.51316314  0.16460301
0.49550459  0.16788902
0.47791625  0.17103652
0.46040593  0.17403207
0.44298198  0.17686064
0.42565331  0.17950581
0.40842945  0.18194992
0.39132052  0.18417426
0.37433730  0.18615924
0.35749120  0.18788456
0.34079431  0.18932937
0.32425942  0.19047246
0.30790000  0.19129246
0.29173028  0.19176794
0.27576522  0.19187765
0.26002056  0.19160067
0.24451281  0.19091659
0.22925931  0.18980565
0.21427820  0.18824897
0.19958848  0.18622867
0.18521000  0.18372809
0.17116350  0.18073192
0.15747063  0.17722641
0.14415394  0.17319951
0.13123695  0.16864106
0.11874410  0.16354300
0.10670084  0.15789945
0.09513360  0.15170698
0.08406985  0.14496474
0.07353805  0.13767461
0.06356777  0.12984144
0.05418962  0.12147315
0.04543531  0.11258095
0.03733766  0.10317951
0.02993063  0.09328710
0.02324933  0.08292580
0.01733003  0.07212167
0.01221019  0.06090489
0.00792850  0.04930998
0.00452485  0.03737594
0.00204040  0.02514643
0.00051754  0.01266994
0.00000000  0.00000000
0.00000000  0.00000000
0.00051754  -0.00233359
0.00204040  -0.00484878
0.00452485  -0.00750028
0.00792850  -0.01024619
0.01221019  -0.01304793
0.01733003  -0.01587014
0.02324933  -0.01868058
0.02993063  -0.02144997
0.03733766  -0.02415199
0.04543531  -0.02676306
0.05418962  -0.02926232
0.06356777  -0.03163150
0.07353805  -0.03385480
0.08406985  -0.03591881
0.09513360  -0.03781238
0.10670084  -0.03952655
0.11874410  -0.04105442
0.13123695  -0.04239104
0.14415394  -0.04353334
0.15747063  -0.04447999
0.17116350  -0.04523132
0.18521000  -0.04578920
0.19958848  -0.04615694
0.21427820  -0.04633919
0.22925931  -0.04634185
0.24451281  -0.04617193
0.26002056  -0.04583747
0.27576522  -0.04534744
0.29173028  -0.04471163
0.30790000  -0.04394054
0.32425942  -0.04304526
0.34079431  -0.04203743
0.35749120  -0.04092904
0.37433730  -0.03973242
0.39132052  -0.03846008
0.40842945  -0.03712460
0.42565331  -0.03573858
0.44298198  -0.03431448
0.46040593  -0.03286453
0.47791625  -0.03140066
0.49550459  -0.02993435
0.51316314  -0.02847654
0.53088467  -0.02703755
0.54866242  -0.02562695
0.56649016  -0.02425345
0.58436214  -0.02292482
0.60227305  -0.02164779
0.62021803  -0.02042789
0.63819266  -0.01926943
0.65619289  -0.01817533
0.67421508  -0.01714704
0.69225594  -0.01618444
0.71031254  -0.01528572
0.72838225  -0.01444731
0.74646278  -0.01366372
0.76455210  -0.01292748
0.78264847  -0.01222905
0.80075038  -0.01155665
0.81885656  -0.01089622
0.83696596  -0.01023128
0.85507770  -0.00954286
0.87319109  -0.00880934
0.89130559  -0.00800640
0.90942079  -0.00710691
0.92753640  -0.00608077
0.94565221  -0.00489489
0.96376812  -0.00351301
0.98188406  -0.00189566
1.00000000  0.00000000
