NN19928
1.00000000  0.00000000
0.98188406  0.02410386
0.96376812  0.04660487
0.94565221  0.06755833
0.92753640  0.08701848
0.90942079  0.10503851
0.89130559  0.12167056
0.87319109  0.13696574
0.85507770  0.15097413
0.83696596  0.16374483
0.81885656  0.17532591
0.80075038  0.18576445
0.78264847  0.19510657
0.76455210  0.20339742
0.74646278  0.21068118
0.72838225  0.21700108
0.71031254  0.22239943
0.69225594  0.22691760
0.67421508  0.23059606
0.65619289  0.23347436
0.63819266  0.23559117
0.62021803  0.23698426
0.60227305  0.23769054
0.58436214  0.23774605
0.56649016  0.23718599
0.54866242  0.23604470
0.53088467  0.23435571
0.51316314  0.23215172
0.49550459  0.22946462
0.47791625  0.22632550
0.46040593  0.22276467
0.44298198  0.21881166
0.42565331  0.21449522
0.40842945  0.20984336
0.39132052  0.20488334
0.37433730  0.19964169
0.35749120  0.19414419
0.34079431  0.18841594
0.32425942  0.18248132
0.30790000  0.17636402
0.29173028  0.17008705
0.27576522  0.16367273
0.26002056  0.15714275
0.24451281  0.15051813
0.22925931  0.14381926
0.21427820  0.13706588
0.19958848  0.13027715
0.18521000  0.12347158
0.17116350  0.11666711
0.15747063  0.10988108
0.14415394  0.10313026
0.13123695  0.09643086
0.11874410  0.08979853
0.10670084  0.08324836
0.09513360  0.07679493
0.08406985  0.07045229
0.07353805  0.06423397
0.06356777  0.05815301
0.05418962  0.05222194
0.04543531  0.04645282
0.03733766  0.04085725
0.02993063  0.03544636
0.02324933  0.03023082
0.01733003  0.02522089
0.01221019  0.02042637
0.00792850  0.01585667
0.00452485  0.01152078
0.00204040  0.00742730
0.00051754  0.00358442
0.00000000  0.00000000
0.00000000  0.00000000
0.00051754  -0.01195026
0.00204040  -0.02278284
0.00452485  -0.03257085
0.00792850  -0.04138415
0.01221019  -0.04928937
0.01733003  -0.05635002
0.02324933  -0.06262656
0.02993063  -0.06817646
0.03733766  -0.07305426
0.04543531  -0.07731166
0.05418962  -0.08099757
0.06356777  -0.08415823
0.07353805  -0.08683719
0.08406985  -0.08907549
0.09513360  -0.09091165
0.10670084  -0.09238175
0.11874410  -0.09351956
0.13123695  -0.09435653
0.14415394  -0.09492193
0.15747063  -0.09524287
0.17116350  -0.09534439
0.18521000  -0.09524954
0.19958848  -0.09497945
0.21427820  -0.09455338
0.22925931  -0.09398881
0.24451281  -0.09330149
0.26002056  -0.09250556
0.27576522  -0.09161355
0.29173028  -0.09063651
0.30790000  -0.08958406
0.32425942  -0.08846442
0.34079431  -0.08728458
0.35749120  -0.08605026
0.37433730  -0.08476606
0.39132052  -0.08343549
0.40842945  -0.08206106
0.42565331  -0.08064432
0.44298198  -0.07918599
0.46040593  -0.07768597
0.47791625  -0.07614345
0.49550459  -0.07455695
0.51316314  -0.07292442
0.53088467  -0.07124329
0.54866242  -0.06951057
0.56649016  -0.06772287
0.58436214  -0.06587651
0.60227305  -0.06396759
0.62021803  -0.06199206
0.63819266  -0.05994574
0.65619289  -0.05782449
0.67421508  -0.05562419
0.69225594  -0.05334084
0.71031254  -0.05097066
0.72838225  -0.04851011
0.74646278  -0.04595602
0.76455210  -0.04330561
0.78264847  -0.04055656
0.80075038  -0.03770713
0.81885656  -0.03475619
0.83696596  -0.03170330
0.85507770  -0.02854877
0.87319109  -0.02529377
0.89130559  -0.02194035
0.90942079  -0.01849155
0.92753640  -0.01495144
0.94565221  -0.01132521
0.96376812  -0.00761925
0.98188406  -0.00384119
1.00000000  0.00000000
