NN19258
1.00000000  0.00000000
0.98188406  0.02058595
0.96376812  0.03929669
0.94565221  0.05626917
0.92753640  0.07163268
0.90942079  0.08550913
0.89130559  0.09801321
0.87319109  0.10925262
0.85507770  0.11932828
0.83696596  0.12833457
0.81885656  0.13635950
0.80075038  0.14348495
0.78264847  0.14978690
0.76455210  0.15533559
0.74646278  0.16019579
0.72838225  0.16442698
0.71031254  0.16808358
0.69225594  0.17121514
0.67421508  0.17386658
0.65619289  0.17607840
0.63819266  0.17788688
0.62021803  0.17932431
0.60227305  0.18041917
0.58436214  0.18119639
0.56649016  0.18167753
0.54866242  0.18188101
0.53088467  0.18182232
0.51316314  0.18151422
0.49550459  0.18096697
0.47791625  0.18018855
0.46040593  0.17918484
0.44298198  0.17795988
0.42565331  0.17651603
0.40842945  0.17485424
0.39132052  0.17297421
0.37433730  0.17087466
0.35749120  0.16855348
0.34079431  0.16600799
0.32425942  0.16323516
0.30790000  0.16023177
0.29173028  0.15699466
0.27576522  0.15352097
0.26002056  0.14980830
0.24451281  0.14585494
0.22925931  0.14166012
0.21427820  0.13722416
0.19958848  0.13254873
0.18521000  0.12763707
0.17116350  0.12249415
0.15747063  0.11712696
0.14415394  0.11154463
0.13123695  0.10575874
0.11874410  0.09978347
0.10670084  0.09363584
0.09513360  0.08733589
0.08406985  0.08090694
0.07353805  0.07437579
0.06356777  0.06777291
0.05418962  0.06113268
0.04543531  0.05449357
0.03733766  0.04789842
0.02993063  0.04139456
0.02324933  0.03503410
0.01733003  0.02887413
0.01221019  0.02297688
0.00792850  0.01741001
0.00452485  0.01224678
0.00204040  0.00756625
0.00051754  0.00345354
0.00000000  0.00000000
0.00000000  0.00000000
0.00051754  -0.00825773
0.00204040  -0.01638599
0.00452485  -0.02434934
0.00792850  -0.03211513
0.01221019  -0.03965340
0.01733003  -0.04693686
0.02324933  -0.05394077
0.02993063  -0.06064291
0.03733766  -0.06702346
0.04543531  -0.07306496
0.05418962  -0.07875224
0.06356777  -0.08407233
0.07353805  -0.08901438
0.08406985  -0.09356960
0.09513360  -0.09773121
0.10670084  -0.10149432
0.11874410  -0.10485589
0.13123695  -0.10781464
0.14415394  -0.11037101
0.15747063  -0.11252702
0.17116350  -0.11428628
0.18521000  -0.11565384
0.19958848  -0.11663619
0.21427820  -0.11724111
0.22925931  -0.11747767
0.24451281  -0.11735612
0.26002056  -0.11688779
0.27576522  -0.11608509
0.29173028  -0.11496136
0.30790000  -0.11353087
0.32425942  -0.11180866
0.34079431  -0.10981057
0.35749120  -0.10755308
0.37433730  -0.10505326
0.39132052  -0.10232875
0.40842945  -0.09939761
0.42565331  -0.09627830
0.44298198  -0.09298956
0.46040593  -0.08955041
0.47791625  -0.08597999
0.49550459  -0.08229757
0.51316314  -0.07852239
0.53088467  -0.07467368
0.54866242  -0.07077051
0.56649016  -0.06683177
0.58436214  -0.06287605
0.60227305  -0.05892161
0.62021803  -0.05498629
0.63819266  -0.05108743
0.65619289  -0.04724181
0.67421508  -0.04346555
0.69225594  -0.03977409
0.71031254  -0.03618206
0.72838225  -0.03270323
0.74646278  -0.02935046
0.76455210  -0.02613559
0.78264847  -0.02306938
0.80075038  -0.02016145
0.81885656  -0.01742019
0.83696596  -0.01485270
0.85507770  -0.01246469
0.87319109  -0.01026047
0.89130559  -0.00824279
0.90942079  -0.00641284
0.92753640  -0.00477013
0.94565221  -0.00331247
0.96376812  -0.00203581
0.98188406  -0.00093428
1.00000000  0.00000000
