NN19488
1.00000000  0.00000000
0.98188406  0.01490198
0.96376812  0.02921770
0.94565221  0.04292656
0.92753640  0.05601068
0.90942079  0.06845478
0.89130559  0.08024610
0.87319109  0.09137436
0.85507770  0.10183163
0.83696596  0.11161229
0.81885656  0.12071292
0.80075038  0.12913222
0.78264847  0.13687098
0.76455210  0.14393192
0.74646278  0.15031967
0.72838225  0.15604066
0.71031254  0.16110306
0.69225594  0.16551669
0.67421508  0.16929292
0.65619289  0.17244464
0.63819266  0.17498612
0.62021803  0.17693297
0.60227305  0.17830205
0.58436214  0.17911138
0.56649016  0.17938006
0.54866242  0.17912822
0.53088467  0.17837689
0.51316314  0.17714797
0.49550459  0.17546411
0.47791625  0.17334864
0.46040593  0.17082551
0.44298198  0.16791919
0.42565331  0.16465458
0.40842945  0.16105696
0.39132052  0.15715189
0.37433730  0.15296513
0.35749120  0.14852255
0.34079431  0.14385010
0.32425942  0.13897364
0.30790000  0.13391896
0.29173028  0.12871162
0.27576522  0.12337691
0.26002056  0.11793976
0.24451281  0.11242466
0.22925931  0.10685558
0.21427820  0.10125589
0.19958848  0.09564828
0.18521000  0.09005467
0.17116350  0.08449615
0.15747063  0.07899288
0.14415394  0.07356403
0.13123695  0.06822767
0.11874410  0.06300071
0.10670084  0.05789882
0.09513360  0.05293635
0.08406985  0.04812625
0.07353805  0.04347997
0.06356777  0.03900741
0.05418962  0.03471680
0.04543531  0.03061468
0.03733766  0.02670575
0.02993063  0.02299285
0.02324933  0.01947685
0.01733003  0.01615654
0.01221019  0.01302863
0.00792850  0.01008760
0.00452485  0.00732562
0.00204040  0.00473254
0.00051754  0.00229572
0.00000000  0.00000000
0.00000000  0.00000000
0.00051754  -0.00189128
0.00204040  -0.00350841
0.00452485  -0.00488240
0.00792850  -0.00604217
0.01221019  -0.00701460
0.01733003  -0.00782467
0.02324933  -0.00849544
0.02993063  -0.00904814
0.03733766  -0.00950224
0.04543531  -0.00987550
0.05418962  -0.01018402
0.06356777  -0.01044232
0.07353805  -0.01066340
0.08406985  -0.01085878
0.09513360  -0.01103858
0.10670084  -0.01121159
0.11874410  -0.01138528
0.13123695  -0.01156592
0.14415394  -0.01175862
0.15747063  -0.01196737
0.17116350  -0.01219511
0.18521000  -0.01244384
0.19958848  -0.01271458
0.21427820  -0.01300754
0.22925931  -0.01332209
0.24451281  -0.01365689
0.26002056  -0.01400989
0.27576522  -0.01437845
0.29173028  -0.01475936
0.30790000  -0.01514889
0.32425942  -0.01554292
0.34079431  -0.01593690
0.35749120  -0.01632600
0.37433730  -0.01670511
0.39132052  -0.01706895
0.40842945  -0.01741208
0.42565331  -0.01772900
0.44298198  -0.01801419
0.46040593  -0.01826218
0.47791625  -0.01846761
0.49550459  -0.01862526
0.51316314  -0.01873019
0.53088467  -0.01877769
0.54866242  -0.01876345
0.56649016  -0.01868354
0.58436214  -0.01853450
0.60227305  -0.01831341
0.62021803  -0.01801794
0.63819266  -0.01764642
0.65619289  -0.01719787
0.67421508  -0.01667210
0.69225594  -0.01606975
0.71031254  -0.01539236
0.72838225  -0.01464239
0.74646278  -0.01382337
0.76455210  -0.01293986
0.78264847  -0.01199758
0.80075038  -0.01100343
0.81885656  -0.00996558
0.83696596  -0.00889352
0.85507770  -0.00779811
0.87319109  -0.00669164
0.89130559  -0.00558791
0.90942079  -0.00450228
0.92753640  -0.00345174
0.94565221  -0.00245493
0.96376812  -0.00153226
0.98188406  -0.00070593
1.00000000  0.00000000
