NN19645
1.00000000  0.00000000
0.98188406  0.00975512
0.96376812  0.01962888
0.94565221  0.02956713
0.92753640  0.03951896
0.90942079  0.04943661
0.89130559  0.05927543
0.87319109  0.06899372
0.85507770  0.07855273
0.83696596  0.08791653
0.81885656  0.09705193
0.80075038  0.10592842
0.78264847  0.11451809
0.76455210  0.12279551
0.74646278  0.13073769
0.72838225  0.13832400
0.71031254  0.14553604
0.69225594  0.15235761
0.67421508  0.15877462
0.65619289  0.16477497
0.63819266  0.17034851
0.62021803  0.17548697
0.60227305  0.18018380
0.58436214  0.18443420
0.56649016  0.18823495
0.54866242  0.19158436
0.53088467  0.19448219
0.51316314  0.19692958
0.49550459  0.19892894
0.47791625  0.20048389
0.46040593  0.20159917
0.44298198  0.20228058
0.42565331  0.20253484
0.40842945  0.20236959
0.39132052  0.20179325
0.37433730  0.20081494
0.35749120  0.19944444
0.34079431  0.19769207
0.32425942  0.19556862
0.30790000  0.19308528
0.29173028  0.19025353
0.27576522  0.18708509
0.26002056  0.18359184
0.24451281  0.17978569
0.22925931  0.17567856
0.21427820  0.17128226
0.19958848  0.16660842
0.18521000  0.16166842
0.17116350  0.15647328
0.15747063  0.15103360
0.14415394  0.14535949
0.13123695  0.13946045
0.11874410  0.13334534
0.10670084  0.12702223
0.09513360  0.12049839
0.08406985  0.11378017
0.07353805  0.10687292
0.06356777  0.09978092
0.05418962  0.09250730
0.04543531  0.08505393
0.03733766  0.07742138
0.02993063  0.06960881
0.02324933  0.06161390
0.01733003  0.05343276
0.01221019  0.04505987
0.00792850  0.03648796
0.00452485  0.02770796
0.00204040  0.01870894
0.00051754  0.00947794
0.00000000  0.00000000
0.00000000  0.00000000
0.00051754  -0.00597652
0.00204040  -0.01194752
0.00452485  -0.01789531
0.00792850  -0.02380241
0.01221019  -0.02965152
0.01733003  -0.03542562
0.02324933  -0.04110795
0.02993063  -0.04668206
0.03733766  -0.05213188
0.04543531  -0.05744168
0.05418962  -0.06259617
0.06356777  -0.06758049
0.07353805  -0.07238026
0.08406985  -0.07698163
0.09513360  -0.08137127
0.10670084  -0.08553643
0.11874410  -0.08946498
0.13123695  -0.09314543
0.14415394  -0.09656696
0.15747063  -0.09971946
0.17116350  -0.10259357
0.18521000  -0.10518068
0.19958848  -0.10747301
0.21427820  -0.10946361
0.22925931  -0.11114641
0.24451281  -0.11251623
0.26002056  -0.11356883
0.27576522  -0.11430097
0.29173028  -0.11471037
0.30790000  -0.11479581
0.32425942  -0.11455714
0.34079431  -0.11399531
0.35749120  -0.11311240
0.37433730  -0.11191165
0.39132052  -0.11039753
0.40842945  -0.10857571
0.42565331  -0.10645315
0.44298198  -0.10403809
0.46040593  -0.10134011
0.47791625  -0.09837017
0.49550459  -0.09514060
0.51316314  -0.09166518
0.53088467  -0.08795914
0.54866242  -0.08403922
0.56649016  -0.07992368
0.58436214  -0.07563233
0.60227305  -0.07118661
0.62021803  -0.06660955
0.63819266  -0.06192585
0.65619289  -0.05716193
0.67421508  -0.05234589
0.69225594  -0.04750762
0.71031254  -0.04267879
0.72838225  -0.03789291
0.74646278  -0.03318532
0.76455210  -0.02859327
0.78264847  -0.02415594
0.80075038  -0.01991443
0.81885656  -0.01591187
0.83696596  -0.01219338
0.85507770  -0.00880615
0.87319109  -0.00579946
0.89130559  -0.00322470
0.90942079  -0.00113541
0.92753640  0.00041267
0.94565221  0.00136160
0.96376812  0.00165117
0.98188406  0.00121891
1.00000000  0.00000000
