NN19764
1.00000000  0.00000000
0.98188406  0.01627192
0.96376812  0.03114213
0.94565221  0.04470028
0.92753640  0.05703156
0.90942079  0.06821684
0.89130559  0.07833276
0.87319109  0.08745187
0.85507770  0.09564275
0.83696596  0.10297010
0.81885656  0.10949490
0.80075038  0.11527447
0.78264847  0.12036263
0.76455210  0.12480983
0.74646278  0.12866319
0.72838225  0.13196672
0.71031254  0.13476135
0.69225594  0.13708510
0.67421508  0.13897317
0.65619289  0.14045808
0.63819266  0.14156975
0.62021803  0.14233567
0.60227305  0.14278095
0.58436214  0.14292851
0.56649016  0.14279914
0.54866242  0.14241164
0.53088467  0.14178293
0.51316314  0.14092819
0.49550459  0.13986095
0.47791625  0.13859319
0.46040593  0.13713552
0.44298198  0.13549723
0.42565331  0.13368646
0.40842945  0.13171027
0.39132052  0.12957479
0.37433730  0.12728534
0.35749120  0.12484651
0.34079431  0.12226230
0.32425942  0.11953627
0.30790000  0.11667158
0.29173028  0.11367118
0.27576522  0.11053790
0.26002056  0.10727454
0.24451281  0.10388403
0.22925931  0.10036953
0.21427820  0.09673453
0.19958848  0.09298301
0.18521000  0.08911950
0.17116350  0.08514924
0.15747063  0.08107829
0.14415394  0.07691361
0.13123695  0.07266325
0.11874410  0.06833640
0.10670084  0.06394352
0.09513360  0.05949648
0.08406985  0.05500868
0.07353805  0.05049513
0.06356777  0.04597258
0.05418962  0.04145968
0.04543531  0.03697702
0.03733766  0.03254733
0.02993063  0.02819553
0.02324933  0.02394887
0.01733003  0.01983707
0.01221019  0.01589240
0.00792850  0.01214982
0.00452485  0.00864708
0.00204040  0.00542487
0.00051754  0.00252689
0.00000000  0.00000000
0.00000000  0.00000000
0.00051754  -0.00228840
0.00204040  -0.00392181
0.00452485  -0.00497648
0.00792850  -0.00552485
0.01221019  -0.00563564
0.01733003  -0.00537388
0.02324933  -0.00480101
0.02993063  -0.00397490
0.03733766  -0.00294991
0.04543531  -0.00177700
0.05418962  -0.00050370
0.06356777  0.00082574
0.07353805  0.00217034
0.08406985  0.00349235
0.09513360  0.00475712
0.10670084  0.00593311
0.11874410  0.00699181
0.13123695  0.00790767
0.14415394  0.00865803
0.15747063  0.00922312
0.17116350  0.00958592
0.18521000  0.00973216
0.19958848  0.00965025
0.21427820  0.00933119
0.22925931  0.00876855
0.24451281  0.00795840
0.26002056  0.00689924
0.27576522  0.00559194
0.29173028  0.00403970
0.30790000  0.00224799
0.32425942  0.00022445
0.34079431  -0.00202112
0.35749120  -0.00447682
0.37433730  -0.00712876
0.39132052  -0.00996105
0.40842945  -0.01295593
0.42565331  -0.01609376
0.44298198  -0.01935312
0.46040593  -0.02271087
0.47791625  -0.02614220
0.49550459  -0.02962067
0.51316314  -0.03311831
0.53088467  -0.03660563
0.54866242  -0.04005173
0.56649016  -0.04342431
0.58436214  -0.04668978
0.60227305  -0.04981327
0.62021803  -0.05275872
0.63819266  -0.05548892
0.65619289  -0.05796559
0.67421508  -0.06014941
0.69225594  -0.06200013
0.71031254  -0.06347655
0.72838225  -0.06453665
0.74646278  -0.06513763
0.76455210  -0.06523595
0.78264847  -0.06478739
0.80075038  -0.06374714
0.81885656  -0.06206982
0.83696596  -0.05970957
0.85507770  -0.05662010
0.87319109  -0.05275473
0.89130559  -0.04806647
0.90942079  -0.04250808
0.92753640  -0.03603212
0.94565221  -0.02859100
0.96376812  -0.02013705
0.98188406  -0.01062260
1.00000000  0.00000000
