NN2003
1.00000000  0.00000000
0.98188406  0.00211593
0.96376812  0.00451614
0.94565221  0.00717591
0.92753640  0.01007154
0.90942079  0.01318028
0.89130559  0.01648033
0.87319109  0.01995076
0.85507770  0.02357152
0.83696596  0.02732339
0.81885656  0.03118795
0.80075038  0.03514753
0.78264847  0.03918520
0.76455210  0.04328471
0.74646278  0.04743048
0.72838225  0.05160755
0.71031254  0.05580156
0.69225594  0.05999869
0.67421508  0.06418565
0.65619289  0.06834966
0.63819266  0.07247837
0.62021803  0.07655985
0.60227305  0.08058258
0.58436214  0.08453537
0.56649016  0.08840736
0.54866242  0.09218798
0.53088467  0.09586689
0.51316314  0.09943399
0.49550459  0.10287935
0.47791625  0.10619319
0.46040593  0.10936584
0.44298198  0.11238773
0.42565331  0.11524932
0.40842945  0.11794107
0.39132052  0.12045346
0.37433730  0.12277687
0.35749120  0.12490160
0.34079431  0.12681786
0.32425942  0.12851566
0.30790000  0.12998483
0.29173028  0.13121500
0.27576522  0.13219549
0.26002056  0.13291538
0.24451281  0.13336338
0.22925931  0.13352786
0.21427820  0.13339679
0.19958848  0.13295770
0.18521000  0.13219767
0.17116350  0.13110327
0.15747063  0.12966054
0.14415394  0.12785497
0.13123695  0.12567142
0.11874410  0.12309414
0.10670084  0.12010670
0.09513360  0.11669196
0.08406985  0.11283206
0.07353805  0.10850835
0.06356777  0.10370141
0.05418962  0.09839094
0.04543531  0.09255578
0.03733766  0.08617388
0.02993063  0.07922223
0.02324933  0.07167685
0.01733003  0.06351275
0.01221019  0.05470391
0.00792850  0.04522320
0.00452485  0.03504242
0.00204040  0.02413219
0.00051754  0.01246197
0.00000000  0.00000000
0.00000000  0.00000000
0.00051754  -0.01013210
0.00204040  -0.01877842
0.00452485  -0.02605713
0.00792850  -0.03208097
0.01221019  -0.03695735
0.01733003  -0.04078847
0.02324933  -0.04367143
0.02993063  -0.04569837
0.03733766  -0.04695656
0.04543531  -0.04752852
0.05418962  -0.04749215
0.06356777  -0.04692082
0.07353805  -0.04588351
0.08406985  -0.04444491
0.09513360  -0.04266554
0.10670084  -0.04060188
0.11874410  -0.03830645
0.13123695  -0.03582797
0.14415394  -0.03321142
0.15747063  -0.03049823
0.17116350  -0.02772631
0.18521000  -0.02493023
0.19958848  -0.02214132
0.21427820  -0.01938777
0.22925931  -0.01669476
0.24451281  -0.01408455
0.26002056  -0.01157664
0.27576522  -0.00918785
0.29173028  -0.00693244
0.30790000  -0.00482225
0.32425942  -0.00286678
0.34079431  -0.00107333
0.35749120  0.00055290
0.37433730  0.00200867
0.39132052  0.00329264
0.40842945  0.00440516
0.42565331  0.00534826
0.44298198  0.00612546
0.46040593  0.00674169
0.47791625  0.00720316
0.49550459  0.00751725
0.51316314  0.00769240
0.53088467  0.00773797
0.54866242  0.00766417
0.56649016  0.00748189
0.58436214  0.00720265
0.60227305  0.00683840
0.62021803  0.00640149
0.63819266  0.00590450
0.65619289  0.00536014
0.67421508  0.00478114
0.69225594  0.00418012
0.71031254  0.00356951
0.72838225  0.00296137
0.74646278  0.00236736
0.76455210  0.00179854
0.78264847  0.00126532
0.80075038  0.00077729
0.81885656  0.00034317
0.83696596  -0.00002939
0.85507770  -0.00033384
0.87319109  -0.00056489
0.89130559  -0.00071863
0.90942079  -0.00079264
0.92753640  -0.00078607
0.94565221  -0.00069983
0.96376812  -0.00053662
0.98188406  -0.00030110
1.00000000  0.00000000
