NN2023
1.00000000  0.00000000
0.98188406  0.01912245
0.96376812  0.03705378
0.94565221  0.05387334
0.92753640  0.06965552
0.90942079  0.08446987
0.89130559  0.09838125
0.87319109  0.11144998
0.85507770  0.12373198
0.83696596  0.13527891
0.81885656  0.14613833
0.80075038  0.15635383
0.78264847  0.16596516
0.76455210  0.17500842
0.74646278  0.18351615
0.72838225  0.19151752
0.71031254  0.19903843
0.69225594  0.20610168
0.67421508  0.21272714
0.65619289  0.21893182
0.63819266  0.22473010
0.62021803  0.23013380
0.60227305  0.23515237
0.58436214  0.23979304
0.56649016  0.24406090
0.54866242  0.24795913
0.53088467  0.25148908
0.51316314  0.25465045
0.49550459  0.25744140
0.47791625  0.25985874
0.46040593  0.26189802
0.44298198  0.26355373
0.42565331  0.26481941
0.40842945  0.26568777
0.39132052  0.26615092
0.37433730  0.26620040
0.35749120  0.26582742
0.34079431  0.26502295
0.32425942  0.26377790
0.30790000  0.26208321
0.29173028  0.25993005
0.27576522  0.25730994
0.26002056  0.25421491
0.24451281  0.25063759
0.22925931  0.24657143
0.21427820  0.24201081
0.19958848  0.23695114
0.18521000  0.23138910
0.17116350  0.22532269
0.15747063  0.21875143
0.14415394  0.21167648
0.13123695  0.20410081
0.11874410  0.19602931
0.10670084  0.18746894
0.09513360  0.17842890
0.08406985  0.16892077
0.07353805  0.15895860
0.06356777  0.14855914
0.05418962  0.13774191
0.04543531  0.12652939
0.03733766  0.11494714
0.02993063  0.10302394
0.02324933  0.09079197
0.01733003  0.07828692
0.01221019  0.06554813
0.00792850  0.05261877
0.00452485  0.03954593
0.00204040  0.02638083
0.00051754  0.01317891
0.00000000  0.00000000
0.00000000  0.00000000
0.00051754  -0.00982669
0.00204040  -0.01896326
0.00452485  -0.02741811
0.00792850  -0.03520103
0.01221019  -0.04232316
0.01733003  -0.04879692
0.02324933  -0.05463598
0.02993063  -0.05985512
0.03733766  -0.06447024
0.04543531  -0.06849827
0.05418962  -0.07195710
0.06356777  -0.07486550
0.07353805  -0.07724311
0.08406985  -0.07911032
0.09513360  -0.08048823
0.10670084  -0.08139859
0.11874410  -0.08186373
0.13123695  -0.08190649
0.14415394  -0.08155017
0.15747063  -0.08081845
0.17116350  -0.07973535
0.18521000  -0.07832514
0.19958848  -0.07661228
0.21427820  -0.07462136
0.22925931  -0.07237707
0.24451281  -0.06990407
0.26002056  -0.06722698
0.27576522  -0.06437029
0.29173028  -0.06135830
0.30790000  -0.05821506
0.32425942  -0.05496432
0.34079431  -0.05162942
0.35749120  -0.04823329
0.37433730  -0.04479834
0.39132052  -0.04134640
0.40842945  -0.03789868
0.42565331  -0.03447568
0.44298198  -0.03109715
0.46040593  -0.02778199
0.47791625  -0.02454824
0.49550459  -0.02141297
0.51316314  -0.01839222
0.53088467  -0.01550097
0.54866242  -0.01275303
0.56649016  -0.01016103
0.58436214  -0.00773630
0.60227305  -0.00548884
0.62021803  -0.00342725
0.63819266  -0.00155866
0.65619289  0.00011132
0.67421508  0.00157869
0.69225594  0.00284110
0.71031254  0.00389792
0.72838225  0.00475031
0.74646278  0.00540128
0.76455210  0.00585574
0.78264847  0.00612060
0.80075038  0.00620480
0.81885656  0.00611937
0.83696596  0.00587755
0.85507770  0.00549478
0.87319109  0.00498880
0.89130559  0.00437973
0.90942079  0.00369009
0.92753640  0.00294492
0.94565221  0.00217178
0.96376812  0.00140087
0.98188406  0.00066507
1.00000000  0.00000000
