NN2120
1.00000000  0.00000000
0.98188406  0.01201615
0.96376812  0.02384098
0.94565221  0.03544265
0.92753640  0.04679095
0.90942079  0.05785730
0.89130559  0.06861472
0.87319109  0.07903784
0.85507770  0.08910288
0.83696596  0.09878762
0.81885656  0.10807143
0.80075038  0.11693521
0.78264847  0.12536143
0.76455210  0.13333409
0.74646278  0.14083869
0.72838225  0.14786228
0.71031254  0.15439336
0.69225594  0.16042197
0.67421508  0.16593960
0.65619289  0.17093922
0.63819266  0.17541525
0.62021803  0.17936356
0.60227305  0.18278144
0.58436214  0.18566764
0.56649016  0.18802227
0.54866242  0.18984690
0.53088467  0.19114444
0.51316314  0.19191921
0.49550459  0.19217690
0.47791625  0.19192453
0.46040593  0.19117050
0.44298198  0.18992452
0.42565331  0.18819764
0.40842945  0.18600222
0.39132052  0.18335192
0.37433730  0.18026170
0.35749120  0.17674779
0.34079431  0.17282769
0.32425942  0.16852016
0.30790000  0.16384523
0.29173028  0.15882413
0.27576522  0.15347934
0.26002056  0.14783454
0.24451281  0.14191464
0.22925931  0.13574570
0.21427820  0.12935501
0.19958848  0.12277099
0.18521000  0.11602325
0.17116350  0.10914252
0.15747063  0.10216069
0.14415394  0.09511077
0.13123695  0.08802689
0.11874410  0.08094428
0.10670084  0.07389925
0.09513360  0.06692922
0.08406985  0.06007267
0.07353805  0.05336913
0.06356777  0.04685919
0.05418962  0.04058449
0.04543531  0.03458767
0.03733766  0.02891240
0.02993063  0.02360337
0.02324933  0.01870625
0.01733003  0.01426768
0.01221019  0.01033531
0.00792850  0.00695772
0.00452485  0.00418445
0.00204040  0.00206598
0.00051754  0.00065372
0.00000000  0.00000000
0.00000000  0.00000000
0.00051754  -0.00602212
0.00204040  -0.01109154
0.00452485  -0.01530645
0.00792850  -0.01875966
0.01221019  -0.02153872
0.01733003  -0.02372606
0.02324933  -0.02539907
0.02993063  -0.02663022
0.03733766  -0.02748722
0.04543531  -0.02803310
0.05418962  -0.02832633
0.06356777  -0.02842095
0.07353805  -0.02836668
0.08406985  -0.02820906
0.09513360  -0.02798951
0.10670084  -0.02774552
0.11874410  -0.02751073
0.13123695  -0.02731503
0.14415394  -0.02718471
0.15747063  -0.02714259
0.17116350  -0.02720807
0.18521000  -0.02739733
0.19958848  -0.02772339
0.21427820  -0.02819626
0.22925931  -0.02882304
0.24451281  -0.02960803
0.26002056  -0.03055289
0.27576522  -0.03165669
0.29173028  -0.03291611
0.30790000  -0.03432548
0.32425942  -0.03587695
0.34079431  -0.03756057
0.35749120  -0.03936445
0.37433730  -0.04127485
0.39132052  -0.04327628
0.40842945  -0.04535167
0.42565331  -0.04748244
0.44298198  -0.04964865
0.46040593  -0.05182907
0.47791625  -0.05400138
0.49550459  -0.05614220
0.51316314  -0.05822726
0.53088467  -0.06023151
0.54866242  -0.06212922
0.56649016  -0.06389412
0.58436214  -0.06549950
0.60227305  -0.06691833
0.62021803  -0.06812340
0.63819266  -0.06908741
0.65619289  -0.06978309
0.67421508  -0.07018334
0.69225594  -0.07026133
0.71031254  -0.06999061
0.72838225  -0.06934525
0.74646278  -0.06829995
0.76455210  -0.06683014
0.78264847  -0.06491213
0.80075038  -0.06252320
0.81885656  -0.05964171
0.83696596  -0.05624727
0.85507770  -0.05232080
0.87319109  -0.04784467
0.89130559  -0.04280283
0.90942079  -0.03718092
0.92753640  -0.03096635
0.94565221  -0.02414849
0.96376812  -0.01671873
0.98188406  -0.00867063
1.00000000  0.00000000
