NN2193
1.00000000  0.00000000
0.98188406  0.00430768
0.96376812  0.00881482
0.94565221  0.01349249
0.92753640  0.01831253
0.90942079  0.02324757
0.89130559  0.02827104
0.87319109  0.03335713
0.85507770  0.03848088
0.83696596  0.04361811
0.81885656  0.04874548
0.80075038  0.05384045
0.78264847  0.05888133
0.76455210  0.06384727
0.74646278  0.06871826
0.72838225  0.07347515
0.71031254  0.07809965
0.69225594  0.08257434
0.67421508  0.08688266
0.65619289  0.09100895
0.63819266  0.09493844
0.62021803  0.09865725
0.60227305  0.10215240
0.58436214  0.10541183
0.56649016  0.10842439
0.54866242  0.11117986
0.53088467  0.11366896
0.51316314  0.11588334
0.49550459  0.11781559
0.47791625  0.11945926
0.46040593  0.12080888
0.44298198  0.12185992
0.42565331  0.12260883
0.40842945  0.12305306
0.39132052  0.12319103
0.37433730  0.12302217
0.35749120  0.12254691
0.34079431  0.12176668
0.32425942  0.12068394
0.30790000  0.11930217
0.29173028  0.11762589
0.27576522  0.11566066
0.26002056  0.11341306
0.24451281  0.11089076
0.22925931  0.10810246
0.21427820  0.10505796
0.19958848  0.10176810
0.18521000  0.09824483
0.17116350  0.09450117
0.15747063  0.09055124
0.14415394  0.08641029
0.13123695  0.08209463
0.11874410  0.07762174
0.10670084  0.07301019
0.09513360  0.06827969
0.08406985  0.06345110
0.07353805  0.05854641
0.06356777  0.05358878
0.05418962  0.04860251
0.04543531  0.04361309
0.03733766  0.03864717
0.02993063  0.03373259
0.02324933  0.02889837
0.01733003  0.02417473
0.01221019  0.01959310
0.00792850  0.01518611
0.00452485  0.01098761
0.00204040  0.00703268
0.00051754  0.00335763
0.00000000  0.00000000
0.00000000  0.00000000
0.00051754  -0.00215276
0.00204040  -0.00363406
0.00452485  -0.00449848
0.00792850  -0.00479844
0.01221019  -0.00458425
0.01733003  -0.00390412
0.02324933  -0.00280425
0.02993063  -0.00132884
0.03733766  0.00047990
0.04543531  0.00258167
0.05418962  0.00493804
0.06356777  0.00751245
0.07353805  0.01027014
0.08406985  0.01317812
0.09513360  0.01620515
0.10670084  0.01932167
0.11874410  0.02249977
0.13123695  0.02571317
0.14415394  0.02893718
0.15747063  0.03214864
0.17116350  0.03532589
0.18521000  0.03844875
0.19958848  0.04149846
0.21427820  0.04445765
0.22925931  0.04731031
0.24451281  0.05004173
0.26002056  0.05263848
0.27576522  0.05508838
0.29173028  0.05738043
0.30790000  0.05950481
0.32425942  0.06145281
0.34079431  0.06321680
0.35749120  0.06479022
0.37433730  0.06616748
0.39132052  0.06734401
0.40842945  0.06831612
0.42565331  0.06908106
0.44298198  0.06963690
0.46040593  0.06998255
0.47791625  0.07011768
0.49550459  0.07004273
0.51316314  0.06975882
0.53088467  0.06926773
0.54866242  0.06857189
0.56649016  0.06767429
0.58436214  0.06657851
0.60227305  0.06528860
0.62021803  0.06380911
0.63819266  0.06214501
0.65619289  0.06030169
0.67421508  0.05828487
0.69225594  0.05610062
0.71031254  0.05375527
0.72838225  0.05125541
0.74646278  0.04860783
0.76455210  0.04581949
0.78264847  0.04289749
0.80075038  0.03984900
0.81885656  0.03668126
0.83696596  0.03340154
0.85507770  0.03001705
0.87319109  0.02653497
0.89130559  0.02296237
0.90942079  0.01930620
0.92753640  0.01557320
0.94565221  0.01176994
0.96376812  0.00790270
0.98188406  0.00397749
1.00000000  0.00000000
