NN2299
1.00000000  0.00000000
0.98188406  0.01585330
0.96376812  0.03096173
0.94565221  0.04534393
0.92753640  0.05901767
0.90942079  0.07199983
0.89130559  0.08430648
0.87319109  0.09595292
0.85507770  0.10695370
0.83696596  0.11732267
0.81885656  0.12707303
0.80075038  0.13621736
0.78264847  0.14476766
0.76455210  0.15273539
0.74646278  0.16013153
0.72838225  0.16696659
0.71031254  0.17325066
0.69225594  0.17899347
0.67421508  0.18420442
0.65619289  0.18889259
0.63819266  0.19306684
0.62021803  0.19673579
0.60227305  0.19990790
0.58436214  0.20259151
0.56649016  0.20479484
0.54866242  0.20652610
0.53088467  0.20779344
0.51316314  0.20860509
0.49550459  0.20896932
0.47791625  0.20889453
0.46040593  0.20838924
0.44298198  0.20746221
0.42565331  0.20612240
0.40842945  0.20437905
0.39132052  0.20224171
0.37433730  0.19972031
0.35749120  0.19682514
0.34079431  0.19356695
0.32425942  0.18995696
0.30790000  0.18600690
0.29173028  0.18172907
0.27576522  0.17713636
0.26002056  0.17224229
0.24451281  0.16706107
0.22925931  0.16160763
0.21427820  0.15589766
0.19958848  0.14994764
0.18521000  0.14377490
0.17116350  0.13739765
0.15747063  0.13083503
0.14415394  0.12410712
0.13123695  0.11723502
0.11874410  0.11024087
0.10670084  0.10314790
0.09513360  0.09598045
0.08406985  0.08876404
0.07353805  0.08152538
0.06356777  0.07429244
0.05418962  0.06709447
0.04543531  0.05996205
0.03733766  0.05292713
0.02993063  0.04602305
0.02324933  0.03928461
0.01733003  0.03274812
0.01221019  0.02645139
0.00792850  0.02043381
0.00452485  0.01473637
0.00204040  0.00940174
0.00051754  0.00447426
0.00000000  0.00000000
0.00000000  0.00000000
0.00051754  -0.00603077
0.00204040  -0.01152561
0.00452485  -0.01654207
0.00792850  -0.02113302
0.01221019  -0.02534678
0.01733003  -0.02922728
0.02324933  -0.03281425
0.02993063  -0.03614337
0.03733766  -0.03924647
0.04543531  -0.04215165
0.05418962  -0.04488352
0.06356777  -0.04746328
0.07353805  -0.04990898
0.08406985  -0.05223562
0.09513360  -0.05445535
0.10670084  -0.05657764
0.11874410  -0.05860944
0.13123695  -0.06055535
0.14415394  -0.06241780
0.15747063  -0.06419719
0.17116350  -0.06589212
0.18521000  -0.06749949
0.19958848  -0.06901469
0.21427820  -0.07043181
0.22925931  -0.07174376
0.24451281  -0.07294244
0.26002056  -0.07401896
0.27576522  -0.07496374
0.29173028  -0.07576674
0.30790000  -0.07641760
0.32425942  -0.07690579
0.34079431  -0.07722083
0.35749120  -0.07735241
0.37433730  -0.07729059
0.39132052  -0.07702596
0.40842945  -0.07654980
0.42565331  -0.07585426
0.44298198  -0.07493254
0.46040593  -0.07377902
0.47791625  -0.07238947
0.49550459  -0.07076122
0.51316314  -0.06889328
0.53088467  -0.06678656
0.54866242  -0.06444403
0.56649016  -0.06187086
0.58436214  -0.05907464
0.60227305  -0.05606548
0.62021803  -0.05285625
0.63819266  -0.04946270
0.65619289  -0.04590366
0.67421508  -0.04220119
0.69225594  -0.03838075
0.71031254  -0.03447138
0.72838225  -0.03050586
0.74646278  -0.02652090
0.76455210  -0.02255725
0.78264847  -0.01865996
0.80075038  -0.01487848
0.81885656  -0.01126683
0.83696596  -0.00788382
0.85507770  -0.00479317
0.87319109  -0.00206370
0.89130559  0.00023050
0.90942079  0.00200991
0.92753640  0.00318941
0.94565221  0.00367808
0.96376812  0.00337908
0.98188406  0.00218947
1.00000000  0.00000000
