NN2404
1.00000000  0.00000000
0.98188406  0.00360850
0.96376812  0.00777978
0.94565221  0.01247229
0.92753640  0.01764469
0.90942079  0.02325588
0.89130559  0.02926502
0.87319109  0.03563156
0.85507770  0.04231535
0.83696596  0.04927658
0.81885656  0.05647590
0.80075038  0.06387441
0.78264847  0.07143371
0.76455210  0.07911598
0.74646278  0.08688395
0.72838225  0.09470098
0.71031254  0.10253110
0.69225594  0.11033905
0.67421508  0.11809030
0.65619289  0.12575109
0.63819266  0.13328850
0.62021803  0.14067046
0.60227305  0.14786580
0.58436214  0.15484428
0.56649016  0.16157665
0.54866242  0.16803465
0.53088467  0.17419112
0.51316314  0.18001993
0.49550459  0.18549615
0.47791625  0.19059597
0.46040593  0.19529682
0.44298198  0.19957737
0.42565331  0.20341757
0.40842945  0.20679873
0.39132052  0.20970349
0.37433730  0.21211593
0.35749120  0.21402154
0.34079431  0.21540733
0.32425942  0.21626182
0.30790000  0.21657509
0.29173028  0.21633883
0.27576522  0.21554637
0.26002056  0.21419271
0.24451281  0.21227458
0.22925931  0.20979048
0.21427820  0.20674069
0.19958848  0.20312734
0.18521000  0.19895443
0.17116350  0.19422787
0.15747063  0.18895555
0.14415394  0.18314732
0.13123695  0.17681510
0.11874410  0.16997285
0.10670084  0.16263665
0.09513360  0.15482476
0.08406985  0.14655758
0.07353805  0.13785779
0.06356777  0.12875029
0.05418962  0.11926234
0.04543531  0.10942349
0.03733766  0.09926573
0.02993063  0.08882343
0.02324933  0.07813346
0.01733003  0.06723517
0.01221019  0.05617045
0.00792850  0.04498380
0.00452485  0.03372231
0.00204040  0.02243575
0.00051754  0.01117658
0.00000000  0.00000000
0.00000000  0.00000000
0.00051754  -0.00193399
0.00204040  -0.00413773
0.00452485  -0.00656626
0.00792850  -0.00917747
0.01221019  -0.01193199
0.01733003  -0.01479314
0.02324933  -0.01772685
0.02993063  -0.02070156
0.03733766  -0.02368819
0.04543531  -0.02666001
0.05418962  -0.02959260
0.06356777  -0.03246376
0.07353805  -0.03525344
0.08406985  -0.03794365
0.09513360  -0.04051840
0.10670084  -0.04296359
0.11874410  -0.04526700
0.13123695  -0.04741815
0.14415394  -0.04940823
0.15747063  -0.05123005
0.17116350  -0.05287797
0.18521000  -0.05434779
0.19958848  -0.05563667
0.21427820  -0.05674309
0.22925931  -0.05766677
0.24451281  -0.05840855
0.26002056  -0.05897035
0.27576522  -0.05935509
0.29173028  -0.05956661
0.30790000  -0.05960957
0.32425942  -0.05948943
0.34079431  -0.05921230
0.35749120  -0.05878494
0.37433730  -0.05821461
0.39132052  -0.05750904
0.40842945  -0.05667636
0.42565331  -0.05572496
0.44298198  -0.05466351
0.46040593  -0.05350080
0.47791625  -0.05224569
0.49550459  -0.05090706
0.51316314  -0.04949369
0.53088467  -0.04801422
0.54866242  -0.04647705
0.56649016  -0.04489026
0.58436214  -0.04326157
0.60227305  -0.04159822
0.62021803  -0.03990692
0.63819266  -0.03819374
0.65619289  -0.03646409
0.67421508  -0.03472259
0.69225594  -0.03297303
0.71031254  -0.03121826
0.72838225  -0.02946013
0.74646278  -0.02769944
0.76455210  -0.02593581
0.78264847  -0.02416764
0.80075038  -0.02239202
0.81885656  -0.02060467
0.83696596  -0.01879984
0.85507770  -0.01697024
0.87319109  -0.01510698
0.89130559  -0.01319946
0.90942079  -0.01123534
0.92753640  -0.00920042
0.94565221  -0.00707858
0.96376812  -0.00485172
0.98188406  -0.00249963
1.00000000  0.00000000
