NN2542
1.00000000  0.00000000
0.98188406  0.02325096
0.96376812  0.04434007
0.94565221  0.06342164
0.92753640  0.08064178
0.90942079  0.09613863
0.89130559  0.11004258
0.87319109  0.12247646
0.85507770  0.13355579
0.83696596  0.14338899
0.81885656  0.15207760
0.80075038  0.15971650
0.78264847  0.16639413
0.76455210  0.17219271
0.74646278  0.17718844
0.72838225  0.18145178
0.71031254  0.18504758
0.69225594  0.18803539
0.67421508  0.19046961
0.65619289  0.19239975
0.63819266  0.19387065
0.62021803  0.19492265
0.60227305  0.19559189
0.58436214  0.19591046
0.56649016  0.19590666
0.54866242  0.19560520
0.53088467  0.19502743
0.51316314  0.19419154
0.49550459  0.19311283
0.47791625  0.19180388
0.46040593  0.19027476
0.44298198  0.18853331
0.42565331  0.18658532
0.40842945  0.18443473
0.39132052  0.18208391
0.37433730  0.17953382
0.35749120  0.17678427
0.34079431  0.17383410
0.32425942  0.17068146
0.30790000  0.16732396
0.29173028  0.16375894
0.27576522  0.15998367
0.26002056  0.15599558
0.24451281  0.15179246
0.22925931  0.14737270
0.21427820  0.14273551
0.19958848  0.13788112
0.18521000  0.13281102
0.17116350  0.12752816
0.15747063  0.12203720
0.14415394  0.11634470
0.13123695  0.11045935
0.11874410  0.10439220
0.10670084  0.09815685
0.09513360  0.09176972
0.08406985  0.08525023
0.07353805  0.07862102
0.06356777  0.07190818
0.05418962  0.06514148
0.04543531  0.05835459
0.03733766  0.05158525
0.02993063  0.04487558
0.02324933  0.03827221
0.01733003  0.03182655
0.01221019  0.02559502
0.00792850  0.01963920
0.00452485  0.01402615
0.00204040  0.00882855
0.00051754  0.00412495
0.00000000  0.00000000
0.00000000  0.00000000
0.00051754  -0.00822858
0.00204040  -0.01602059
0.00452485  -0.02336858
0.00792850  -0.03026714
0.01221019  -0.03671285
0.01733003  -0.04270418
0.02324933  -0.04824142
0.02993063  -0.05332659
0.03733766  -0.05796335
0.04543531  -0.06215695
0.05418962  -0.06591408
0.06356777  -0.06924287
0.07353805  -0.07215273
0.08406985  -0.07465433
0.09513360  -0.07675945
0.10670084  -0.07848097
0.11874410  -0.07983274
0.13123695  -0.08082949
0.14415394  -0.08148680
0.15747063  -0.08182093
0.17116350  -0.08184883
0.18521000  -0.08158800
0.19958848  -0.08105642
0.21427820  -0.08027246
0.22925931  -0.07925481
0.24451281  -0.07802239
0.26002056  -0.07659427
0.27576522  -0.07498958
0.29173028  -0.07322743
0.30790000  -0.07132682
0.32425942  -0.06930658
0.34079431  -0.06718526
0.35749120  -0.06498104
0.37433730  -0.06271170
0.39132052  -0.06039447
0.40842945  -0.05804598
0.42565331  -0.05568219
0.44298198  -0.05331828
0.46040593  -0.05096857
0.47791625  -0.04864644
0.49550459  -0.04636427
0.51316314  -0.04413332
0.53088467  -0.04196367
0.54866242  -0.03986412
0.56649016  -0.03784212
0.58436214  -0.03590369
0.60227305  -0.03405333
0.62021803  -0.03229391
0.63819266  -0.03062666
0.65619289  -0.02905099
0.67421508  -0.02756448
0.69225594  -0.02616278
0.71031254  -0.02483951
0.72838225  -0.02358617
0.74646278  -0.02239209
0.76455210  -0.02124434
0.78264847  -0.02012762
0.80075038  -0.01902417
0.81885656  -0.01791376
0.83696596  -0.01677351
0.85507770  -0.01557789
0.87319109  -0.01429855
0.89130559  -0.01290434
0.90942079  -0.01136113
0.92753640  -0.00963179
0.94565221  -0.00767608
0.96376812  -0.00545057
0.98188406  -0.00290856
1.00000000  0.00000000
