NN25
1.00000000  0.00000000
0.98188406  0.01658873
0.96376812  0.03227967
0.94565221  0.04709915
0.92753640  0.06107290
0.90942079  0.07422602
0.89130559  0.08658305
0.87319109  0.09816790
0.85507770  0.10900394
0.83696596  0.11911395
0.81885656  0.12852018
0.80075038  0.13724432
0.78264847  0.14530751
0.76455210  0.15273040
0.74646278  0.15953310
0.72838225  0.16573522
0.71031254  0.17135588
0.69225594  0.17641371
0.67421508  0.18092688
0.65619289  0.18491309
0.63819266  0.18838958
0.62021803  0.19137314
0.60227305  0.19388016
0.58436214  0.19592657
0.56649016  0.19752790
0.54866242  0.19869930
0.53088467  0.19945549
0.51316314  0.19981084
0.49550459  0.19977933
0.47791625  0.19937458
0.46040593  0.19860987
0.44298198  0.19749812
0.42565331  0.19605195
0.40842945  0.19428363
0.39132052  0.19220512
0.37433730  0.18982810
0.35749120  0.18716395
0.34079431  0.18422376
0.32425942  0.18101837
0.30790000  0.17755834
0.29173028  0.17385400
0.27576522  0.16991543
0.26002056  0.16575248
0.24451281  0.16137479
0.22925931  0.15679178
0.21427820  0.15201267
0.19958848  0.14704651
0.18521000  0.14190216
0.17116350  0.13658831
0.15747063  0.13111350
0.14415394  0.12548612
0.13123695  0.11971442
0.11874410  0.11380652
0.10670084  0.10777044
0.09513360  0.10161406
0.08406985  0.09534521
0.07353805  0.08897160
0.06356777  0.08250086
0.05418962  0.07594059
0.04543531  0.06929830
0.03733766  0.06258147
0.02993063  0.05579753
0.02324933  0.04895392
0.01733003  0.04205802
0.01221019  0.03511725
0.00792850  0.02813899
0.00452485  0.02113067
0.00204040  0.01409974
0.00051754  0.00705367
0.00000000  0.00000000
0.00000000  0.00000000
0.00051754  -0.00608517
0.00204040  -0.01173466
0.00452485  -0.01698779
0.00792850  -0.02188115
0.01221019  -0.02644877
0.01733003  -0.03072213
0.02324933  -0.03473026
0.02993063  -0.03849981
0.03733766  -0.04205513
0.04543531  -0.04541836
0.05418962  -0.04860948
0.06356777  -0.05164641
0.07353805  -0.05454507
0.08406985  -0.05731948
0.09513360  -0.05998181
0.10670084  -0.06254245
0.11874410  -0.06501015
0.13123695  -0.06739201
0.14415394  -0.06969361
0.15747063  -0.07191909
0.17116350  -0.07407120
0.18521000  -0.07615138
0.19958848  -0.07815985
0.21427820  -0.08009570
0.22925931  -0.08195692
0.24451281  -0.08374054
0.26002056  -0.08544263
0.27576522  -0.08705845
0.29173028  -0.08858249
0.30790000  -0.09000855
0.32425942  -0.09132980
0.34079431  -0.09253892
0.35749120  -0.09362809
0.37433730  -0.09458913
0.39132052  -0.09541356
0.40842945  -0.09609265
0.42565331  -0.09661754
0.44298198  -0.09697930
0.46040593  -0.09716898
0.47791625  -0.09717774
0.49550459  -0.09699686
0.51316314  -0.09661788
0.53088467  -0.09603266
0.54866242  -0.09523341
0.56649016  -0.09421283
0.58436214  -0.09296415
0.60227305  -0.09148124
0.62021803  -0.08975862
0.63819266  -0.08779161
0.65619289  -0.08557639
0.67421508  -0.08311002
0.69225594  -0.08039061
0.71031254  -0.07741731
0.72838225  -0.07419045
0.74646278  -0.07071157
0.76455210  -0.06698352
0.78264847  -0.06301056
0.80075038  -0.05879838
0.81885656  -0.05435423
0.83696596  -0.04968695
0.85507770  -0.04480709
0.87319109  -0.03972698
0.89130559  -0.03446076
0.90942079  -0.02902452
0.92753640  -0.02343634
0.94565221  -0.01771637
0.96376812  -0.01188691
0.98188406  -0.00597251
1.00000000  0.00000000
