NN2682
1.00000000  0.00000000
0.98188406  0.01146515
0.96376812  0.02219111
0.94565221  0.03222085
0.92753640  0.04159552
0.90942079  0.05035438
0.89130559  0.05853491
0.87319109  0.06617280
0.85507770  0.07330197
0.83696596  0.07995461
0.81885656  0.08616122
0.80075038  0.09195060
0.78264847  0.09734993
0.76455210  0.10238474
0.74646278  0.10707898
0.72838225  0.11145502
0.71031254  0.11553369
0.69225594  0.11933433
0.67421508  0.12287475
0.65619289  0.12617133
0.63819266  0.12923900
0.62021803  0.13209131
0.60227305  0.13474040
0.58436214  0.13719708
0.56649016  0.13947082
0.54866242  0.14156980
0.53088467  0.14350093
0.51316314  0.14526987
0.49550459  0.14688107
0.47791625  0.14833779
0.46040593  0.14964212
0.44298198  0.15079504
0.42565331  0.15179638
0.40842945  0.15264493
0.39132052  0.15333840
0.37433730  0.15387349
0.35749120  0.15424588
0.34079431  0.15445029
0.32425942  0.15448051
0.30790000  0.15432938
0.29173028  0.15398887
0.27576522  0.15345009
0.26002056  0.15270329
0.24451281  0.15173793
0.22925931  0.15054267
0.21427820  0.14910545
0.19958848  0.14741343
0.18521000  0.14545312
0.17116350  0.14321031
0.15747063  0.14067017
0.14415394  0.13781724
0.13123695  0.13463548
0.11874410  0.13110827
0.10670084  0.12721845
0.09513360  0.12294836
0.08406985  0.11827984
0.07353805  0.11319429
0.06356777  0.10767267
0.05418962  0.10169553
0.04543531  0.09524306
0.03733766  0.08829509
0.02993063  0.08083112
0.02324933  0.07283038
0.01733003  0.06427180
0.01221019  0.05513410
0.00792850  0.04539577
0.00452485  0.03503511
0.00204040  0.02403027
0.00051754  0.01235926
0.00000000  0.00000000
0.00000000  0.00000000
0.00051754  -0.00489866
0.00204040  -0.00897368
0.00452485  -0.01228344
0.00792850  -0.01488413
0.01221019  -0.01682978
0.01733003  -0.01817230
0.02324933  -0.01896153
0.02993063  -0.01924525
0.03733766  -0.01906926
0.04543531  -0.01847739
0.05418962  -0.01751153
0.06356777  -0.01621170
0.07353805  -0.01461607
0.08406985  -0.01276098
0.09513360  -0.01068104
0.10670084  -0.00840908
0.11874410  -0.00597626
0.13123695  -0.00341210
0.14415394  -0.00074447
0.15747063  0.00200032
0.17116350  0.00479751
0.18521000  0.00762382
0.19958848  0.01045746
0.21427820  0.01327805
0.22925931  0.01606660
0.24451281  0.01880547
0.26002056  0.02147831
0.27576522  0.02407007
0.29173028  0.02656692
0.30790000  0.02895620
0.32425942  0.03122645
0.34079431  0.03336728
0.35749120  0.03536942
0.37433730  0.03722461
0.39132052  0.03892560
0.40842945  0.04046609
0.42565331  0.04184074
0.44298198  0.04304505
0.46040593  0.04407540
0.47791625  0.04492896
0.49550459  0.04560368
0.51316314  0.04609823
0.53088467  0.04641198
0.54866242  0.04654496
0.56649016  0.04649780
0.58436214  0.04627171
0.60227305  0.04586846
0.62021803  0.04529029
0.63819266  0.04453992
0.65619289  0.04362049
0.67421508  0.04253553
0.69225594  0.04128889
0.71031254  0.03988475
0.72838225  0.03832756
0.74646278  0.03662199
0.76455210  0.03477292
0.78264847  0.03278535
0.80075038  0.03066442
0.81885656  0.02841534
0.83696596  0.02604337
0.85507770  0.02355374
0.87319109  0.02095166
0.89130559  0.01824227
0.90942079  0.01543058
0.92753640  0.01252144
0.94565221  0.00951952
0.96376812  0.00642925
0.98188406  0.00325479
1.00000000  0.00000000
