NN2632
1.00000000  0.00000000
0.98188406  0.00418560
0.96376812  0.00873806
0.94565221  0.01364071
0.92753640  0.01887570
0.90942079  0.02442406
0.89130559  0.03026574
0.87319109  0.03637974
0.85507770  0.04274408
0.83696596  0.04933598
0.81885656  0.05613184
0.80075038  0.06310733
0.78264847  0.07023749
0.76455210  0.07749676
0.74646278  0.08485904
0.72838225  0.09229782
0.71031254  0.09978615
0.69225594  0.10729681
0.67421508  0.11480229
0.65619289  0.12227491
0.63819266  0.12968687
0.62021803  0.13701032
0.60227305  0.14421743
0.58436214  0.15128043
0.56649016  0.15817172
0.54866242  0.16486392
0.53088467  0.17132992
0.51316314  0.17754298
0.49550459  0.18347674
0.47791625  0.18910537
0.46040593  0.19440357
0.44298198  0.19934665
0.42565331  0.20391063
0.40842945  0.20807227
0.39132052  0.21180914
0.37433730  0.21509973
0.35749120  0.21792344
0.34079431  0.22026074
0.32425942  0.22209314
0.30790000  0.22340335
0.29173028  0.22417528
0.27576522  0.22439413
0.26002056  0.22404645
0.24451281  0.22312025
0.22925931  0.22160498
0.21427820  0.21949170
0.19958848  0.21677305
0.18521000  0.21344339
0.17116350  0.20949883
0.15747063  0.20493732
0.14415394  0.19975868
0.13123695  0.19396472
0.11874410  0.18755924
0.10670084  0.18054817
0.09513360  0.17293960
0.08406985  0.16474382
0.07353805  0.15597344
0.06356777  0.14664344
0.05418962  0.13677120
0.04543531  0.12637664
0.03733766  0.11548220
0.02993063  0.10411298
0.02324933  0.09229677
0.01733003  0.08006414
0.01221019  0.06744847
0.00792850  0.05448605
0.00452485  0.04121615
0.00204040  0.02768105
0.00051754  0.01392614
0.00000000  0.00000000
0.00000000  0.00000000
0.00051754  -0.00860688
0.00204040  -0.01666751
0.00452485  -0.02417440
0.00792850  -0.03112282
0.01221019  -0.03751068
0.01733003  -0.04333845
0.02324933  -0.04860900
0.02993063  -0.05332751
0.03733766  -0.05750133
0.04543531  -0.06113989
0.05418962  -0.06425458
0.06356777  -0.06685861
0.07353805  -0.06896691
0.08406985  -0.07059600
0.09513360  -0.07176391
0.10670084  -0.07249001
0.11874410  -0.07279493
0.13123695  -0.07270045
0.14415394  -0.07222933
0.15747063  -0.07140526
0.17116350  -0.07025271
0.18521000  -0.06879679
0.19958848  -0.06706319
0.21427820  -0.06507801
0.22925931  -0.06286768
0.24451281  -0.06045882
0.26002056  -0.05787813
0.27576522  -0.05515229
0.29173028  -0.05230780
0.30790000  -0.04937092
0.32425942  -0.04636751
0.34079431  -0.04332293
0.35749120  -0.04026192
0.37433730  -0.03720848
0.39132052  -0.03418576
0.40842945  -0.03121594
0.42565331  -0.02832011
0.44298198  -0.02551817
0.46040593  -0.02282869
0.47791625  -0.02026879
0.49550459  -0.01785406
0.51316314  -0.01559840
0.53088467  -0.01351394
0.54866242  -0.01161088
0.56649016  -0.00989742
0.58436214  -0.00837962
0.60227305  -0.00706128
0.62021803  -0.00594382
0.63819266  -0.00502618
0.65619289  -0.00430471
0.67421508  -0.00377300
0.69225594  -0.00342184
0.71031254  -0.00323904
0.72838225  -0.00320934
0.74646278  -0.00331429
0.76455210  -0.00353215
0.78264847  -0.00383773
0.80075038  -0.00420233
0.81885656  -0.00459356
0.83696596  -0.00497528
0.85507770  -0.00530745
0.87319109  -0.00554603
0.89130559  -0.00564284
0.90942079  -0.00554548
0.92753640  -0.00519717
0.94565221  -0.00453666
0.96376812  -0.00349814
0.98188406  -0.00201104
1.00000000  0.00000000
