NN2816
1.00000000  0.00000000
0.98188406  0.00149794
0.96376812  0.00362643
0.94565221  0.00634511
0.92753640  0.00961337
0.90942079  0.01339040
0.89130559  0.01763529
0.87319109  0.02230707
0.85507770  0.02736479
0.83696596  0.03276760
0.81885656  0.03847476
0.80075038  0.04444580
0.78264847  0.05064048
0.76455210  0.05701895
0.74646278  0.06354174
0.72838225  0.07016991
0.71031254  0.07686501
0.69225594  0.08358926
0.67421508  0.09030554
0.65619289  0.09697746
0.63819266  0.10356948
0.62021803  0.11004692
0.60227305  0.11637605
0.58436214  0.12252417
0.56649016  0.12845965
0.54866242  0.13415200
0.53088467  0.13957195
0.51316314  0.14469154
0.49550459  0.14948411
0.47791625  0.15392444
0.46040593  0.15798880
0.44298198  0.16165500
0.42565331  0.16490244
0.40842945  0.16771224
0.39132052  0.17006724
0.37433730  0.17195211
0.35749120  0.17335338
0.34079431  0.17425955
0.32425942  0.17466112
0.30790000  0.17455067
0.29173028  0.17392294
0.27576522  0.17277486
0.26002056  0.17110567
0.24451281  0.16891692
0.22925931  0.16621261
0.21427820  0.16299919
0.19958848  0.15928567
0.18521000  0.15508366
0.17116350  0.15040748
0.15747063  0.14527416
0.14415394  0.13970357
0.13123695  0.13371843
0.11874410  0.12734442
0.10670084  0.12061025
0.09513360  0.11354768
0.08406985  0.10619163
0.07353805  0.09858023
0.06356777  0.09075488
0.05418962  0.08276033
0.04543531  0.07464475
0.03733766  0.06645977
0.02993063  0.05826058
0.02324933  0.05010598
0.01733003  0.04205844
0.01221019  0.03418417
0.00792850  0.02655320
0.00452485  0.01923944
0.00204040  0.01232074
0.00051754  0.00587894
0.00000000  0.00000000
0.00000000  0.00000000
0.00051754  -0.00345397
0.00204040  -0.00680912
0.00452485  -0.01003490
0.00792850  -0.01310406
0.01221019  -0.01599259
0.01733003  -0.01867956
0.02324933  -0.02114702
0.02993063  -0.02337989
0.03733766  -0.02536586
0.04543531  -0.02709522
0.05418962  -0.02856083
0.06356777  -0.02975794
0.07353805  -0.03068410
0.08406985  -0.03133906
0.09513360  -0.03172463
0.10670084  -0.03184457
0.11874410  -0.03170449
0.13123695  -0.03131175
0.14415394  -0.03067531
0.15747063  -0.02980562
0.17116350  -0.02871455
0.18521000  -0.02741522
0.19958848  -0.02592192
0.21427820  -0.02425000
0.22925931  -0.02241572
0.24451281  -0.02043619
0.26002056  -0.01832920
0.27576522  -0.01611316
0.29173028  -0.01380693
0.30790000  -0.01142976
0.32425942  -0.00900115
0.34079431  -0.00654071
0.35749120  -0.00406812
0.37433730  -0.00160295
0.39132052  0.00083546
0.40842945  0.00322804
0.42565331  0.00555617
0.44298198  0.00780178
0.46040593  0.00994746
0.47791625  0.01197655
0.49550459  0.01387329
0.51316314  0.01562292
0.53088467  0.01721180
0.54866242  0.01862748
0.56649016  0.01985890
0.58436214  0.02089641
0.60227305  0.02173195
0.62021803  0.02235915
0.63819266  0.02277340
0.65619289  0.02297204
0.67421508  0.02295440
0.69225594  0.02272196
0.71031254  0.02227845
0.72838225  0.02162995
0.74646278  0.02078504
0.76455210  0.01975487
0.78264847  0.01855331
0.80075038  0.01719704
0.81885656  0.01570566
0.83696596  0.01410184
0.85507770  0.01241139
0.87319109  0.01066341
0.89130559  0.00889037
0.90942079  0.00712825
0.92753640  0.00541664
0.94565221  0.00379886
0.96376812  0.00232207
0.98188406  0.00103739
1.00000000  0.00000000
