NN29
1.00000000  0.00000000
0.98188406  0.00656806
0.96376812  0.01305550
0.94565221  0.01945337
0.92753640  0.02575338
0.90942079  0.03194787
0.89130559  0.03802977
0.87319109  0.04399257
0.85507770  0.04983029
0.83696596  0.05553746
0.81885656  0.06110905
0.80075038  0.06654047
0.78264847  0.07182754
0.76455210  0.07696644
0.74646278  0.08195368
0.72838225  0.08678608
0.71031254  0.09146072
0.69225594  0.09597492
0.67421508  0.10032620
0.65619289  0.10451227
0.63819266  0.10853096
0.62021803  0.11238022
0.60227305  0.11605806
0.58436214  0.11956254
0.56649016  0.12289173
0.54866242  0.12604369
0.53088467  0.12901640
0.51316314  0.13180777
0.49550459  0.13441559
0.47791625  0.13683747
0.46040593  0.13907088
0.44298198  0.14111304
0.42565331  0.14296093
0.40842945  0.14461125
0.39132052  0.14606038
0.37433730  0.14730436
0.35749120  0.14833883
0.34079431  0.14915905
0.32425942  0.14975981
0.30790000  0.15013544
0.29173028  0.15027974
0.27576522  0.15018599
0.26002056  0.14984688
0.24451281  0.14925450
0.22925931  0.14840030
0.21427820  0.14727505
0.19958848  0.14586884
0.18521000  0.14417100
0.17116350  0.14217009
0.15747063  0.13985389
0.14415394  0.13720931
0.13123695  0.13422244
0.11874410  0.13087844
0.10670084  0.12716153
0.09513360  0.12305500
0.08406985  0.11854112
0.07353805  0.11360113
0.06356777  0.10821523
0.05418962  0.10236250
0.04543531  0.09602090
0.03733766  0.08916726
0.02993063  0.08177717
0.02324933  0.07382504
0.01733003  0.06528401
0.01221019  0.05612591
0.00792850  0.04632129
0.00452485  0.03583931
0.00204040  0.02464776
0.00051754  0.01271302
0.00000000  0.00000000
0.00000000  0.00000000
0.00051754  -0.01347081
0.00204040  -0.02555630
0.00452485  -0.03635964
0.00792850  -0.04597856
0.01221019  -0.05450551
0.01733003  -0.06202780
0.02324933  -0.06862773
0.02993063  -0.07438275
0.03733766  -0.07936559
0.04543531  -0.08364439
0.05418962  -0.08728290
0.06356777  -0.09034055
0.07353805  -0.09287264
0.08406985  -0.09493048
0.09513360  -0.09656152
0.10670084  -0.09780948
0.11874410  -0.09871455
0.13123695  -0.09931346
0.14415394  -0.09963966
0.15747063  -0.09972349
0.17116350  -0.09959226
0.18521000  -0.09927046
0.19958848  -0.09877985
0.21427820  -0.09813962
0.22925931  -0.09736656
0.24451281  -0.09647517
0.26002056  -0.09547782
0.27576522  -0.09438487
0.29173028  -0.09320484
0.30790000  -0.09194457
0.32425942  -0.09060931
0.34079431  -0.08920289
0.35749120  -0.08772788
0.37433730  -0.08618571
0.39132052  -0.08457682
0.40842945  -0.08290082
0.42565331  -0.08115660
0.44298198  -0.07934249
0.46040593  -0.07745642
0.47791625  -0.07549605
0.49550459  -0.07345888
0.51316314  -0.07134246
0.53088467  -0.06914448
0.54866242  -0.06686294
0.56649016  -0.06449628
0.58436214  -0.06204353
0.60227305  -0.05950445
0.62021803  -0.05687967
0.63819266  -0.05417086
0.65619289  -0.05138081
0.67421508  -0.04851366
0.69225594  -0.04557498
0.71031254  -0.04257191
0.72838225  -0.03951335
0.74646278  -0.03641009
0.76455210  -0.03327490
0.78264847  -0.03012276
0.80075038  -0.02697092
0.81885656  -0.02383910
0.83696596  -0.02074962
0.85507770  -0.01772753
0.87319109  -0.01480076
0.89130559  -0.01200027
0.90942079  -0.00936018
0.92753640  -0.00691793
0.94565221  -0.00471442
0.96376812  -0.00279412
0.98188406  -0.00120528
1.00000000  0.00000000
