NN3088
1.00000000  0.00000000
0.98188406  0.01401148
0.96376812  0.02698958
0.94565221  0.03897302
0.92753640  0.05000024
0.90942079  0.06010941
0.89130559  0.06933839
0.87319109  0.07772466
0.85507770  0.08530534
0.83696596  0.09211714
0.81885656  0.09819632
0.80075038  0.10357868
0.78264847  0.10829948
0.76455210  0.11239348
0.74646278  0.11589487
0.72838225  0.11883722
0.71031254  0.12125349
0.69225594  0.12317597
0.67421508  0.12463626
0.65619289  0.12566525
0.63819266  0.12629306
0.62021803  0.12654903
0.60227305  0.12646170
0.58436214  0.12605874
0.56649016  0.12536695
0.54866242  0.12441224
0.53088467  0.12321956
0.51316314  0.12181289
0.49550459  0.12021522
0.47791625  0.11844850
0.46040593  0.11653361
0.44298198  0.11449035
0.42565331  0.11233739
0.40842945  0.11009223
0.39132052  0.10777120
0.37433730  0.10538940
0.35749120  0.10296068
0.34079431  0.10049762
0.32425942  0.09801148
0.30790000  0.09551216
0.29173028  0.09300823
0.27576522  0.09050681
0.26002056  0.08801360
0.24451281  0.08553285
0.22925931  0.08306728
0.21427820  0.08061810
0.19958848  0.07818495
0.18521000  0.07576591
0.17116350  0.07335738
0.15747063  0.07095416
0.14415394  0.06854933
0.13123695  0.06613428
0.11874410  0.06369864
0.10670084  0.06123025
0.09513360  0.05871517
0.08406985  0.05613760
0.07353805  0.05347987
0.06356777  0.05072242
0.05418962  0.04784374
0.04543531  0.04482037
0.03733766  0.04162685
0.02993063  0.03823570
0.02324933  0.03461736
0.01733003  0.03074022
0.01221019  0.02657051
0.00792850  0.02207234
0.00452485  0.01720762
0.00204040  0.01193606
0.00051754  0.00621513
0.00000000  0.00000000
0.00000000  0.00000000
0.00051754  -0.00917077
0.00204040  -0.01716427
0.00452485  -0.02405525
0.00792850  -0.02991623
0.01221019  -0.03481753
0.01733003  -0.03882726
0.02324933  -0.04201132
0.02993063  -0.04443345
0.03733766  -0.04615521
0.04543531  -0.04723602
0.05418962  -0.04773314
0.06356777  -0.04770172
0.07353805  -0.04719477
0.08406985  -0.04626321
0.09513360  -0.04495586
0.10670084  -0.04331947
0.11874410  -0.04139870
0.13123695  -0.03923618
0.14415394  -0.03687249
0.15747063  -0.03434616
0.17116350  -0.03169373
0.18521000  -0.02894972
0.19958848  -0.02614666
0.21427820  -0.02331508
0.22925931  -0.02048359
0.24451281  -0.01767878
0.26002056  -0.01492536
0.27576522  -0.01224606
0.29173028  -0.00966171
0.30790000  -0.00719124
0.32425942  -0.00485168
0.34079431  -0.00265817
0.35749120  -0.00062400
0.37433730  0.00123942
0.39132052  0.00292249
0.40842945  0.00441749
0.42565331  0.00571847
0.44298198  0.00682131
0.46040593  0.00772369
0.47791625  0.00842507
0.49550459  0.00892666
0.51316314  0.00923145
0.53088467  0.00934417
0.54866242  0.00927127
0.56649016  0.00902092
0.58436214  0.00860302
0.60227305  0.00802915
0.62021803  0.00731256
0.63819266  0.00646818
0.65619289  0.00551262
0.67421508  0.00446409
0.69225594  0.00334247
0.71031254  0.00216925
0.72838225  0.00096751
0.74646278  -0.00023804
0.76455210  -0.00142114
0.78264847  -0.00255394
0.80075038  -0.00360705
0.81885656  -0.00454951
0.83696596  -0.00534884
0.85507770  -0.00597104
0.87319109  -0.00638061
0.89130559  -0.00654054
0.90942079  -0.00641234
0.92753640  -0.00595604
0.94565221  -0.00513024
0.96376812  -0.00389207
0.98188406  -0.00219723
1.00000000  0.00000000
