NN3067
1.00000000  0.00000000
0.98188406  0.01729925
0.96376812  0.03336255
0.94565221  0.04826100
0.92753640  0.06206217
0.90942079  0.07483015
0.89130559  0.08662570
0.87319109  0.09750630
0.85507770  0.10752627
0.83696596  0.11673682
0.81885656  0.12518622
0.80075038  0.13291980
0.78264847  0.13998012
0.76455210  0.14640703
0.74646278  0.15223774
0.72838225  0.15750698
0.71031254  0.16224701
0.69225594  0.16648777
0.67421508  0.17025697
0.65619289  0.17358015
0.63819266  0.17648080
0.62021803  0.17898046
0.60227305  0.18109877
0.58436214  0.18285361
0.56649016  0.18426118
0.54866242  0.18533607
0.53088467  0.18609139
0.51316314  0.18653883
0.49550459  0.18668876
0.47791625  0.18655035
0.46040593  0.18613162
0.44298198  0.18543958
0.42565331  0.18448028
0.40842945  0.18325892
0.39132052  0.18177996
0.37433730  0.18004717
0.35749120  0.17806378
0.34079431  0.17583252
0.32425942  0.17335575
0.30790000  0.17063553
0.29173028  0.16767374
0.27576522  0.16447211
0.26002056  0.16103242
0.24451281  0.15735647
0.22925931  0.15344628
0.21427820  0.14930410
0.19958848  0.14493257
0.18521000  0.14033477
0.17116350  0.13551432
0.15747063  0.13047547
0.14415394  0.12522323
0.13123695  0.11976340
0.11874410  0.11410273
0.10670084  0.10824896
0.09513360  0.10221093
0.08406985  0.09599868
0.07353805  0.08962355
0.06356777  0.08309824
0.05418962  0.07643695
0.04543531  0.06965542
0.03733766  0.06277108
0.02993063  0.05580308
0.02324933  0.04877245
0.01733003  0.04170213
0.01221019  0.03461712
0.00792850  0.02754451
0.00452485  0.02051365
0.00204040  0.01355616
0.00051754  0.00670610
0.00000000  0.00000000
0.00000000  0.00000000
0.00051754  -0.00398318
0.00204040  -0.00742385
0.00452485  -0.01037670
0.00792850  -0.01289271
0.01221019  -0.01501925
0.01733003  -0.01680025
0.02324933  -0.01827628
0.02993063  -0.01948467
0.03733766  -0.02045964
0.04543531  -0.02123242
0.05418962  -0.02183138
0.06356777  -0.02228210
0.07353805  -0.02260755
0.08406985  -0.02282818
0.09513360  -0.02296203
0.10670084  -0.02302488
0.11874410  -0.02303034
0.13123695  -0.02298997
0.14415394  -0.02291342
0.15747063  -0.02280854
0.17116350  -0.02268148
0.18521000  -0.02253685
0.19958848  -0.02237778
0.21427820  -0.02220612
0.22925931  -0.02202247
0.24451281  -0.02182636
0.26002056  -0.02161635
0.27576522  -0.02139016
0.29173028  -0.02114476
0.30790000  -0.02087652
0.32425942  -0.02058131
0.34079431  -0.02025463
0.35749120  -0.01989173
0.37433730  -0.01948771
0.39132052  -0.01903768
0.40842945  -0.01853682
0.42565331  -0.01798056
0.44298198  -0.01736465
0.46040593  -0.01668532
0.47791625  -0.01593935
0.49550459  -0.01512424
0.51316314  -0.01423831
0.53088467  -0.01328080
0.54866242  -0.01225201
0.56649016  -0.01115343
0.58436214  -0.00998782
0.60227305  -0.00875937
0.62021803  -0.00747379
0.63819266  -0.00613845
0.65619289  -0.00476247
0.67421508  -0.00335689
0.69225594  -0.00193473
0.71031254  -0.00051116
0.72838225  0.00089642
0.74646278  0.00226825
0.76455210  0.00358207
0.78264847  0.00481303
0.80075038  0.00593354
0.81885656  0.00691319
0.83696596  0.00771860
0.85507770  0.00831331
0.87319109  0.00865765
0.89130559  0.00870866
0.90942079  0.00841992
0.92753640  0.00774147
0.94565221  0.00661965
0.96376812  0.00499704
0.98188406  0.00281228
1.00000000  0.00000000
