NN3059
1.00000000  0.00000000
0.98188406  0.00103460
0.96376812  0.00276154
0.94565221  0.00512497
0.92753640  0.00807073
0.90942079  0.01154634
0.89130559  0.01550097
0.87319109  0.01988543
0.85507770  0.02465215
0.83696596  0.02975516
0.81885656  0.03515004
0.80075038  0.04079394
0.78264847  0.04664552
0.76455210  0.05266498
0.74646278  0.05881398
0.72838225  0.06505566
0.71031254  0.07135459
0.69225594  0.07767678
0.67421508  0.08398964
0.65619289  0.09026196
0.63819266  0.09646389
0.62021803  0.10256692
0.60227305  0.10854384
0.58436214  0.11436878
0.56649016  0.12001709
0.54866242  0.12546543
0.53088467  0.13069166
0.51316314  0.13567484
0.49550459  0.14039527
0.47791625  0.14483437
0.46040593  0.14897473
0.44298198  0.15280008
0.42565331  0.15629522
0.40842945  0.15944607
0.39132052  0.16223961
0.37433730  0.16466384
0.35749120  0.16670779
0.34079431  0.16836151
0.32425942  0.16961601
0.30790000  0.17046326
0.29173028  0.17089618
0.27576522  0.17090857
0.26002056  0.17049518
0.24451281  0.16965158
0.22925931  0.16837422
0.21427820  0.16666039
0.19958848  0.16450815
0.18521000  0.16191640
0.17116350  0.15888476
0.15747063  0.15541362
0.14415394  0.15150411
0.13123695  0.14715802
0.11874410  0.14237787
0.10670084  0.13716681
0.09513360  0.13152864
0.08406985  0.12546779
0.07353805  0.11898926
0.06356777  0.11209865
0.05418962  0.10480211
0.04543531  0.09710633
0.03733766  0.08901850
0.02993063  0.08054631
0.02324933  0.07169791
0.01733003  0.06248193
0.01221019  0.05290739
0.00792850  0.04298374
0.00452485  0.03272081
0.00204040  0.02212880
0.00051754  0.01121824
0.00000000  0.00000000
0.00000000  0.00000000
0.00051754  -0.00559875
0.00204040  -0.01074883
0.00452485  -0.01546909
0.00792850  -0.01977802
0.01221019  -0.02369371
0.01733003  -0.02723385
0.02324933  -0.03041576
0.02993063  -0.03325634
0.03733766  -0.03577214
0.04543531  -0.03797932
0.05418962  -0.03989363
0.06356777  -0.04153048
0.07353805  -0.04290486
0.08406985  -0.04403142
0.09513360  -0.04492440
0.10670084  -0.04559770
0.11874410  -0.04606481
0.13123695  -0.04633888
0.14415394  -0.04643268
0.15747063  -0.04635859
0.17116350  -0.04612867
0.18521000  -0.04575456
0.19958848  -0.04524759
0.21427820  -0.04461868
0.22925931  -0.04387841
0.24451281  -0.04303702
0.26002056  -0.04210435
0.27576522  -0.04108993
0.29173028  -0.04000290
0.30790000  -0.03885207
0.32425942  -0.03764588
0.34079431  -0.03639243
0.35749120  -0.03509947
0.37433730  -0.03377441
0.39132052  -0.03242431
0.40842945  -0.03105589
0.42565331  -0.02967550
0.44298198  -0.02828920
0.46040593  -0.02690267
0.47791625  -0.02552127
0.49550459  -0.02415001
0.51316314  -0.02279359
0.53088467  -0.02145636
0.54866242  -0.02014234
0.56649016  -0.01885523
0.58436214  -0.01759838
0.60227305  -0.01637483
0.62021803  -0.01518730
0.63819266  -0.01403818
0.65619289  -0.01292952
0.67421508  -0.01186309
0.69225594  -0.01084030
0.71031254  -0.00986227
0.72838225  -0.00892978
0.74646278  -0.00804333
0.76455210  -0.00720307
0.78264847  -0.00640886
0.80075038  -0.00566025
0.81885656  -0.00495648
0.83696596  -0.00429648
0.85507770  -0.00367887
0.87319109  -0.00310198
0.89130559  -0.00256384
0.90942079  -0.00206215
0.92753640  -0.00159434
0.94565221  -0.00115754
0.96376812  -0.00074857
0.98188406  -0.00036398
1.00000000  0.00000000
