NN3216
1.00000000  0.00000000
0.98188406  0.00836902
0.96376812  0.01692027
0.94565221  0.02558907
0.92753640  0.03431525
0.90942079  0.04304295
0.89130559  0.05172051
0.87319109  0.06030033
0.85507770  0.06873879
0.83696596  0.07699603
0.81885656  0.08503590
0.80075038  0.09282577
0.78264847  0.10033644
0.76455210  0.10754199
0.74646278  0.11441964
0.72838225  0.12094963
0.71031254  0.12711511
0.69225594  0.13290195
0.67421508  0.13829868
0.65619289  0.14329629
0.63819266  0.14788816
0.62021803  0.15206989
0.60227305  0.15583917
0.58436214  0.15919568
0.56649016  0.16214090
0.54866242  0.16467805
0.53088467  0.16681191
0.51316314  0.16854869
0.49550459  0.16989593
0.47791625  0.17086234
0.46040593  0.17145768
0.44298198  0.17169261
0.42565331  0.17157861
0.40842945  0.17112778
0.39132052  0.17035276
0.37433730  0.16926656
0.35749120  0.16788248
0.34079431  0.16621392
0.32425942  0.16427429
0.30790000  0.16207687
0.29173028  0.15963465
0.27576522  0.15696024
0.26002056  0.15406573
0.24451281  0.15096253
0.22925931  0.14766125
0.21427820  0.14417161
0.19958848  0.14050225
0.18521000  0.13666061
0.17116350  0.13265286
0.15747063  0.12848366
0.14415394  0.12415615
0.13123695  0.11967170
0.11874410  0.11502988
0.10670084  0.11022826
0.09513360  0.10526231
0.08406985  0.10012527
0.07353805  0.09480801
0.06356777  0.08929887
0.05418962  0.08358361
0.04543531  0.07764517
0.03733766  0.07146364
0.02993063  0.06501605
0.02324933  0.05827630
0.01733003  0.05121498
0.01221019  0.04379927
0.00792850  0.03599279
0.00452485  0.02775549
0.00204040  0.01904348
0.00051754  0.00980895
0.00000000  0.00000000
0.00000000  0.00000000
0.00051754  -0.01077898
0.00204040  -0.02016317
0.00452485  -0.02828131
0.00792850  -0.03525478
0.01221019  -0.04119781
0.01733003  -0.04621764
0.02324933  -0.05041474
0.02993063  -0.05388296
0.03733766  -0.05670980
0.04543531  -0.05897649
0.05418962  -0.06075829
0.06356777  -0.06212459
0.07353805  -0.06313917
0.08406985  -0.06386035
0.09513360  -0.06434118
0.10670084  -0.06462967
0.11874410  -0.06476892
0.13123695  -0.06479737
0.14415394  -0.06474894
0.15747063  -0.06465326
0.17116350  -0.06453584
0.18521000  -0.06441827
0.19958848  -0.06431840
0.21427820  -0.06425053
0.22925931  -0.06422562
0.24451281  -0.06425146
0.26002056  -0.06433287
0.27576522  -0.06447188
0.29173028  -0.06466793
0.30790000  -0.06491808
0.32425942  -0.06521715
0.34079431  -0.06555795
0.35749120  -0.06593148
0.37433730  -0.06632708
0.39132052  -0.06673264
0.40842945  -0.06713480
0.42565331  -0.06751914
0.44298198  -0.06787035
0.46040593  -0.06817243
0.47791625  -0.06840890
0.49550459  -0.06856297
0.51316314  -0.06861773
0.53088467  -0.06855635
0.54866242  -0.06836226
0.56649016  -0.06801935
0.58436214  -0.06751217
0.60227305  -0.06682608
0.62021803  -0.06594750
0.63819266  -0.06486404
0.65619289  -0.06356473
0.67421508  -0.06204022
0.69225594  -0.06028292
0.71031254  -0.05828723
0.72838225  -0.05604974
0.74646278  -0.05356936
0.76455210  -0.05084761
0.78264847  -0.04788869
0.80075038  -0.04469979
0.81885656  -0.04129119
0.83696596  -0.03767649
0.85507770  -0.03387279
0.87319109  -0.02990091
0.89130559  -0.02578553
0.90942079  -0.02155542
0.92753640  -0.01724361
0.94565221  -0.01288758
0.96376812  -0.00852949
0.98188406  -0.00421629
1.00000000  0.00000000
