NN3576
1.00000000  0.00000000
0.98188406  0.01658449
0.96376812  0.03200663
0.94565221  0.04633640
0.92753640  0.05963975
0.90942079  0.07197870
0.89130559  0.08341146
0.87319109  0.09399259
0.85507770  0.10377309
0.83696596  0.11280056
0.81885656  0.12111930
0.80075038  0.12877042
0.78264847  0.13579202
0.76455210  0.14221926
0.74646278  0.14808455
0.72838225  0.15341758
0.71031254  0.15824555
0.69225594  0.16259324
0.67421508  0.16648312
0.65619289  0.16993552
0.63819266  0.17296874
0.62021803  0.17559917
0.60227305  0.17784140
0.58436214  0.17970840
0.56649016  0.18121158
0.54866242  0.18236095
0.53088467  0.18316526
0.51316314  0.18363209
0.49550459  0.18376800
0.47791625  0.18357866
0.46040593  0.18306894
0.44298198  0.18224310
0.42565331  0.18110484
0.40842945  0.17965749
0.39132052  0.17790410
0.37433730  0.17584758
0.35749120  0.17349080
0.34079431  0.17083678
0.32425942  0.16788873
0.30790000  0.16465024
0.29173028  0.16112540
0.27576522  0.15731889
0.26002056  0.15323612
0.24451281  0.14888339
0.22925931  0.14426796
0.21427820  0.13939824
0.19958848  0.13428386
0.18521000  0.12893580
0.17116350  0.12336657
0.15747063  0.11759028
0.14415394  0.11162277
0.13123695  0.10548178
0.11874410  0.09918703
0.10670084  0.09276037
0.09513360  0.08622588
0.08406985  0.07961005
0.07353805  0.07294183
0.06356777  0.06625284
0.05418962  0.05957740
0.04543531  0.05295276
0.03733766  0.04641914
0.02993063  0.04001991
0.02324933  0.03380167
0.01733003  0.02781444
0.01221019  0.02211172
0.00792850  0.01675066
0.00452485  0.01179215
0.00204040  0.00730098
0.00051754  0.00334595
0.00000000  0.00000000
0.00000000  0.00000000
0.00051754  -0.00525914
0.00204040  -0.00993681
0.00452485  -0.01406061
0.00792850  -0.01765787
0.01221019  -0.02075559
0.01733003  -0.02338048
0.02324933  -0.02555889
0.02993063  -0.02731682
0.03733766  -0.02867991
0.04543531  -0.02967339
0.05418962  -0.03032209
0.06356777  -0.03065042
0.07353805  -0.03068235
0.08406985  -0.03044136
0.09513360  -0.02995048
0.10670084  -0.02923223
0.11874410  -0.02830862
0.13123695  -0.02720113
0.14415394  -0.02593068
0.15747063  -0.02451763
0.17116350  -0.02298175
0.18521000  -0.02134222
0.19958848  -0.01961757
0.21427820  -0.01782572
0.22925931  -0.01598393
0.24451281  -0.01410876
0.26002056  -0.01221612
0.27576522  -0.01032117
0.29173028  -0.00843837
0.30790000  -0.00658142
0.32425942  -0.00476327
0.34079431  -0.00299608
0.35749120  -0.00129121
0.37433730  0.00034079
0.39132052  0.00189020
0.40842945  0.00334816
0.42565331  0.00470667
0.44298198  0.00595863
0.46040593  0.00709783
0.47791625  0.00811898
0.49550459  0.00901775
0.51316314  0.00979075
0.53088467  0.01043557
0.54866242  0.01095080
0.56649016  0.01133602
0.58436214  0.01159186
0.60227305  0.01171999
0.62021803  0.01172313
0.63819266  0.01160511
0.65619289  0.01137082
0.67421508  0.01102632
0.69225594  0.01057874
0.71031254  0.01003642
0.72838225  0.00940884
0.74646278  0.00870666
0.76455210  0.00794178
0.78264847  0.00712729
0.80075038  0.00627753
0.81885656  0.00540811
0.83696596  0.00453590
0.85507770  0.00367908
0.87319109  0.00285713
0.89130559  0.00209085
0.90942079  0.00140242
0.92753640  0.00081536
0.94565221  0.00035456
0.96376812  0.00004635
0.98188406  -0.00008156
1.00000000  0.00000000
