NN3786
1.00000000  0.00000000
0.98188406  0.00934841
0.96376812  0.01818925
0.94565221  0.02654955
0.92753640  0.03445432
0.90942079  0.04192666
0.89130559  0.04898780
0.87319109  0.05565720
0.85507770  0.06195263
0.83696596  0.06789022
0.81885656  0.07348457
0.80075038  0.07874882
0.78264847  0.08369470
0.76455210  0.08833263
0.74646278  0.09267180
0.72838225  0.09672024
0.71031254  0.10048489
0.69225594  0.10397169
0.67421508  0.10718565
0.65619289  0.11013091
0.63819266  0.11281086
0.62021803  0.11522818
0.60227305  0.11738492
0.58436214  0.11928260
0.56649016  0.12092225
0.54866242  0.12230454
0.53088467  0.12342979
0.51316314  0.12429811
0.49550459  0.12490943
0.47791625  0.12526360
0.46040593  0.12536049
0.44298198  0.12519999
0.42565331  0.12478218
0.40842945  0.12410733
0.39132052  0.12317604
0.37433730  0.12198928
0.35749120  0.12054845
0.34079431  0.11885550
0.32425942  0.11691300
0.30790000  0.11472418
0.29173028  0.11229304
0.27576522  0.10962443
0.26002056  0.10672410
0.24451281  0.10359881
0.22925931  0.10025635
0.21427820  0.09670571
0.19958848  0.09295706
0.18521000  0.08902189
0.17116350  0.08491306
0.15747063  0.08064488
0.14415394  0.07623321
0.13123695  0.07169548
0.11874410  0.06705085
0.10670084  0.06232020
0.09513360  0.05752627
0.08406985  0.05269370
0.07353805  0.04784915
0.06356777  0.04302131
0.05418962  0.03824104
0.04543531  0.03354141
0.03733766  0.02895781
0.02993063  0.02452798
0.02324933  0.02029212
0.01733003  0.01629297
0.01221019  0.01257586
0.00792850  0.00918882
0.00452485  0.00618263
0.00204040  0.00361091
0.00051754  0.00153019
0.00000000  0.00000000
0.00000000  0.00000000
0.00051754  -0.01232337
0.00204040  -0.02338748
0.00452485  -0.03324146
0.00792850  -0.04193464
0.01221019  -0.04951650
0.01733003  -0.05603661
0.02324933  -0.06154455
0.02993063  -0.06608991
0.03733766  -0.06972215
0.04543531  -0.07249063
0.05418962  -0.07444448
0.06356777  -0.07563259
0.07353805  -0.07610353
0.08406985  -0.07590550
0.09513360  -0.07508626
0.10670084  -0.07369309
0.11874410  -0.07177275
0.13123695  -0.06937135
0.14415394  -0.06653439
0.15747063  -0.06330662
0.17116350  -0.05973203
0.18521000  -0.05585378
0.19958848  -0.05171415
0.21427820  -0.04735444
0.22925931  -0.04281499
0.24451281  -0.03813505
0.26002056  -0.03335277
0.27576522  -0.02850511
0.29173028  -0.02362781
0.30790000  -0.01875531
0.32425942  -0.01392071
0.34079431  -0.00915569
0.35749120  -0.00449050
0.37433730  0.00004617
0.39132052  0.00442717
0.40842945  0.00862702
0.42565331  0.01262189
0.44298198  0.01638975
0.46040593  0.01991033
0.47791625  0.02316525
0.49550459  0.02613804
0.51316314  0.02881422
0.53088467  0.03118134
0.54866242  0.03322904
0.56649016  0.03494912
0.58436214  0.03633558
0.60227305  0.03738468
0.62021803  0.03809502
0.63819266  0.03846757
0.65619289  0.03850575
0.67421508  0.03821545
0.69225594  0.03760514
0.71031254  0.03668588
0.72838225  0.03547141
0.74646278  0.03397820
0.76455210  0.03222548
0.78264847  0.03023534
0.80075038  0.02803276
0.81885656  0.02564567
0.83696596  0.02310502
0.85507770  0.02044483
0.87319109  0.01770224
0.89130559  0.01491757
0.90942079  0.01213440
0.92753640  0.00939960
0.94565221  0.00676337
0.96376812  0.00427937
0.98188406  0.00200470
1.00000000  0.00000000
