NN3780
1.00000000  0.00000000
0.98188406  0.01417687
0.96376812  0.02783463
0.94565221  0.04099786
0.92753640  0.05368891
0.90942079  0.06592794
0.89130559  0.07773308
0.87319109  0.08912042
0.85507770  0.10010414
0.83696596  0.11069660
0.81885656  0.12090837
0.80075038  0.13074835
0.78264847  0.14022382
0.76455210  0.14934056
0.74646278  0.15810288
0.72838225  0.16651371
0.71031254  0.17457473
0.69225594  0.18228636
0.67421508  0.18964792
0.65619289  0.19665766
0.63819266  0.20331287
0.62021803  0.20960991
0.60227305  0.21554436
0.58436214  0.22111104
0.56649016  0.22630410
0.54866242  0.23111712
0.53088467  0.23554318
0.51316314  0.23957493
0.49550459  0.24320467
0.47791625  0.24642443
0.46040593  0.24922607
0.44298198  0.25160130
0.42565331  0.25354185
0.40842945  0.25503945
0.39132052  0.25608598
0.37433730  0.25667353
0.35749120  0.25679446
0.34079431  0.25644149
0.32425942  0.25560778
0.30790000  0.25428702
0.29173028  0.25247350
0.27576522  0.25016217
0.26002056  0.24734874
0.24451281  0.24402977
0.22925931  0.24020271
0.21427820  0.23586602
0.19958848  0.23101921
0.18521000  0.22566296
0.17116350  0.21979917
0.15747063  0.21343103
0.14415394  0.20656314
0.13123695  0.19920154
0.11874410  0.19135384
0.10670084  0.18302925
0.09513360  0.17423868
0.08406985  0.16499482
0.07353805  0.15531222
0.06356777  0.14520737
0.05418962  0.13469877
0.04543531  0.12380701
0.03733766  0.11255486
0.02993063  0.10096732
0.02324933  0.08907175
0.01733003  0.07689789
0.01221019  0.06447798
0.00792850  0.05184682
0.00452485  0.03904187
0.00204040  0.02610329
0.00051754  0.01307405
0.00000000  0.00000000
0.00000000  0.00000000
0.00051754  -0.00384938
0.00204040  -0.00769413
0.00452485  -0.01153169
0.00792850  -0.01535956
0.01221019  -0.01917534
0.01733003  -0.02297668
0.02324933  -0.02676127
0.02993063  -0.03052680
0.03733766  -0.03427099
0.04543531  -0.03799152
0.05418962  -0.04168607
0.06356777  -0.04535225
0.07353805  -0.04898758
0.08406985  -0.05258954
0.09513360  -0.05615547
0.10670084  -0.05968260
0.11874410  -0.06316804
0.13123695  -0.06660871
0.14415394  -0.07000138
0.15747063  -0.07334262
0.17116350  -0.07662880
0.18521000  -0.07985604
0.19958848  -0.08302024
0.21427820  -0.08611702
0.22925931  -0.08914173
0.24451281  -0.09208942
0.26002056  -0.09495482
0.27576522  -0.09773234
0.29173028  -0.10041602
0.30790000  -0.10299954
0.32425942  -0.10547620
0.34079431  -0.10783889
0.35749120  -0.11008008
0.37433730  -0.11219180
0.39132052  -0.11416562
0.40842945  -0.11599263
0.42565331  -0.11766345
0.44298198  -0.11916817
0.46040593  -0.12049636
0.47791625  -0.12163704
0.49550459  -0.12257867
0.51316314  -0.12330913
0.53088467  -0.12381570
0.54866242  -0.12408505
0.56649016  -0.12410320
0.58436214  -0.12385553
0.60227305  -0.12332676
0.62021803  -0.12250091
0.63819266  -0.12136130
0.65619289  -0.11989051
0.67421508  -0.11807042
0.69225594  -0.11588212
0.71031254  -0.11330593
0.72838225  -0.11032138
0.74646278  -0.10690720
0.76455210  -0.10304128
0.78264847  -0.09870066
0.80075038  -0.09386153
0.81885656  -0.08849919
0.83696596  -0.08258804
0.85507770  -0.07610157
0.87319109  -0.06901232
0.89130559  -0.06129191
0.90942079  -0.05291095
0.92753640  -0.04383910
0.94565221  -0.03404498
0.96376812  -0.02349622
0.98188406  -0.01215939
1.00000000  0.00000000
