NN3864
1.00000000  0.00000000
0.98188406  0.01950853
0.96376812  0.03725868
0.94565221  0.05336792
0.92753640  0.06794836
0.90942079  0.08110682
0.89130559  0.09294501
0.87319109  0.10355958
0.85507770  0.11304229
0.83696596  0.12148006
0.81885656  0.12895514
0.80075038  0.13554520
0.78264847  0.14132344
0.76455210  0.14635869
0.74646278  0.15071555
0.72838225  0.15445449
0.71031254  0.15763196
0.69225594  0.16030050
0.67421508  0.16250888
0.65619289  0.16430216
0.63819266  0.16572186
0.62021803  0.16680603
0.60227305  0.16758939
0.58436214  0.16810341
0.56649016  0.16837648
0.54866242  0.16843396
0.53088467  0.16829832
0.51316314  0.16798927
0.49550459  0.16752385
0.47791625  0.16691653
0.46040593  0.16617936
0.44298198  0.16532206
0.42565331  0.16435213
0.40842945  0.16327497
0.39132052  0.16209401
0.37433730  0.16081077
0.35749120  0.15942503
0.34079431  0.15793492
0.32425942  0.15633702
0.30790000  0.15462650
0.29173028  0.15279720
0.27576522  0.15084179
0.26002056  0.14875181
0.24451281  0.14651787
0.22925931  0.14412968
0.21427820  0.14157623
0.19958848  0.13884587
0.18521000  0.13592641
0.17116350  0.13280526
0.15747063  0.12946953
0.14415394  0.12590616
0.13123695  0.12210200
0.11874410  0.11804393
0.10670084  0.11371902
0.09513360  0.10911456
0.08406985  0.10421826
0.07353805  0.09901830
0.06356777  0.09350346
0.05418962  0.08766325
0.04543531  0.08148800
0.03733766  0.07496899
0.02993063  0.06809854
0.02324933  0.06087014
0.01733003  0.05327859
0.01221019  0.04532004
0.00792850  0.03699217
0.00452485  0.02829427
0.00204040  0.01922737
0.00051754  0.00979434
0.00000000  0.00000000
0.00000000  0.00000000
0.00051754  -0.00486772
0.00204040  -0.00929871
0.00452485  -0.01331786
0.00792850  -0.01694896
0.01221019  -0.02021478
0.01733003  -0.02313705
0.02324933  -0.02573654
0.02993063  -0.02803304
0.03733766  -0.03004542
0.04543531  -0.03179162
0.05418962  -0.03328873
0.06356777  -0.03455298
0.07353805  -0.03559978
0.08406985  -0.03644374
0.09513360  -0.03709871
0.10670084  -0.03757781
0.11874410  -0.03789342
0.13123695  -0.03805726
0.14415394  -0.03808040
0.15747063  -0.03797327
0.17116350  -0.03774569
0.18521000  -0.03740693
0.19958848  -0.03696570
0.21427820  -0.03643020
0.22925931  -0.03580814
0.24451281  -0.03510677
0.26002056  -0.03433290
0.27576522  -0.03349294
0.29173028  -0.03259291
0.30790000  -0.03163851
0.32425942  -0.03063508
0.34079431  -0.02958769
0.35749120  -0.02850113
0.37433730  -0.02737995
0.39132052  -0.02622851
0.40842945  -0.02505095
0.42565331  -0.02385128
0.44298198  -0.02263337
0.46040593  -0.02140100
0.47791625  -0.02015786
0.49550459  -0.01890761
0.51316314  -0.01765389
0.53088467  -0.01640033
0.54866242  -0.01515063
0.56649016  -0.01390854
0.58436214  -0.01267789
0.60227305  -0.01146265
0.62021803  -0.01026693
0.63819266  -0.00909502
0.65619289  -0.00795141
0.67421508  -0.00684083
0.69225594  -0.00576825
0.71031254  -0.00473896
0.72838225  -0.00375852
0.74646278  -0.00283288
0.76455210  -0.00196833
0.78264847  -0.00117157
0.80075038  -0.00044972
0.81885656  0.00018964
0.83696596  0.00073847
0.85507770  0.00118818
0.87319109  0.00152968
0.89130559  0.00175330
0.90942079  0.00184877
0.92753640  0.00180523
0.94565221  0.00161114
0.96376812  0.00125429
0.98188406  0.00072179
1.00000000  0.00000000
