NN3944
1.00000000  0.00000000
0.98188406  0.00746051
0.96376812  0.01531050
0.94565221  0.02347102
0.92753640  0.03186766
0.90942079  0.04043048
0.89130559  0.04909383
0.87319109  0.05779629
0.85507770  0.06648055
0.83696596  0.07509332
0.81885656  0.08358516
0.80075038  0.09191046
0.78264847  0.10002724
0.76455210  0.10789713
0.74646278  0.11548520
0.72838225  0.12275984
0.71031254  0.12969274
0.69225594  0.13625866
0.67421508  0.14243544
0.65619289  0.14820379
0.63819266  0.15354725
0.62021803  0.15845205
0.60227305  0.16290701
0.58436214  0.16690343
0.56649016  0.17043498
0.54866242  0.17349761
0.53088467  0.17608939
0.51316314  0.17821047
0.49550459  0.17986292
0.47791625  0.18105064
0.46040593  0.18177926
0.44298198  0.18205600
0.42565331  0.18188960
0.40842945  0.18129020
0.39132052  0.18026921
0.37433730  0.17883922
0.35749120  0.17701389
0.34079431  0.17480785
0.32425942  0.17223657
0.30790000  0.16931627
0.29173028  0.16606378
0.27576522  0.16249650
0.26002056  0.15863220
0.24451281  0.15448898
0.22925931  0.15008516
0.21427820  0.14543911
0.19958848  0.14056921
0.18521000  0.13549369
0.17116350  0.13023059
0.15747063  0.12479755
0.14415394  0.11921180
0.13123695  0.11348999
0.11874410  0.10764810
0.10670084  0.10170134
0.09513360  0.09566403
0.08406985  0.08954950
0.07353805  0.08336996
0.06356777  0.07713643
0.05418962  0.07085859
0.04543531  0.06454470
0.03733766  0.05820147
0.02993063  0.05183399
0.02324933  0.04544557
0.01733003  0.03903765
0.01221019  0.03260973
0.00792850  0.02615920
0.00452485  0.01968126
0.00204040  0.01316883
0.00051754  0.00661242
0.00000000  0.00000000
0.00000000  0.00000000
0.00051754  -0.00391836
0.00204040  -0.00715257
0.00452485  -0.00976581
0.00792850  -0.01181771
0.01221019  -0.01336447
0.01733003  -0.01445898
0.02324933  -0.01515084
0.02993063  -0.01548655
0.03733766  -0.01550952
0.04543531  -0.01526025
0.05418962  -0.01477632
0.06356777  -0.01409262
0.07353805  -0.01324130
0.08406985  -0.01225200
0.09513360  -0.01115183
0.10670084  -0.00996558
0.11874410  -0.00871569
0.13123695  -0.00742246
0.14415394  -0.00610407
0.15747063  -0.00477673
0.17116350  -0.00345471
0.18521000  -0.00215051
0.19958848  -0.00087489
0.21427820  0.00036297
0.22925931  0.00155544
0.24451281  0.00269630
0.26002056  0.00378065
0.27576522  0.00480484
0.29173028  0.00576634
0.30790000  0.00666366
0.32425942  0.00749626
0.34079431  0.00826446
0.35749120  0.00896930
0.37433730  0.00961252
0.39132052  0.01019637
0.40842945  0.01072362
0.42565331  0.01119736
0.44298198  0.01162100
0.46040593  0.01199809
0.47791625  0.01233227
0.49550459  0.01262720
0.51316314  0.01288638
0.53088467  0.01311315
0.54866242  0.01331051
0.56649016  0.01348110
0.58436214  0.01362705
0.60227305  0.01374989
0.62021803  0.01385050
0.63819266  0.01392895
0.65619289  0.01398444
0.67421508  0.01401522
0.69225594  0.01401845
0.71031254  0.01399014
0.72838225  0.01392504
0.74646278  0.01381654
0.76455210  0.01365659
0.78264847  0.01343559
0.80075038  0.01314230
0.81885656  0.01276373
0.83696596  0.01228510
0.85507770  0.01168964
0.87319109  0.01095861
0.89130559  0.01007112
0.90942079  0.00900407
0.92753640  0.00773207
0.94565221  0.00622728
0.96376812  0.00445940
0.98188406  0.00239551
1.00000000  0.00000000
