NN4043
1.00000000  0.00000000
0.98188406  0.00874592
0.96376812  0.01777848
0.94565221  0.02703469
0.92753640  0.03645491
0.90942079  0.04598276
0.89130559  0.05556510
0.87319109  0.06515191
0.85507770  0.07469620
0.83696596  0.08415397
0.81885656  0.09348410
0.80075038  0.10264829
0.78264847  0.11161096
0.76455210  0.12033921
0.74646278  0.12880271
0.72838225  0.13697360
0.71031254  0.14482649
0.69225594  0.15233830
0.67421508  0.15948822
0.65619289  0.16625763
0.63819266  0.17263002
0.62021803  0.17859090
0.60227305  0.18412772
0.58436214  0.18922984
0.56649016  0.19388838
0.54866242  0.19809618
0.53088467  0.20184772
0.51316314  0.20513905
0.49550459  0.20796769
0.47791625  0.21033254
0.46040593  0.21223387
0.44298198  0.21367315
0.42565331  0.21465305
0.40842945  0.21517729
0.39132052  0.21525064
0.37433730  0.21487877
0.35749120  0.21406822
0.34079431  0.21282629
0.32425942  0.21116100
0.30790000  0.20908095
0.29173028  0.20659531
0.27576522  0.20371370
0.26002056  0.20044611
0.24451281  0.19680286
0.22925931  0.19279446
0.21427820  0.18843160
0.19958848  0.18372502
0.18521000  0.17868545
0.17116350  0.17332353
0.15747063  0.16764975
0.14415394  0.16167432
0.13123695  0.15540716
0.11874410  0.14885778
0.10670084  0.14203519
0.09513360  0.13494786
0.08406985  0.12760361
0.07353805  0.12000956
0.06356777  0.11217201
0.05418962  0.10409641
0.04543531  0.09578725
0.03733766  0.08724799
0.02993063  0.07848097
0.02324933  0.06948737
0.01733003  0.06026708
0.01221019  0.05081866
0.00792850  0.04113923
0.00452485  0.03122444
0.00204040  0.02106833
0.00051754  0.01066329
0.00000000  0.00000000
0.00000000  0.00000000
0.00051754  -0.00805744
0.00204040  -0.01595267
0.00452485  -0.02366760
0.00792850  -0.03118474
0.01221019  -0.03848718
0.01733003  -0.04555865
0.02324933  -0.05238356
0.02993063  -0.05894694
0.03733766  -0.06523457
0.04543531  -0.07123293
0.05418962  -0.07692925
0.06356777  -0.08231155
0.07353805  -0.08736861
0.08406985  -0.09209008
0.09513360  -0.09646641
0.10670084  -0.10048894
0.11874410  -0.10414991
0.13123695  -0.10744246
0.14415394  -0.11036068
0.15747063  -0.11289962
0.17116350  -0.11505532
0.18521000  -0.11682485
0.19958848  -0.11820629
0.21427820  -0.11919880
0.22925931  -0.11980261
0.24451281  -0.12001908
0.26002056  -0.11985069
0.27576522  -0.11930108
0.29173028  -0.11837507
0.30790000  -0.11707868
0.32425942  -0.11541919
0.34079431  -0.11340509
0.35749120  -0.11104617
0.37433730  -0.10835353
0.39132052  -0.10533959
0.40842945  -0.10201810
0.42565331  -0.09840422
0.44298198  -0.09451448
0.46040593  -0.09036684
0.47791625  -0.08598071
0.49550459  -0.08137696
0.51316314  -0.07657799
0.53088467  -0.07160766
0.54866242  -0.06649142
0.56649016  -0.06125627
0.58436214  -0.05593080
0.60227305  -0.05054521
0.62021803  -0.04513135
0.63819266  -0.03972273
0.65619289  -0.03435454
0.67421508  -0.02906369
0.69225594  -0.02388882
0.71031254  -0.01887033
0.72838225  -0.01405040
0.74646278  -0.00947302
0.76455210  -0.00518402
0.78264847  -0.00123107
0.80075038  0.00233627
0.81885656  0.00546654
0.83696596  0.00810636
0.85507770  0.01020038
0.87319109  0.01169128
0.89130559  0.01251976
0.90942079  0.01262448
0.92753640  0.01194204
0.94565221  0.01040699
0.96376812  0.00795177
0.98188406  0.00450672
1.00000000  0.00000000
