NN4073
1.00000000  0.00000000
0.98188406  0.01673916
0.96376812  0.03242851
0.94565221  0.04708953
0.92753640  0.06074444
0.90942079  0.07341615
0.89130559  0.08512823
0.87319109  0.09590485
0.85507770  0.10577079
0.83696596  0.11475132
0.81885656  0.12287223
0.80075038  0.13015975
0.78264847  0.13664053
0.76455210  0.14234159
0.74646278  0.14729029
0.72838225  0.15151426
0.71031254  0.15504140
0.69225594  0.15789982
0.67421508  0.16011779
0.65619289  0.16172372
0.63819266  0.16274610
0.62021803  0.16321347
0.60227305  0.16315441
0.58436214  0.16259741
0.56649016  0.16157095
0.54866242  0.16010335
0.53088467  0.15822281
0.51316314  0.15595732
0.49550459  0.15333465
0.47791625  0.15038227
0.46040593  0.14712738
0.44298198  0.14359679
0.42565331  0.13981692
0.40842945  0.13581378
0.39132052  0.13161288
0.37433730  0.12723922
0.35749120  0.12271726
0.34079431  0.11807083
0.32425942  0.11332317
0.30790000  0.10849681
0.29173028  0.10361357
0.27576522  0.09869451
0.26002056  0.09375992
0.24451281  0.08882920
0.22925931  0.08392092
0.21427820  0.07905272
0.19958848  0.07424126
0.18521000  0.06950221
0.17116350  0.06485023
0.15747063  0.06029885
0.14415394  0.05586053
0.13123695  0.05154653
0.11874410  0.04736692
0.10670084  0.04333055
0.09513360  0.03944496
0.08406985  0.03571638
0.07353805  0.03214969
0.06356777  0.02874834
0.05418962  0.02551436
0.04543531  0.02244829
0.03733766  0.01954914
0.02993063  0.01681437
0.02324933  0.01423982
0.01733003  0.01181971
0.01221019  0.00954653
0.00792850  0.00741110
0.00452485  0.00540244
0.00204040  0.00350776
0.00051754  0.00171245
0.00000000  0.00000000
0.00000000  0.00000000
0.00051754  -0.00308891
0.00204040  -0.00571749
0.00452485  -0.00794500
0.00792850  -0.00982609
0.01221019  -0.01141097
0.01733003  -0.01274553
0.02324933  -0.01387154
0.02993063  -0.01482677
0.03733766  -0.01564517
0.04543531  -0.01635700
0.05418962  -0.01698901
0.06356777  -0.01756459
0.07353805  -0.01810391
0.08406985  -0.01862408
0.09513360  -0.01913933
0.10670084  -0.01966112
0.11874410  -0.02019835
0.13123695  -0.02075746
0.14415394  -0.02134263
0.15747063  -0.02195592
0.17116350  -0.02259739
0.18521000  -0.02326533
0.19958848  -0.02395635
0.21427820  -0.02466555
0.22925931  -0.02538671
0.24451281  -0.02611240
0.26002056  -0.02683415
0.27576522  -0.02754263
0.29173028  -0.02822775
0.30790000  -0.02887889
0.32425942  -0.02948500
0.34079431  -0.03003474
0.35749120  -0.03051672
0.37433730  -0.03091956
0.39132052  -0.03123210
0.40842945  -0.03144354
0.42565331  -0.03154361
0.44298198  -0.03152268
0.46040593  -0.03137197
0.47791625  -0.03108369
0.49550459  -0.03065118
0.51316314  -0.03006905
0.53088467  -0.02933339
0.54866242  -0.02844189
0.56649016  -0.02739398
0.58436214  -0.02619102
0.60227305  -0.02483644
0.62021803  -0.02333588
0.63819266  -0.02169737
0.65619289  -0.01993148
0.67421508  -0.01805147
0.69225594  -0.01607344
0.71031254  -0.01401648
0.72838225  -0.01190287
0.74646278  -0.00975816
0.76455210  -0.00761140
0.78264847  -0.00549525
0.80075038  -0.00344615
0.81885656  -0.00150447
0.83696596  0.00028534
0.85507770  0.00187457
0.87319109  0.00321012
0.89130559  0.00423434
0.90942079  0.00488486
0.92753640  0.00509445
0.94565221  0.00479086
0.96376812  0.00389667
0.98188406  0.00232913
1.00000000  0.00000000
