NN4059
1.00000000  0.00000000
0.98188406  0.00845383
0.96376812  0.01653476
0.94565221  0.02427614
0.92753640  0.03170807
0.90942079  0.03885750
0.89130559  0.04574838
0.87319109  0.05240177
0.85507770  0.05883595
0.83696596  0.06506654
0.81885656  0.07110665
0.80075038  0.07696696
0.78264847  0.08265589
0.76455210  0.08817967
0.74646278  0.09354248
0.72838225  0.09874659
0.71031254  0.10379247
0.69225594  0.10867888
0.67421508  0.11340303
0.65619289  0.11796070
0.63819266  0.12234633
0.62021803  0.12655318
0.60227305  0.13057341
0.58436214  0.13439822
0.56649016  0.13801800
0.54866242  0.14142239
0.53088467  0.14460045
0.51316314  0.14754077
0.49550459  0.15023157
0.47791625  0.15266085
0.46040593  0.15481650
0.44298198  0.15668639
0.42565331  0.15825856
0.40842945  0.15952127
0.39132052  0.16046315
0.37433730  0.16107335
0.35749120  0.16134160
0.34079431  0.16125839
0.32425942  0.16081504
0.30790000  0.16000387
0.29173028  0.15881826
0.27576522  0.15725285
0.26002056  0.15530359
0.24451281  0.15296790
0.22925931  0.15024476
0.21427820  0.14713488
0.19958848  0.14364078
0.18521000  0.13976690
0.17116350  0.13551978
0.15747063  0.13090811
0.14415394  0.12594291
0.13123695  0.12063760
0.11874410  0.11500818
0.10670084  0.10907329
0.09513360  0.10285437
0.08406985  0.09637576
0.07353805  0.08966483
0.06356777  0.08275212
0.05418962  0.07567141
0.04543531  0.06845991
0.03733766  0.06115830
0.02993063  0.05381094
0.02324933  0.04646591
0.01733003  0.03917517
0.01221019  0.03199469
0.00792850  0.02498456
0.00452485  0.01820910
0.00204040  0.01173698
0.00051754  0.00564136
0.00000000  0.00000000
0.00000000  0.00000000
0.00051754  -0.00025936
0.00204040  -0.00049033
0.00452485  -0.00070854
0.00792850  -0.00092837
0.01221019  -0.00116303
0.01733003  -0.00142451
0.02324933  -0.00172368
0.02993063  -0.00207027
0.03733766  -0.00247293
0.04543531  -0.00293920
0.05418962  -0.00347561
0.06356777  -0.00408766
0.07353805  -0.00477984
0.08406985  -0.00555567
0.09513360  -0.00641776
0.10670084  -0.00736777
0.11874410  -0.00840649
0.13123695  -0.00953382
0.14415394  -0.01074885
0.15747063  -0.01204985
0.17116350  -0.01343429
0.18521000  -0.01489890
0.19958848  -0.01643965
0.21427820  -0.01805184
0.22925931  -0.01973005
0.24451281  -0.02146823
0.26002056  -0.02325969
0.27576522  -0.02509713
0.29173028  -0.02697269
0.30790000  -0.02887795
0.32425942  -0.03080396
0.34079431  -0.03274127
0.35749120  -0.03467998
0.37433730  -0.03660971
0.39132052  -0.03851967
0.40842945  -0.04039870
0.42565331  -0.04223523
0.44298198  -0.04401738
0.46040593  -0.04573294
0.47791625  -0.04736942
0.49550459  -0.04891405
0.51316314  -0.05035382
0.53088467  -0.05167554
0.54866242  -0.05286579
0.56649016  -0.05391103
0.58436214  -0.05479756
0.60227305  -0.05551158
0.62021803  -0.05603921
0.63819266  -0.05636651
0.65619289  -0.05647952
0.67421508  -0.05636427
0.69225594  -0.05600681
0.71031254  -0.05539325
0.72838225  -0.05450976
0.74646278  -0.05334262
0.76455210  -0.05187824
0.78264847  -0.05010318
0.80075038  -0.04800417
0.81885656  -0.04556816
0.83696596  -0.04278233
0.85507770  -0.03963411
0.87319109  -0.03611122
0.89130559  -0.03220168
0.90942079  -0.02789385
0.92753640  -0.02317647
0.94565221  -0.01803864
0.96376812  -0.01246990
0.98188406  -0.00646021
1.00000000  0.00000000
