NN4190
1.00000000  0.00000000
0.98188406  0.01365276
0.96376812  0.02684914
0.94565221  0.03957442
0.92753640  0.05181576
0.90942079  0.06356222
0.89130559  0.07480461
0.87319109  0.08553547
0.85507770  0.09574899
0.83696596  0.10544096
0.81885656  0.11460865
0.80075038  0.12325081
0.78264847  0.13136757
0.76455210  0.13896034
0.74646278  0.14603181
0.72838225  0.15258583
0.71031254  0.15862737
0.69225594  0.16416243
0.67421508  0.16919799
0.65619289  0.17374194
0.63819266  0.17780301
0.62021803  0.18139068
0.60227305  0.18451517
0.58436214  0.18718732
0.56649016  0.18941852
0.54866242  0.19122069
0.53088467  0.19260616
0.51316314  0.19358764
0.49550459  0.19417813
0.47791625  0.19439087
0.46040593  0.19423925
0.44298198  0.19373677
0.42565331  0.19289694
0.40842945  0.19173324
0.39132052  0.19025904
0.37433730  0.18848753
0.35749120  0.18643167
0.34079431  0.18410409
0.32425942  0.18151705
0.30790000  0.17868238
0.29173028  0.17561136
0.27576522  0.17231472
0.26002056  0.16880253
0.24451281  0.16508415
0.22925931  0.16116813
0.21427820  0.15706219
0.19958848  0.15277314
0.18521000  0.14830678
0.17116350  0.14366785
0.15747063  0.13886000
0.14415394  0.13388567
0.13123695  0.12874602
0.11874410  0.12344093
0.10670084  0.11796884
0.09513360  0.11232677
0.08406985  0.10651018
0.07353805  0.10051295
0.06356777  0.09432730
0.05418962  0.08794369
0.04543531  0.08135082
0.03733766  0.07453549
0.02993063  0.06748259
0.02324933  0.06017498
0.01733003  0.05259348
0.01221019  0.04471676
0.00792850  0.03652128
0.00452485  0.02798122
0.00204040  0.01906844
0.00051754  0.00975238
0.00000000  0.00000000
0.00000000  0.00000000
0.00051754  -0.01120223
0.00204040  -0.02061526
0.00452485  -0.02839333
0.00792850  -0.03468338
0.01221019  -0.03962522
0.01733003  -0.04335165
0.02324933  -0.04598860
0.02993063  -0.04765531
0.03733766  -0.04846445
0.04543531  -0.04852228
0.05418962  -0.04792879
0.06356777  -0.04677785
0.07353805  -0.04515735
0.08406985  -0.04314937
0.09513360  -0.04083029
0.10670084  -0.03827096
0.11874410  -0.03553685
0.13123695  -0.03268819
0.14415394  -0.02978012
0.15747063  -0.02686281
0.17116350  -0.02398166
0.18521000  -0.02117741
0.19958848  -0.01848627
0.21427820  -0.01594014
0.22925931  -0.01356665
0.24451281  -0.01138941
0.26002056  -0.00942809
0.27576522  -0.00769859
0.29173028  -0.00621319
0.30790000  -0.00498069
0.32425942  -0.00400655
0.34079431  -0.00329307
0.35749120  -0.00283948
0.37433730  -0.00264214
0.39132052  -0.00269467
0.40842945  -0.00298807
0.42565331  -0.00351092
0.44298198  -0.00424946
0.46040593  -0.00518781
0.47791625  -0.00630806
0.49550459  -0.00759043
0.51316314  -0.00901345
0.53088467  -0.01055405
0.54866242  -0.01218776
0.56649016  -0.01388883
0.58436214  -0.01563036
0.60227305  -0.01738451
0.62021803  -0.01912255
0.63819266  -0.02081512
0.65619289  -0.02243228
0.67421508  -0.02394369
0.69225594  -0.02531879
0.71031254  -0.02652691
0.72838225  -0.02753741
0.74646278  -0.02831986
0.76455210  -0.02884416
0.78264847  -0.02908070
0.80075038  -0.02900049
0.81885656  -0.02857535
0.83696596  -0.02777800
0.85507770  -0.02658224
0.87319109  -0.02496309
0.89130559  -0.02289694
0.90942079  -0.02036169
0.92753640  -0.01733691
0.94565221  -0.01380395
0.96376812  -0.00974616
0.98188406  -0.00514895
1.00000000  0.00000000
