NN4389
1.00000000  0.00000000
0.98188406  0.01391199
0.96376812  0.02705276
0.94565221  0.03942908
0.92753640  0.05104943
0.90942079  0.06192397
0.89130559  0.07206438
0.87319109  0.08148385
0.85507770  0.09019692
0.83696596  0.09821944
0.81885656  0.10556845
0.80075038  0.11226211
0.78264847  0.11831958
0.76455210  0.12376097
0.74646278  0.12860723
0.72838225  0.13288007
0.71031254  0.13660183
0.69225594  0.13979546
0.67421508  0.14248438
0.65619289  0.14469240
0.63819266  0.14644364
0.62021803  0.14776242
0.60227305  0.14867321
0.58436214  0.14920049
0.56649016  0.14936870
0.54866242  0.14920213
0.53088467  0.14872484
0.51316314  0.14796057
0.49550459  0.14693264
0.47791625  0.14566387
0.46040593  0.14417648
0.44298198  0.14249202
0.42565331  0.14063127
0.40842945  0.13861413
0.39132052  0.13645957
0.37433730  0.13418550
0.35749120  0.13180872
0.34079431  0.12934480
0.32425942  0.12680800
0.30790000  0.12421119
0.29173028  0.12156572
0.27576522  0.11888141
0.26002056  0.11616638
0.24451281  0.11342699
0.22925931  0.11066777
0.21427820  0.10789131
0.19958848  0.10509815
0.18521000  0.10228675
0.17116350  0.09945334
0.15747063  0.09659187
0.14415394  0.09369388
0.13123695  0.09074846
0.11874410  0.08774212
0.10670084  0.08465873
0.09513360  0.08147940
0.08406985  0.07818243
0.07353805  0.07474317
0.06356777  0.07113397
0.05418962  0.06732408
0.04543531  0.06327956
0.03733766  0.05896318
0.02993063  0.05433434
0.02324933  0.04934898
0.01733003  0.04395951
0.01221019  0.03811465
0.00792850  0.03175945
0.00452485  0.02483510
0.00204040  0.01727889
0.00051754  0.00902412
0.00000000  0.00000000
0.00000000  0.00000000
0.00051754  -0.00806036
0.00204040  -0.01538308
0.00452485  -0.02200837
0.00792850  -0.02797540
0.01221019  -0.03332232
0.01733003  -0.03808627
0.02324933  -0.04230336
0.02993063  -0.04600864
0.03733766  -0.04923617
0.04543531  -0.05201891
0.05418962  -0.05438881
0.06356777  -0.05637675
0.07353805  -0.05801256
0.08406985  -0.05932501
0.09513360  -0.06034179
0.10670084  -0.06108953
0.11874410  -0.06159377
0.13123695  -0.06187897
0.14415394  -0.06196851
0.15747063  -0.06188468
0.17116350  -0.06164866
0.18521000  -0.06128055
0.19958848  -0.06079931
0.21427820  -0.06022282
0.22925931  -0.05956784
0.24451281  -0.05884998
0.26002056  -0.05808377
0.27576522  -0.05728256
0.29173028  -0.05645862
0.30790000  -0.05562302
0.32425942  -0.05478573
0.34079431  -0.05395555
0.35749120  -0.05314014
0.37433730  -0.05234598
0.39132052  -0.05157840
0.40842945  -0.05084155
0.42565331  -0.05013842
0.44298198  -0.04947081
0.46040593  -0.04883935
0.47791625  -0.04824346
0.49550459  -0.04768138
0.51316314  -0.04715016
0.53088467  -0.04664562
0.54866242  -0.04616241
0.56649016  -0.04569394
0.58436214  -0.04523240
0.60227305  -0.04476877
0.62021803  -0.04429282
0.63819266  -0.04379304
0.65619289  -0.04325673
0.67421508  -0.04266992
0.69225594  -0.04201741
0.71031254  -0.04128273
0.72838225  -0.04044819
0.74646278  -0.03949479
0.76455210  -0.03840231
0.78264847  -0.03714922
0.80075038  -0.03571275
0.81885656  -0.03406883
0.83696596  -0.03219210
0.85507770  -0.03005592
0.87319109  -0.02763236
0.89130559  -0.02489219
0.90942079  -0.02180485
0.92753640  -0.01833851
0.94565221  -0.01446000
0.96376812  -0.01013483
0.98188406  -0.00532721
1.00000000  0.00000000
