NN4499
1.00000000  0.00000000
0.98188406  0.00944615
0.96376812  0.01879185
0.94565221  0.02803702
0.92753640  0.03718008
0.90942079  0.04621810
0.89130559  0.05514679
0.87319109  0.06396066
0.85507770  0.07265304
0.83696596  0.08121618
0.81885656  0.08964133
0.80075038  0.09791880
0.78264847  0.10603803
0.76455210  0.11398770
0.74646278  0.12175578
0.72838225  0.12932961
0.71031254  0.13669598
0.69225594  0.14384121
0.67421508  0.15075120
0.65619289  0.15741156
0.63819266  0.16380762
0.62021803  0.16992456
0.60227305  0.17574746
0.58436214  0.18126137
0.56649016  0.18645143
0.54866242  0.19130287
0.53088467  0.19580117
0.51316314  0.19993207
0.49550459  0.20368168
0.47791625  0.20703656
0.46040593  0.20998376
0.44298198  0.21251094
0.42565331  0.21460644
0.40842945  0.21625930
0.39132052  0.21745943
0.37433730  0.21819759
0.35749120  0.21846555
0.34079431  0.21825610
0.32425942  0.21756317
0.30790000  0.21638189
0.29173028  0.21470866
0.27576522  0.21254123
0.26002056  0.20987879
0.24451281  0.20672203
0.22925931  0.20307322
0.21427820  0.19893628
0.19958848  0.19431688
0.18521000  0.18922249
0.17116350  0.18366246
0.15747063  0.17764812
0.14415394  0.17119283
0.13123695  0.16431205
0.11874410  0.15702345
0.10670084  0.14934696
0.09513360  0.14130485
0.08406985  0.13292181
0.07353805  0.12422504
0.06356777  0.11524429
0.05418962  0.10601196
0.04543531  0.09656319
0.03733766  0.08693591
0.02993063  0.07717093
0.02324933  0.06731200
0.01733003  0.05740591
0.01221019  0.04750255
0.00792850  0.03765501
0.00452485  0.02791961
0.00204040  0.01835601
0.00051754  0.00902729
0.00000000  0.00000000
0.00000000  0.00000000
0.00051754  -0.00986178
0.00204040  -0.01917065
0.00452485  -0.02792623
0.00792850  -0.03612919
0.01221019  -0.04378117
0.01733003  -0.05088485
0.02324933  -0.05744385
0.02993063  -0.06346275
0.03733766  -0.06894704
0.04543531  -0.07390312
0.05418962  -0.07833826
0.06356777  -0.08226058
0.07353805  -0.08567905
0.08406985  -0.08860341
0.09513360  -0.09104421
0.10670084  -0.09301276
0.11874410  -0.09452109
0.13123695  -0.09558196
0.14415394  -0.09620881
0.15747063  -0.09641574
0.17116350  -0.09621752
0.18521000  -0.09562952
0.19958848  -0.09466770
0.21427820  -0.09334862
0.22925931  -0.09168938
0.24451281  -0.08970759
0.26002056  -0.08742139
0.27576522  -0.08484939
0.29173028  -0.08201065
0.30790000  -0.07892469
0.32425942  -0.07561141
0.34079431  -0.07209112
0.35749120  -0.06838450
0.37433730  -0.06451255
0.39132052  -0.06049660
0.40842945  -0.05635829
0.42565331  -0.05211951
0.44298198  -0.04780240
0.46040593  -0.04342935
0.47791625  -0.03902294
0.49550459  -0.03460591
0.51316314  -0.03020118
0.53088467  -0.02583181
0.54866242  -0.02152094
0.56649016  -0.01729183
0.58436214  -0.01316778
0.60227305  -0.00917214
0.62021803  -0.00532828
0.63819266  -0.00165955
0.65619289  0.00181071
0.67421508  0.00505922
0.69225594  0.00806279
0.71031254  0.01079830
0.72838225  0.01324277
0.74646278  0.01537337
0.76455210  0.01716743
0.78264847  0.01860246
0.80075038  0.01965621
0.81885656  0.02030664
0.83696596  0.02053201
0.85507770  0.02031082
0.87319109  0.01962190
0.89130559  0.01844442
0.90942079  0.01675788
0.92753640  0.01454218
0.94565221  0.01177760
0.96376812  0.00844486
0.98188406  0.00452511
1.00000000  0.00000000
