NN4600
1.00000000  0.00000000
0.98188406  0.01144328
0.96376812  0.02306255
0.94565221  0.03477800
0.92753640  0.04651503
0.90942079  0.05820403
0.89130559  0.06978032
0.87319109  0.08118396
0.85507770  0.09235967
0.83696596  0.10325668
0.81885656  0.11382855
0.80075038  0.12403313
0.78264847  0.13383234
0.76455210  0.14319209
0.74646278  0.15208213
0.72838225  0.16047591
0.71031254  0.16835048
0.69225594  0.17568631
0.67421508  0.18246720
0.65619289  0.18868012
0.63819266  0.19431509
0.62021803  0.19936504
0.60227305  0.20382571
0.58436214  0.20769545
0.56649016  0.21097516
0.54866242  0.21366811
0.53088467  0.21577984
0.51316314  0.21731799
0.49550459  0.21829221
0.47791625  0.21871398
0.46040593  0.21859654
0.44298198  0.21795469
0.42565331  0.21680471
0.40842945  0.21516421
0.39132052  0.21305196
0.37433730  0.21048785
0.35749120  0.20749265
0.34079431  0.20408795
0.32425942  0.20029600
0.30790000  0.19613959
0.29173028  0.19164192
0.27576522  0.18682643
0.26002056  0.18171672
0.24451281  0.17633638
0.22925931  0.17070889
0.21427820  0.16485745
0.19958848  0.15880488
0.18521000  0.15257346
0.17116350  0.14618484
0.15747063  0.13965984
0.14415394  0.13301840
0.13123695  0.12627938
0.11874410  0.11946045
0.10670084  0.11257798
0.09513360  0.10564687
0.08406985  0.09868045
0.07353805  0.09169032
0.06356777  0.08468624
0.05418962  0.07767599
0.04543531  0.07066524
0.03733766  0.06365740
0.02993063  0.05665351
0.02324933  0.04965210
0.01733003  0.04264907
0.01221019  0.03563752
0.00792850  0.02860765
0.00452485  0.02154664
0.00204040  0.01443847
0.00051754  0.00726384
0.00000000  0.00000000
0.00000000  0.00000000
0.00051754  -0.00281050
0.00204040  -0.00596872
0.00452485  -0.00942265
0.00792850  -0.01312361
0.01221019  -0.01702617
0.01733003  -0.02108801
0.02324933  -0.02526983
0.02993063  -0.02953527
0.03733766  -0.03385077
0.04543531  -0.03818550
0.05418962  -0.04251122
0.06356777  -0.04680220
0.07353805  -0.05103512
0.08406985  -0.05518894
0.09513360  -0.05924483
0.10670084  -0.06318604
0.11874410  -0.06699780
0.13123695  -0.07066723
0.14415394  -0.07418321
0.15747063  -0.07753631
0.17116350  -0.08071866
0.18521000  -0.08372385
0.19958848  -0.08654685
0.21427820  -0.08918386
0.22925931  -0.09163225
0.24451281  -0.09389043
0.26002056  -0.09595776
0.27576522  -0.09783442
0.29173028  -0.09952136
0.30790000  -0.10102015
0.32425942  -0.10233286
0.34079431  -0.10346202
0.35749120  -0.10441046
0.37433730  -0.10518125
0.39132052  -0.10577753
0.40842945  -0.10620249
0.42565331  -0.10645920
0.44298198  -0.10655054
0.46040593  -0.10647907
0.47791625  -0.10624697
0.49550459  -0.10585588
0.51316314  -0.10530684
0.53088467  -0.10460017
0.54866242  -0.10373535
0.56649016  -0.10271096
0.58436214  -0.10152451
0.60227305  -0.10017240
0.62021803  -0.09864979
0.63819266  -0.09695049
0.65619289  -0.09506686
0.67421508  -0.09298970
0.69225594  -0.09070818
0.71031254  -0.08820967
0.72838225  -0.08547971
0.74646278  -0.08250186
0.76455210  -0.07925761
0.78264847  -0.07572625
0.80075038  -0.07188483
0.81885656  -0.06770799
0.83696596  -0.06316788
0.85507770  -0.05823407
0.87319109  -0.05287342
0.89130559  -0.04705001
0.90942079  -0.04072499
0.92753640  -0.03385651
0.94565221  -0.02639962
0.96376812  -0.01830614
0.98188406  -0.00952458
1.00000000  0.00000000
