NN4886
1.00000000  0.00000000
0.98188406  0.01289473
0.96376812  0.02465516
0.94565221  0.03536695
0.92753640  0.04511139
0.90942079  0.05396560
0.89130559  0.06200251
0.87319109  0.06929104
0.85507770  0.07589616
0.83696596  0.08187895
0.81885656  0.08729675
0.80075038  0.09220318
0.78264847  0.09664829
0.76455210  0.10067863
0.74646278  0.10433732
0.72838225  0.10766419
0.71031254  0.11069580
0.69225594  0.11346560
0.67421508  0.11600396
0.65619289  0.11833833
0.63819266  0.12049326
0.62021803  0.12249052
0.60227305  0.12434920
0.58436214  0.12608579
0.56649016  0.12771428
0.54866242  0.12924622
0.53088467  0.13069086
0.51316314  0.13205519
0.49550459  0.13334406
0.47791625  0.13456027
0.46040593  0.13570464
0.44298198  0.13677612
0.42565331  0.13777189
0.40842945  0.13868741
0.39132052  0.13951655
0.37433730  0.14025166
0.35749120  0.14088366
0.34079431  0.14140216
0.32425942  0.14179549
0.30790000  0.14205086
0.29173028  0.14215439
0.27576522  0.14209126
0.26002056  0.14184573
0.24451281  0.14140129
0.22925931  0.14074074
0.21427820  0.13984623
0.19958848  0.13869944
0.18521000  0.13728157
0.17116350  0.13557351
0.15747063  0.13355590
0.14415394  0.13120921
0.13123695  0.12851384
0.11874410  0.12545021
0.10670084  0.12199887
0.09513360  0.11814056
0.08406985  0.11385630
0.07353805  0.10912751
0.06356777  0.10393607
0.05418962  0.09826445
0.04543531  0.09209573
0.03733766  0.08541378
0.02993063  0.07820327
0.02324933  0.07044981
0.01733003  0.06214003
0.01221019  0.05326164
0.00792850  0.04380359
0.00452485  0.03375606
0.00204040  0.02311066
0.00051754  0.01186044
0.00000000  0.00000000
0.00000000  0.00000000
0.00051754  -0.01057564
0.00204040  -0.01952872
0.00452485  -0.02700518
0.00792850  -0.03314290
0.01221019  -0.03807190
0.01733003  -0.04191456
0.02324933  -0.04478583
0.02993063  -0.04679348
0.03733766  -0.04803823
0.04543531  -0.04861407
0.05418962  -0.04860838
0.06356777  -0.04810220
0.07353805  -0.04717044
0.08406985  -0.04588207
0.09513360  -0.04430033
0.10670084  -0.04248300
0.11874410  -0.04048253
0.13123695  -0.03834633
0.14415394  -0.03611695
0.15747063  -0.03383227
0.17116350  -0.03152577
0.18521000  -0.02922669
0.19958848  -0.02696029
0.21427820  -0.02474803
0.22925931  -0.02260778
0.24451281  -0.02055408
0.26002056  -0.01859831
0.27576522  -0.01674890
0.29173028  -0.01501160
0.30790000  -0.01338961
0.32425942  -0.01188387
0.34079431  -0.01049324
0.35749120  -0.00921471
0.37433730  -0.00804362
0.39132052  -0.00697388
0.40842945  -0.00599817
0.42565331  -0.00510817
0.44298198  -0.00429477
0.46040593  -0.00354827
0.47791625  -0.00285862
0.49550459  -0.00221560
0.51316314  -0.00160907
0.53088467  -0.00102915
0.54866242  -0.00046646
0.56649016  0.00008767
0.58436214  0.00064101
0.60227305  0.00120019
0.62021803  0.00177048
0.63819266  0.00235561
0.65619289  0.00295753
0.67421508  0.00357619
0.69225594  0.00420935
0.71031254  0.00485237
0.72838225  0.00549794
0.74646278  0.00613595
0.76455210  0.00675320
0.78264847  0.00733323
0.80075038  0.00785611
0.81885656  0.00829818
0.83696596  0.00863189
0.85507770  0.00882556
0.87319109  0.00884317
0.89130559  0.00864412
0.90942079  0.00818308
0.92753640  0.00740972
0.94565221  0.00626850
0.96376812  0.00469849
0.98188406  0.00263312
1.00000000  0.00000000
