NN4971
1.00000000  0.00000000
0.98188406  0.00750941
0.96376812  0.01488116
0.94565221  0.02211390
0.92753640  0.02920554
0.90942079  0.03615332
0.89130559  0.04295381
0.87319109  0.04960299
0.85507770  0.05609628
0.83696596  0.06242860
0.81885656  0.06859440
0.80075038  0.07458771
0.78264847  0.08040220
0.76455210  0.08603120
0.74646278  0.09146777
0.72838225  0.09670471
0.71031254  0.10173467
0.69225594  0.10655013
0.67421508  0.11114346
0.65619289  0.11550702
0.63819266  0.11963311
0.62021803  0.12351411
0.60227305  0.12714246
0.58436214  0.13051074
0.56649016  0.13361170
0.54866242  0.13643832
0.53088467  0.13898383
0.51316314  0.14124179
0.49550459  0.14320611
0.47791625  0.14487109
0.46040593  0.14623149
0.44298198  0.14728258
0.42565331  0.14802015
0.40842945  0.14844058
0.39132052  0.14854087
0.37433730  0.14831872
0.35749120  0.14777255
0.34079431  0.14690152
0.32425942  0.14570563
0.30790000  0.14418573
0.29173028  0.14234358
0.27576522  0.14018189
0.26002056  0.13770435
0.24451281  0.13491572
0.22925931  0.13182183
0.21427820  0.12842964
0.19958848  0.12474728
0.18521000  0.12078414
0.17116350  0.11655085
0.15747063  0.11205936
0.14415394  0.10732298
0.13123695  0.10235644
0.11874410  0.09717590
0.10670084  0.09179904
0.09513360  0.08624507
0.08406985  0.08053478
0.07353805  0.07469063
0.06356777  0.06873671
0.05418962  0.06269889
0.04543531  0.05660477
0.03733766  0.05048377
0.02993063  0.04436721
0.02324933  0.03828827
0.01733003  0.03228211
0.01221019  0.02638589
0.00792850  0.02063881
0.00452485  0.01508216
0.00204040  0.00975936
0.00051754  0.00471603
0.00000000  0.00000000
0.00000000  0.00000000
0.00051754  -0.00363784
0.00204040  -0.00753621
0.00452485  -0.01164322
0.00792850  -0.01590955
0.01221019  -0.02028839
0.01733003  -0.02473545
0.02324933  -0.02920888
0.02993063  -0.03366929
0.03733766  -0.03807967
0.04543531  -0.04240540
0.05418962  -0.04661418
0.06356777  -0.05067602
0.07353805  -0.05456323
0.08406985  -0.05825032
0.09513360  -0.06171405
0.10670084  -0.06493333
0.11874410  -0.06788924
0.13123695  -0.07056496
0.14415394  -0.07294577
0.15747063  -0.07501898
0.17116350  -0.07677393
0.18521000  -0.07820197
0.19958848  -0.07929637
0.21427820  -0.08005234
0.22925931  -0.08046699
0.24451281  -0.08053929
0.26002056  -0.08027004
0.27576522  -0.07966181
0.29173028  -0.07871898
0.30790000  -0.07744763
0.32425942  -0.07585557
0.34079431  -0.07395224
0.35749120  -0.07174876
0.37433730  -0.06925783
0.39132052  -0.06649374
0.40842945  -0.06347231
0.42565331  -0.06021088
0.44298198  -0.05672828
0.46040593  -0.05304476
0.47791625  -0.04918200
0.49550459  -0.04516307
0.51316314  -0.04101238
0.53088467  -0.03675567
0.54866242  -0.03241996
0.56649016  -0.02803354
0.58436214  -0.02362591
0.60227305  -0.01922777
0.62021803  -0.01487098
0.63819266  -0.01058852
0.65619289  -0.00641449
0.67421508  -0.00238403
0.69225594  0.00146667
0.71031254  0.00510042
0.72838225  0.00847906
0.74646278  0.01156350
0.76455210  0.01431373
0.78264847  0.01668889
0.80075038  0.01864724
0.81885656  0.02014625
0.83696596  0.02114263
0.85507770  0.02159230
0.87319109  0.02145049
0.89130559  0.02067176
0.90942079  0.01920998
0.92753640  0.01701843
0.94565221  0.01404979
0.96376812  0.01025618
0.98188406  0.00558922
1.00000000  0.00000000
