NN5035
1.00000000  0.00000000
0.98188406  0.01546695
0.96376812  0.02982872
0.94565221  0.04316249
0.92753640  0.05554092
0.90942079  0.06703220
0.89130559  0.07770021
0.87319109  0.08760465
0.85507770  0.09680115
0.83696596  0.10534143
0.81885656  0.11327339
0.80075038  0.12064125
0.78264847  0.12748570
0.76455210  0.13384397
0.74646278  0.13975004
0.72838225  0.14523468
0.71031254  0.15032565
0.69225594  0.15504777
0.67421508  0.15942309
0.65619289  0.16347101
0.63819266  0.16720836
0.62021803  0.17064960
0.60227305  0.17380689
0.58436214  0.17669025
0.56649016  0.17930767
0.54866242  0.18166525
0.53088467  0.18376731
0.51316314  0.18561654
0.49550459  0.18721409
0.47791625  0.18855975
0.46040593  0.18965204
0.44298198  0.19048833
0.42565331  0.19106500
0.40842945  0.19137755
0.39132052  0.19142071
0.37433730  0.19118861
0.35749120  0.19067485
0.34079431  0.18987270
0.32425942  0.18877514
0.30790000  0.18737507
0.29173028  0.18566537
0.27576522  0.18363909
0.26002056  0.18128951
0.24451281  0.17861034
0.22925931  0.17559576
0.21427820  0.17224064
0.19958848  0.16854059
0.18521000  0.16449216
0.17116350  0.16009288
0.15747063  0.15534146
0.14415394  0.15023790
0.13123695  0.14478359
0.11874410  0.13898147
0.10670084  0.13283612
0.09513360  0.12635394
0.08406985  0.11954324
0.07353805  0.11241434
0.06356777  0.10497979
0.05418962  0.09725439
0.04543531  0.08925539
0.03733766  0.08100258
0.02993063  0.07251845
0.02324933  0.06382827
0.01733003  0.05496027
0.01221019  0.04594573
0.00792850  0.03681911
0.00452485  0.02761820
0.00204040  0.01838423
0.00051754  0.00916200
0.00000000  0.00000000
0.00000000  0.00000000
0.00051754  -0.00337446
0.00204040  -0.00667235
0.00452485  -0.00989094
0.00792850  -0.01302712
0.01221019  -0.01607734
0.01733003  -0.01903776
0.02324933  -0.02190420
0.02993063  -0.02467224
0.03733766  -0.02733723
0.04543531  -0.02989435
0.05418962  -0.03233862
0.06356777  -0.03466499
0.07353805  -0.03686832
0.08406985  -0.03894348
0.09513360  -0.04088534
0.10670084  -0.04268884
0.11874410  -0.04434903
0.13123695  -0.04586110
0.14415394  -0.04722041
0.15747063  -0.04842256
0.17116350  -0.04946342
0.18521000  -0.05033914
0.19958848  -0.05104625
0.21427820  -0.05158163
0.22925931  -0.05194263
0.24451281  -0.05212702
0.26002056  -0.05213310
0.27576522  -0.05195974
0.29173028  -0.05160636
0.30790000  -0.05107302
0.32425942  -0.05036048
0.34079431  -0.04947016
0.35749120  -0.04840428
0.37433730  -0.04716581
0.39132052  -0.04575857
0.40842945  -0.04418727
0.42565331  -0.04245749
0.44298198  -0.04057580
0.46040593  -0.03854975
0.47791625  -0.03638792
0.49550459  -0.03409997
0.51316314  -0.03169667
0.53088467  -0.02918995
0.54866242  -0.02659293
0.56649016  -0.02391999
0.58436214  -0.02118674
0.60227305  -0.01841015
0.62021803  -0.01560854
0.63819266  -0.01280160
0.65619289  -0.01001049
0.67421508  -0.00725783
0.69225594  -0.00456778
0.71031254  -0.00196604
0.72838225  0.00052008
0.74646278  0.00286163
0.76455210  0.00502799
0.78264847  0.00698679
0.80075038  0.00870393
0.81885656  0.01014348
0.83696596  0.01126770
0.85507770  0.01203692
0.87319109  0.01240958
0.89130559  0.01234215
0.90942079  0.01178909
0.92753640  0.01070282
0.94565221  0.00903366
0.96376812  0.00672981
0.98188406  0.00373732
1.00000000  0.00000000
