NN5206
1.00000000  0.00000000
0.98188406  0.01243684
0.96376812  0.02435032
0.94565221  0.03573278
0.92753640  0.04657781
0.90942079  0.05688024
0.89130559  0.06663611
0.87319109  0.07584265
0.85507770  0.08449820
0.83696596  0.09260228
0.81885656  0.10015545
0.80075038  0.10715937
0.78264847  0.11361672
0.76455210  0.11953120
0.74646278  0.12490746
0.72838225  0.12975114
0.71031254  0.13406876
0.69225594  0.13786777
0.67421508  0.14115646
0.65619289  0.14394396
0.63819266  0.14624020
0.62021803  0.14805591
0.60227305  0.14940255
0.58436214  0.15029231
0.56649016  0.15073806
0.54866242  0.15075334
0.53088467  0.15035233
0.51316314  0.14954980
0.49550459  0.14836112
0.47791625  0.14680220
0.46040593  0.14488945
0.44298198  0.14263980
0.42565331  0.14007062
0.40842945  0.13719973
0.39132052  0.13404535
0.37433730  0.13062607
0.35749120  0.12696084
0.34079431  0.12306891
0.32425942  0.11896985
0.30790000  0.11468346
0.29173028  0.11022978
0.27576522  0.10562909
0.26002056  0.10090179
0.24451281  0.09606847
0.22925931  0.09114982
0.21427820  0.08616662
0.19958848  0.08113972
0.18521000  0.07608999
0.17116350  0.07103831
0.15747063  0.06600555
0.14415394  0.06101249
0.13123695  0.05607986
0.11874410  0.05122828
0.10670084  0.04647820
0.09513360  0.04184994
0.08406985  0.03736359
0.07353805  0.03303903
0.06356777  0.02889589
0.05418962  0.02495352
0.04543531  0.02123093
0.03733766  0.01774682
0.02993063  0.01451951
0.02324933  0.01156693
0.01733003  0.00890657
0.01221019  0.00655548
0.00792850  0.00453021
0.00452485  0.00284680
0.00204040  0.00152078
0.00051754  0.00056706
0.00000000  0.00000000
0.00000000  0.00000000
0.00051754  -0.00780586
0.00204040  -0.01473027
0.00452485  -0.02081804
0.00792850  -0.02611307
0.01221019  -0.03065830
0.01733003  -0.03449577
0.02324933  -0.03766654
0.02993063  -0.04021078
0.03733766  -0.04216769
0.04543531  -0.04357555
0.05418962  -0.04447168
0.06356777  -0.04489247
0.07353805  -0.04487338
0.08406985  -0.04444891
0.09513360  -0.04365262
0.10670084  -0.04251711
0.11874410  -0.04107406
0.13123695  -0.03935419
0.14415394  -0.03738725
0.15747063  -0.03520208
0.17116350  -0.03282652
0.18521000  -0.03028750
0.19958848  -0.02761096
0.21427820  -0.02482192
0.22925931  -0.02194441
0.24451281  -0.01900152
0.26002056  -0.01601538
0.27576522  -0.01300715
0.29173028  -0.00999703
0.30790000  -0.00700427
0.32425942  -0.00404715
0.34079431  -0.00114298
0.35749120  0.00169191
0.37433730  0.00444212
0.39132052  0.00709326
0.40842945  0.00963187
0.42565331  0.01204551
0.44298198  0.01432267
0.46040593  0.01645283
0.47791625  0.01842644
0.49550459  0.02023494
0.51316314  0.02187074
0.53088467  0.02332721
0.54866242  0.02459873
0.56649016  0.02568064
0.58436214  0.02656927
0.60227305  0.02726194
0.62021803  0.02775694
0.63819266  0.02805355
0.65619289  0.02815204
0.67421508  0.02805368
0.69225594  0.02776070
0.71031254  0.02727636
0.72838225  0.02660486
0.74646278  0.02575145
0.76455210  0.02472233
0.78264847  0.02352471
0.80075038  0.02216682
0.81885656  0.02065784
0.83696596  0.01900799
0.85507770  0.01722848
0.87319109  0.01533150
0.89130559  0.01333027
0.90942079  0.01123901
0.92753640  0.00907292
0.94565221  0.00684825
0.96376812  0.00458220
0.98188406  0.00229304
1.00000000  0.00000000
