NN5364
1.00000000  0.00000000
0.98188406  0.02196890
0.96376812  0.04232483
0.94565221  0.06116295
0.92753640  0.07857371
0.90942079  0.09464304
0.89130559  0.10945244
0.87319109  0.12307907
0.85507770  0.13559590
0.83696596  0.14707182
0.81885656  0.15757176
0.80075038  0.16715680
0.78264847  0.17588428
0.76455210  0.18380794
0.74646278  0.19097802
0.72838225  0.19744138
0.71031254  0.20324164
0.69225594  0.20841924
0.67421508  0.21301162
0.65619289  0.21705332
0.63819266  0.22057607
0.62021803  0.22360893
0.60227305  0.22617842
0.58436214  0.22830860
0.56649016  0.23002123
0.54866242  0.23133586
0.53088467  0.23226995
0.51316314  0.23283898
0.49550459  0.23305662
0.47791625  0.23293475
0.46040593  0.23248368
0.44298198  0.23171221
0.42565331  0.23062774
0.40842945  0.22923643
0.39132052  0.22754328
0.37433730  0.22555226
0.35749120  0.22326644
0.34079431  0.22068809
0.32425942  0.21781880
0.30790000  0.21465961
0.29173028  0.21121110
0.27576522  0.20747355
0.26002056  0.20344702
0.24451281  0.19913147
0.22925931  0.19452691
0.21427820  0.18963347
0.19958848  0.18445158
0.18521000  0.17898202
0.17116350  0.17322607
0.15747063  0.16718563
0.14415394  0.16086333
0.13123695  0.15426267
0.11874410  0.14738809
0.10670084  0.14024513
0.09513360  0.13284052
0.08406985  0.12518232
0.07353805  0.11728003
0.06356777  0.10914469
0.05418962  0.10078903
0.04543531  0.09222756
0.03733766  0.08347669
0.02993063  0.07455487
0.02324933  0.06548268
0.01733003  0.05628296
0.01221019  0.04698094
0.00792850  0.03760431
0.00452485  0.02818342
0.00204040  0.01875131
0.00051754  0.00934388
0.00000000  0.00000000
0.00000000  0.00000000
0.00051754  -0.00245112
0.00204040  -0.00473359
0.00452485  -0.00686725
0.00792850  -0.00887033
0.01221019  -0.01075944
0.01733003  -0.01254968
0.02324933  -0.01425466
0.02993063  -0.01588657
0.03733766  -0.01745622
0.04543531  -0.01897312
0.05418962  -0.02044550
0.06356777  -0.02188037
0.07353805  -0.02328362
0.08406985  -0.02466000
0.09513360  -0.02601322
0.10670084  -0.02734602
0.11874410  -0.02866016
0.13123695  -0.02995655
0.14415394  -0.03123523
0.15747063  -0.03249549
0.17116350  -0.03373588
0.18521000  -0.03495428
0.19958848  -0.03614795
0.21427820  -0.03731359
0.22925931  -0.03844739
0.24451281  -0.03954508
0.26002056  -0.04060198
0.27576522  -0.04161307
0.29173028  -0.04257304
0.30790000  -0.04347633
0.32425942  -0.04431719
0.34079431  -0.04508973
0.35749120  -0.04578800
0.37433730  -0.04640602
0.39132052  -0.04693782
0.40842945  -0.04737752
0.42565331  -0.04771938
0.44298198  -0.04795785
0.46040593  -0.04808761
0.47791625  -0.04810366
0.49550459  -0.04800132
0.51316314  -0.04777634
0.53088467  -0.04742491
0.54866242  -0.04694375
0.56649016  -0.04633013
0.58436214  -0.04558194
0.60227305  -0.04469776
0.62021803  -0.04367688
0.63819266  -0.04251938
0.65619289  -0.04122617
0.67421508  -0.03979905
0.69225594  -0.03824075
0.71031254  -0.03655503
0.72838225  -0.03474667
0.74646278  -0.03282156
0.76455210  -0.03078675
0.78264847  -0.02865051
0.80075038  -0.02642237
0.81885656  -0.02411316
0.83696596  -0.02173511
0.85507770  -0.01930187
0.87319109  -0.01682856
0.89130559  -0.01433185
0.90942079  -0.01182998
0.92753640  -0.00934284
0.94565221  -0.00689203
0.96376812  -0.00450089
0.98188406  -0.00219454
1.00000000  0.00000000
