NN5554
1.00000000  0.00000000
0.98188406  0.00922366
0.96376812  0.01828385
0.94565221  0.02714676
0.92753640  0.03578125
0.90942079  0.04415873
0.89130559  0.05225312
0.87319109  0.06004077
0.85507770  0.06750041
0.83696596  0.07461305
0.81885656  0.08136195
0.80075038  0.08773253
0.78264847  0.09371229
0.76455210  0.09929078
0.74646278  0.10445950
0.72838225  0.10921183
0.71031254  0.11354300
0.69225594  0.11744996
0.67421508  0.12093138
0.65619289  0.12398754
0.63819266  0.12662025
0.62021803  0.12883285
0.60227305  0.13063004
0.58436214  0.13201792
0.56649016  0.13300383
0.54866242  0.13359634
0.53088467  0.13380517
0.51316314  0.13364109
0.49550459  0.13311591
0.47791625  0.13224237
0.46040593  0.13103406
0.44298198  0.12950539
0.42565331  0.12767152
0.40842945  0.12554826
0.39132052  0.12315202
0.37433730  0.12049976
0.35749120  0.11760887
0.34079431  0.11449717
0.32425942  0.11118279
0.30790000  0.10768413
0.29173028  0.10401978
0.27576522  0.10020843
0.26002056  0.09626887
0.24451281  0.09221985
0.22925931  0.08808005
0.21427820  0.08386798
0.19958848  0.07960197
0.18521000  0.07530004
0.17116350  0.07097988
0.15747063  0.06665873
0.14415394  0.06235336
0.13123695  0.05808000
0.11874410  0.05385423
0.10670084  0.04969094
0.09513360  0.04560429
0.08406985  0.04160758
0.07353805  0.03771322
0.06356777  0.03393267
0.05418962  0.03027636
0.04543531  0.02675360
0.03733766  0.02337254
0.02993063  0.02014011
0.02324933  0.01706193
0.01733003  0.01414223
0.01221019  0.01138382
0.00792850  0.00878800
0.00452485  0.00635449
0.00204040  0.00408137
0.00051754  0.00196501
0.00000000  0.00000000
0.00000000  0.00000000
0.00051754  -0.00799716
0.00204040  -0.01526725
0.00452485  -0.02185657
0.00792850  -0.02780898
0.01221019  -0.03316599
0.01733003  -0.03796685
0.02324933  -0.04224859
0.02993063  -0.04604613
0.03733766  -0.04939233
0.04543531  -0.05231805
0.05418962  -0.05485227
0.06356777  -0.05702210
0.07353805  -0.05885293
0.08406985  -0.06036841
0.09513360  -0.06159063
0.10670084  -0.06254008
0.11874410  -0.06323581
0.13123695  -0.06369549
0.14415394  -0.06393542
0.15747063  -0.06397068
0.17116350  -0.06381517
0.18521000  -0.06348168
0.19958848  -0.06298197
0.21427820  -0.06232683
0.22925931  -0.06152618
0.24451281  -0.06058913
0.26002056  -0.05952404
0.27576522  -0.05833860
0.29173028  -0.05703992
0.30790000  -0.05563458
0.32425942  -0.05412872
0.34079431  -0.05252810
0.35749120  -0.05083819
0.37433730  -0.04906421
0.39132052  -0.04721126
0.40842945  -0.04528434
0.42565331  -0.04328842
0.44298198  -0.04122857
0.46040593  -0.03910999
0.47791625  -0.03693808
0.49550459  -0.03471852
0.51316314  -0.03245738
0.53088467  -0.03016112
0.54866242  -0.02783673
0.56649016  -0.02549176
0.58436214  -0.02313443
0.60227305  -0.02077366
0.62021803  -0.01841919
0.63819266  -0.01608160
0.65619289  -0.01377245
0.67421508  -0.01150427
0.69225594  -0.00929073
0.71031254  -0.00714661
0.72838225  -0.00508796
0.74646278  -0.00313213
0.76455210  -0.00129785
0.78264847  0.00039471
0.80075038  0.00192383
0.81885656  0.00326620
0.83696596  0.00439684
0.85507770  0.00528902
0.87319109  0.00591419
0.89130559  0.00624190
0.90942079  0.00623976
0.92753640  0.00587331
0.94565221  0.00510598
0.96376812  0.00389905
0.98188406  0.00221150
1.00000000  0.00000000
