NN5879
1.00000000  0.00000000
0.98188406  0.00333495
0.96376812  0.00748008
0.94565221  0.01235817
0.92753640  0.01789395
0.90942079  0.02401411
0.89130559  0.03064733
0.87319109  0.03772428
0.85507770  0.04517768
0.83696596  0.05294228
0.81885656  0.06095491
0.80075038  0.06915447
0.78264847  0.07748200
0.76455210  0.08588065
0.74646278  0.09429573
0.72838225  0.10267471
0.71031254  0.11096728
0.69225594  0.11912532
0.67421508  0.12710295
0.65619289  0.13485656
0.63819266  0.14234482
0.62021803  0.14952867
0.60227305  0.15637140
0.58436214  0.16283862
0.56649016  0.16889833
0.54866242  0.17452087
0.53088467  0.17967901
0.51316314  0.18434795
0.49550459  0.18850533
0.47791625  0.19213123
0.46040593  0.19520826
0.44298198  0.19772151
0.42565331  0.19965860
0.40842945  0.20100971
0.39132052  0.20176758
0.37433730  0.20192756
0.35749120  0.20148759
0.34079431  0.20044826
0.32425942  0.19881280
0.30790000  0.19658713
0.29173028  0.19377986
0.27576522  0.19040232
0.26002056  0.18646857
0.24451281  0.18199543
0.22925931  0.17700252
0.21427820  0.17151223
0.19958848  0.16554979
0.18521000  0.15914327
0.17116350  0.15232362
0.15747063  0.14512463
0.14415394  0.13758305
0.13123695  0.12973851
0.11874410  0.12163363
0.10670084  0.11331395
0.09513360  0.10482805
0.08406985  0.09622748
0.07353805  0.08756684
0.06356777  0.07890378
0.05418962  0.07029902
0.04543531  0.06181638
0.03733766  0.05352279
0.02993063  0.04548831
0.02324933  0.03778618
0.01733003  0.03049278
0.01221019  0.02368772
0.00792850  0.01745381
0.00452485  0.01187713
0.00204040  0.00704698
0.00051754  0.00305597
0.00000000  0.00000000
0.00000000  0.00000000
0.00051754  -0.00533395
0.00204040  -0.01038131
0.00452485  -0.01516335
0.00792850  -0.01969926
0.01221019  -0.02400628
0.01733003  -0.02809980
0.02324933  -0.03199340
0.02993063  -0.03569896
0.03733766  -0.03922675
0.04543531  -0.04258549
0.05418962  -0.04578249
0.06356777  -0.04882367
0.07353805  -0.05171366
0.08406985  -0.05445594
0.09513360  -0.05705285
0.10670084  -0.05950573
0.11874410  -0.06181496
0.13123695  -0.06398010
0.14415394  -0.06599992
0.15747063  -0.06787252
0.17116350  -0.06959541
0.18521000  -0.07116557
0.19958848  -0.07257958
0.21427820  -0.07383367
0.22925931  -0.07492381
0.24451281  -0.07584580
0.26002056  -0.07659538
0.27576522  -0.07716827
0.29173028  -0.07756026
0.30790000  -0.07776736
0.32425942  -0.07778579
0.34079431  -0.07761214
0.35749120  -0.07724341
0.37433730  -0.07667713
0.39132052  -0.07591140
0.40842945  -0.07494504
0.42565331  -0.07377762
0.44298198  -0.07240954
0.46040593  -0.07084218
0.47791625  -0.06907792
0.49550459  -0.06712025
0.51316314  -0.06497385
0.53088467  -0.06264470
0.54866242  -0.06014011
0.56649016  -0.05746888
0.58436214  -0.05464131
0.60227305  -0.05166934
0.62021803  -0.04856660
0.63819266  -0.04534853
0.65619289  -0.04203242
0.67421508  -0.03863755
0.69225594  -0.03518523
0.71031254  -0.03169889
0.72838225  -0.02820419
0.74646278  -0.02472910
0.76455210  -0.02130395
0.78264847  -0.01796157
0.80075038  -0.01473732
0.81885656  -0.01166923
0.83696596  -0.00879804
0.85507770  -0.00616731
0.87319109  -0.00382347
0.89130559  -0.00181599
0.90942079  -0.00019735
0.92753640  0.00097679
0.94565221  0.00164752
0.96376812  0.00175264
0.98188406  0.00122650
1.00000000  0.00000000
