NN5995
1.00000000  0.00000000
0.98188406  0.01092166
0.96376812  0.02174801
0.94565221  0.03242982
0.92753640  0.04292180
0.90942079  0.05318250
0.89130559  0.06317414
0.87319109  0.07286255
0.85507770  0.08221702
0.83696596  0.09121017
0.81885656  0.09981783
0.80075038  0.10801895
0.78264847  0.11579544
0.76455210  0.12313206
0.74646278  0.13001631
0.72838225  0.13643832
0.71031254  0.14239069
0.69225594  0.14786839
0.67421508  0.15286866
0.65619289  0.15739084
0.63819266  0.16143630
0.62021803  0.16500829
0.60227305  0.16811182
0.58436214  0.17075355
0.56649016  0.17294166
0.54866242  0.17468574
0.53088467  0.17599664
0.51316314  0.17688639
0.49550459  0.17736805
0.47791625  0.17745561
0.46040593  0.17716383
0.44298198  0.17650816
0.42565331  0.17550463
0.40842945  0.17416965
0.39132052  0.17251999
0.37433730  0.17057258
0.35749120  0.16834444
0.34079431  0.16585252
0.32425942  0.16311362
0.30790000  0.16014423
0.29173028  0.15696043
0.27576522  0.15357776
0.26002056  0.15001112
0.24451281  0.14627461
0.22925931  0.14238144
0.21427820  0.13834381
0.19958848  0.13417276
0.18521000  0.12987810
0.17116350  0.12546821
0.15747063  0.12095000
0.14415394  0.11632876
0.13123695  0.11160800
0.11874410  0.10678939
0.10670084  0.10187260
0.09513360  0.09685520
0.08406985  0.09173252
0.07353805  0.08649753
0.06356777  0.08114076
0.05418962  0.07565011
0.04543531  0.07001077
0.03733766  0.06420512
0.02993063  0.05821256
0.02324933  0.05200941
0.01733003  0.04556880
0.01221019  0.03886055
0.00792850  0.03185100
0.00452485  0.02450297
0.00204040  0.01677557
0.00051754  0.00862412
0.00000000  0.00000000
0.00000000  0.00000000
0.00051754  -0.00419398
0.00204040  -0.00769444
0.00452485  -0.01058465
0.00792850  -0.01294222
0.01221019  -0.01483923
0.01733003  -0.01634244
0.02324933  -0.01751344
0.02993063  -0.01840881
0.03733766  -0.01908031
0.04543531  -0.01957502
0.05418962  -0.01993552
0.06356777  -0.02020006
0.07353805  -0.02040273
0.08406985  -0.02057360
0.09513360  -0.02073893
0.10670084  -0.02092129
0.11874410  -0.02113977
0.13123695  -0.02141011
0.14415394  -0.02174492
0.15747063  -0.02215376
0.17116350  -0.02264340
0.18521000  -0.02321794
0.19958848  -0.02387895
0.21427820  -0.02462572
0.22925931  -0.02545533
0.24451281  -0.02636290
0.26002056  -0.02734170
0.27576522  -0.02838334
0.29173028  -0.02947793
0.30790000  -0.03061427
0.32425942  -0.03177999
0.34079431  -0.03296171
0.35749120  -0.03414524
0.37433730  -0.03531572
0.39132052  -0.03645780
0.40842945  -0.03755581
0.42565331  -0.03859392
0.44298198  -0.03955628
0.46040593  -0.04042725
0.47791625  -0.04119152
0.49550459  -0.04183427
0.51316314  -0.04234138
0.53088467  -0.04269956
0.54866242  -0.04289653
0.56649016  -0.04292118
0.58436214  -0.04276376
0.60227305  -0.04241602
0.62021803  -0.04187138
0.63819266  -0.04112512
0.65619289  -0.04017451
0.67421508  -0.03901901
0.69225594  -0.03766043
0.71031254  -0.03610309
0.72838225  -0.03435398
0.74646278  -0.03242294
0.76455210  -0.03032282
0.78264847  -0.02806966
0.80075038  -0.02568284
0.81885656  -0.02318525
0.83696596  -0.02060346
0.85507770  -0.01796789
0.87319109  -0.01531299
0.89130559  -0.01267736
0.90942079  -0.01010398
0.92753640  -0.00764033
0.94565221  -0.00533857
0.96376812  -0.00325571
0.98188406  -0.00145378
1.00000000  0.00000000
