NN5970
1.00000000  0.00000000
0.98188406  0.01302839
0.96376812  0.02510592
0.94565221  0.03626703
0.92753640  0.04654615
0.90942079  0.05597768
0.89130559  0.06459600
0.87319109  0.07243533
0.85507770  0.07952977
0.83696596  0.08591322
0.81885656  0.09161933
0.80075038  0.09668149
0.78264847  0.10113272
0.76455210  0.10500572
0.74646278  0.10833275
0.72838225  0.11114560
0.71031254  0.11347559
0.69225594  0.11535346
0.67421508  0.11680940
0.65619289  0.11787293
0.63819266  0.11857291
0.62021803  0.11893749
0.60227305  0.11899405
0.58436214  0.11876914
0.56649016  0.11828848
0.54866242  0.11757691
0.53088467  0.11665830
0.51316314  0.11555555
0.49550459  0.11429054
0.47791625  0.11288407
0.46040593  0.11135584
0.44298198  0.10972439
0.42565331  0.10800703
0.40842945  0.10621988
0.39132052  0.10437772
0.37433730  0.10249402
0.35749120  0.10058089
0.34079431  0.09864899
0.32425942  0.09670753
0.30790000  0.09476422
0.29173028  0.09282522
0.27576522  0.09089508
0.26002056  0.08897673
0.24451281  0.08707140
0.22925931  0.08517861
0.21427820  0.08329610
0.19958848  0.08141982
0.18521000  0.07954383
0.17116350  0.07766032
0.15747063  0.07575951
0.14415394  0.07382966
0.13123695  0.07185696
0.11874410  0.06982558
0.10670084  0.06771752
0.09513360  0.06551264
0.08406985  0.06318859
0.07353805  0.06072079
0.06356777  0.05808233
0.05418962  0.05524399
0.04543531  0.05217416
0.03733766  0.04883880
0.02993063  0.04520142
0.02324933  0.04122300
0.01733003  0.03686196
0.01221019  0.03207415
0.00792850  0.02681274
0.00452485  0.02102825
0.00204040  0.01466843
0.00051754  0.00767829
0.00000000  0.00000000
0.00000000  0.00000000
0.00051754  -0.01309179
0.00204040  -0.02459121
0.00452485  -0.03463249
0.00792850  -0.04334271
0.01221019  -0.05084196
0.01733003  -0.05724351
0.02324933  -0.06265401
0.02993063  -0.06717364
0.03733766  -0.07089632
0.04543531  -0.07390984
0.05418962  -0.07629610
0.06356777  -0.07813124
0.07353805  -0.07948581
0.08406985  -0.08042501
0.09513360  -0.08100880
0.10670084  -0.08129209
0.11874410  -0.08132497
0.13123695  -0.08115281
0.14415394  -0.08081649
0.15747063  -0.08035258
0.17116350  -0.07979347
0.18521000  -0.07916760
0.19958848  -0.07849959
0.21427820  -0.07781048
0.22925931  -0.07711783
0.24451281  -0.07643596
0.26002056  -0.07577610
0.27576522  -0.07514657
0.29173028  -0.07455295
0.30790000  -0.07399829
0.32425942  -0.07348325
0.34079431  -0.07300627
0.35749120  -0.07256381
0.37433730  -0.07215045
0.39132052  -0.07175912
0.40842945  -0.07138126
0.42565331  -0.07100700
0.44298198  -0.07062533
0.46040593  -0.07022427
0.47791625  -0.06979109
0.49550459  -0.06931243
0.51316314  -0.06877452
0.53088467  -0.06816334
0.54866242  -0.06746479
0.56649016  -0.06666488
0.58436214  -0.06574992
0.60227305  -0.06470666
0.62021803  -0.06352250
0.63819266  -0.06218566
0.65619289  -0.06068533
0.67421508  -0.05901191
0.69225594  -0.05715711
0.71031254  -0.05511419
0.72838225  -0.05287811
0.74646278  -0.05044569
0.76455210  -0.04781584
0.78264847  -0.04498968
0.80075038  -0.04197075
0.81885656  -0.03876518
0.83696596  -0.03538187
0.85507770  -0.03183267
0.87319109  -0.02813253
0.89130559  -0.02429973
0.90942079  -0.02035599
0.92753640  -0.01632673
0.94565221  -0.01224115
0.96376812  -0.00813249
0.98188406  -0.00403818
1.00000000  0.00000000
