NN6359
1.00000000  0.00000000
0.98188406  0.01343411
0.96376812  0.02619494
0.94565221  0.03830885
0.92753640  0.04980050
0.90942079  0.06069283
0.89130559  0.07100725
0.87319109  0.08076360
0.85507770  0.08998028
0.83696596  0.09867432
0.81885656  0.10686140
0.80075038  0.11455596
0.78264847  0.12177127
0.76455210  0.12851946
0.74646278  0.13481164
0.72838225  0.14065792
0.71031254  0.14606750
0.69225594  0.15104875
0.67421508  0.15560926
0.65619289  0.15975591
0.63819266  0.16349493
0.62021803  0.16683201
0.60227305  0.16977231
0.58436214  0.17232057
0.56649016  0.17448116
0.54866242  0.17625815
0.53088467  0.17765538
0.51316314  0.17867654
0.49550459  0.17932520
0.47791625  0.17960494
0.46040593  0.17951935
0.44298198  0.17907216
0.42565331  0.17826724
0.40842945  0.17710876
0.39132052  0.17560115
0.37433730  0.17374927
0.35749120  0.17155839
0.34079431  0.16903434
0.32425942  0.16618351
0.30790000  0.16301295
0.29173028  0.15953044
0.27576522  0.15574456
0.26002056  0.15166472
0.24451281  0.14730130
0.22925931  0.14266563
0.21427820  0.13777015
0.19958848  0.13262841
0.18521000  0.12725514
0.17116350  0.12166639
0.15747063  0.11587950
0.14415394  0.10991325
0.13123695  0.10378786
0.11874410  0.09752511
0.10670084  0.09114839
0.09513360  0.08468277
0.08406985  0.07815506
0.07353805  0.07159388
0.06356777  0.06502974
0.05418962  0.05849510
0.04543531  0.05202442
0.03733766  0.04565428
0.02993063  0.03942339
0.02324933  0.03337268
0.01733003  0.02754539
0.01221019  0.02198710
0.00792850  0.01674583
0.00452485  0.01187209
0.00204040  0.00741895
0.00051754  0.00344212
0.00000000  0.00000000
0.00000000  0.00000000
0.00051754  -0.01236650
0.00204040  -0.02382913
0.00452485  -0.03443410
0.00792850  -0.04422596
0.01221019  -0.05324767
0.01733003  -0.06154058
0.02324933  -0.06914447
0.02993063  -0.07609757
0.03733766  -0.08243661
0.04543531  -0.08819678
0.05418962  -0.09341182
0.06356777  -0.09811401
0.07353805  -0.10233421
0.08406985  -0.10610186
0.09513360  -0.10944503
0.10670084  -0.11239043
0.11874410  -0.11496342
0.13123695  -0.11718807
0.14415394  -0.11908715
0.15747063  -0.12068217
0.17116350  -0.12199340
0.18521000  -0.12303990
0.19958848  -0.12383952
0.21427820  -0.12440896
0.22925931  -0.12476376
0.24451281  -0.12491834
0.26002056  -0.12488604
0.27576522  -0.12467910
0.29173028  -0.12430872
0.30790000  -0.12378508
0.32425942  -0.12311733
0.34079431  -0.12231368
0.35749120  -0.12138135
0.37433730  -0.12032665
0.39132052  -0.11915495
0.40842945  -0.11787077
0.42565331  -0.11647775
0.44298198  -0.11497869
0.46040593  -0.11337558
0.47791625  -0.11166962
0.49550459  -0.10986123
0.51316314  -0.10795011
0.53088467  -0.10593522
0.54866242  -0.10381483
0.56649016  -0.10158653
0.58436214  -0.09924729
0.60227305  -0.09679340
0.62021803  -0.09422060
0.63819266  -0.09152403
0.65619289  -0.08869827
0.67421508  -0.08573738
0.69225594  -0.08263491
0.71031254  -0.07938391
0.72838225  -0.07597700
0.74646278  -0.07240634
0.76455210  -0.06866368
0.78264847  -0.06474039
0.80075038  -0.06062747
0.81885656  -0.05631557
0.83696596  -0.05179503
0.85507770  -0.04705590
0.87319109  -0.04208794
0.89130559  -0.03688068
0.90942079  -0.03142343
0.92753640  -0.02570528
0.94565221  -0.01971515
0.96376812  -0.01344182
0.98188406  -0.00687392
1.00000000  0.00000000
