NN6383
1.00000000  0.00000000
0.98188406  0.00943046
0.96376812  0.01838123
0.94565221  0.02686716
0.92753640  0.03490248
0.90942079  0.04250083
0.89130559  0.04967529
0.87319109  0.05643837
0.85507770  0.06280207
0.83696596  0.06877787
0.81885656  0.07437676
0.80075038  0.07960927
0.78264847  0.08448547
0.76455210  0.08901500
0.74646278  0.09320710
0.72838225  0.09707061
0.71031254  0.10061399
0.69225594  0.10384538
0.67421508  0.10677257
0.65619289  0.10940303
0.63819266  0.11174395
0.62021803  0.11380226
0.60227305  0.11558462
0.58436214  0.11709747
0.56649016  0.11834704
0.54866242  0.11933936
0.53088467  0.12008030
0.51316314  0.12057557
0.49550459  0.12083076
0.47791625  0.12085133
0.46040593  0.12064267
0.44298198  0.12021009
0.42565331  0.11955883
0.40842945  0.11869413
0.39132052  0.11762120
0.37433730  0.11634526
0.35749120  0.11487156
0.34079431  0.11320539
0.32425942  0.11135214
0.30790000  0.10931724
0.29173028  0.10710626
0.27576522  0.10472489
0.26002056  0.10217896
0.24451281  0.09947449
0.22925931  0.09661767
0.21427820  0.09361488
0.19958848  0.09047277
0.18521000  0.08719820
0.17116350  0.08379832
0.15747063  0.08028056
0.14415394  0.07665264
0.13123695  0.07292265
0.11874410  0.06909897
0.10670084  0.06519041
0.09513360  0.06120610
0.08406985  0.05715563
0.07353805  0.05304900
0.06356777  0.04889664
0.05418962  0.04470947
0.04543531  0.04049889
0.03733766  0.03627679
0.02993063  0.03205560
0.02324933  0.02784831
0.01733003  0.02366844
0.01221019  0.01953014
0.00792850  0.01544813
0.00452485  0.01143777
0.00204040  0.00751507
0.00051754  0.00369669
0.00000000  0.00000000
0.00000000  0.00000000
0.00051754  -0.00554654
0.00204040  -0.01027733
0.00452485  -0.01427157
0.00792850  -0.01760360
0.01221019  -0.02034300
0.01733003  -0.02255479
0.02324933  -0.02429953
0.02993063  -0.02563347
0.03733766  -0.02660872
0.04543531  -0.02727333
0.05418962  -0.02767149
0.06356777  -0.02784366
0.07353805  -0.02782669
0.08406985  -0.02765397
0.09513360  -0.02735559
0.10670084  -0.02695847
0.11874410  -0.02648649
0.13123695  -0.02596065
0.14415394  -0.02539919
0.15747063  -0.02481778
0.17116350  -0.02422959
0.18521000  -0.02364549
0.19958848  -0.02307417
0.21427820  -0.02252229
0.22925931  -0.02199459
0.24451281  -0.02149409
0.26002056  -0.02102219
0.27576522  -0.02057880
0.29173028  -0.02016253
0.30790000  -0.01977080
0.32425942  -0.01939996
0.34079431  -0.01904551
0.35749120  -0.01870214
0.37433730  -0.01836395
0.39132052  -0.01802456
0.40842945  -0.01767725
0.42565331  -0.01731512
0.44298198  -0.01693120
0.46040593  -0.01651863
0.47791625  -0.01607078
0.49550459  -0.01558140
0.51316314  -0.01504474
0.53088467  -0.01445572
0.54866242  -0.01381007
0.56649016  -0.01310445
0.58436214  -0.01233660
0.60227305  -0.01150552
0.62021803  -0.01061153
0.63819266  -0.00965650
0.65619289  -0.00864393
0.67421508  -0.00757914
0.69225594  -0.00646934
0.71031254  -0.00532387
0.72838225  -0.00415425
0.74646278  -0.00297439
0.76455210  -0.00180069
0.78264847  -0.00065219
0.80075038  0.00044927
0.81885656  0.00147893
0.83696596  0.00240896
0.85507770  0.00320829
0.87319109  0.00384254
0.89130559  0.00427381
0.90942079  0.00446055
0.92753640  0.00435745
0.94565221  0.00391527
0.96376812  0.00308069
0.98188406  0.00179623
1.00000000  0.00000000
