NN6593
1.00000000  0.00000000
0.98188406  0.01073112
0.96376812  0.02051065
0.94565221  0.02938992
0.92753640  0.03741889
0.90942079  0.04464620
0.89130559  0.05111911
0.87319109  0.05688355
0.85507770  0.06198409
0.83696596  0.06646395
0.81885656  0.07036497
0.80075038  0.07372764
0.78264847  0.07659107
0.76455210  0.07899302
0.74646278  0.08096984
0.72838225  0.08255655
0.71031254  0.08378674
0.69225594  0.08469265
0.67421508  0.08530512
0.65619289  0.08565360
0.63819266  0.08576615
0.62021803  0.08566942
0.60227305  0.08538868
0.58436214  0.08494779
0.56649016  0.08436919
0.54866242  0.08367392
0.53088467  0.08288161
0.51316314  0.08201048
0.49550459  0.08107731
0.47791625  0.08009747
0.46040593  0.07908490
0.44298198  0.07805212
0.42565331  0.07701021
0.40842945  0.07596881
0.39132052  0.07493614
0.37433730  0.07391895
0.35749120  0.07292257
0.34079431  0.07195086
0.32425942  0.07100626
0.30790000  0.07008971
0.29173028  0.06920073
0.27576522  0.06833737
0.26002056  0.06749620
0.24451281  0.06667234
0.22925931  0.06585943
0.21427820  0.06504963
0.19958848  0.06423365
0.18521000  0.06340069
0.17116350  0.06253847
0.15747063  0.06163324
0.14415394  0.06066974
0.13123695  0.05963123
0.11874410  0.05849947
0.10670084  0.05725472
0.09513360  0.05587573
0.08406985  0.05433976
0.07353805  0.05262255
0.06356777  0.05069831
0.05418962  0.04853977
0.04543531  0.04611811
0.03733766  0.04340302
0.02993063  0.04036262
0.02324933  0.03696354
0.01733003  0.03317085
0.01221019  0.02894812
0.00792850  0.02425735
0.00452485  0.01905900
0.00204040  0.01331200
0.00051754  0.00697372
0.00000000  0.00000000
0.00000000  0.00000000
0.00051754  -0.01358872
0.00204040  -0.02554460
0.00452485  -0.03597775
0.00792850  -0.04499412
0.01221019  -0.05269555
0.01733003  -0.05917986
0.02324933  -0.06454087
0.02993063  -0.06886854
0.03733766  -0.07224893
0.04543531  -0.07476436
0.05418962  -0.07649343
0.06356777  -0.07751108
0.07353805  -0.07788867
0.08406985  -0.07769405
0.09513360  -0.07699159
0.10670084  -0.07584230
0.11874410  -0.07430383
0.13123695  -0.07243059
0.14415394  -0.07027379
0.15747063  -0.06788150
0.17116350  -0.06529871
0.18521000  -0.06256744
0.19958848  -0.05972673
0.21427820  -0.05681277
0.22925931  -0.05385893
0.24451281  -0.05089584
0.26002056  -0.04795143
0.27576522  -0.04505103
0.29173028  -0.04221742
0.30790000  -0.03947088
0.32425942  -0.03682926
0.34079431  -0.03430806
0.35749120  -0.03192049
0.37433730  -0.02967753
0.39132052  -0.02758797
0.40842945  -0.02565853
0.42565331  -0.02389386
0.44298198  -0.02229668
0.46040593  -0.02086775
0.47791625  -0.01960603
0.49550459  -0.01850868
0.51316314  -0.01757115
0.53088467  -0.01678723
0.54866242  -0.01614914
0.56649016  -0.01564757
0.58436214  -0.01527176
0.60227305  -0.01500954
0.62021803  -0.01484742
0.63819266  -0.01477067
0.65619289  -0.01476333
0.67421508  -0.01480832
0.69225594  -0.01488748
0.71031254  -0.01498165
0.72838225  -0.01507075
0.74646278  -0.01513378
0.76455210  -0.01514897
0.78264847  -0.01509378
0.80075038  -0.01494498
0.81885656  -0.01467875
0.83696596  -0.01427069
0.85507770  -0.01369592
0.87319109  -0.01292913
0.89130559  -0.01194466
0.90942079  -0.01071654
0.92753640  -0.00921859
0.94565221  -0.00742443
0.96376812  -0.00530762
0.98188406  -0.00284163
1.00000000  0.00000000
