NN662
1.00000000  0.00000000
0.98188406  0.01599995
0.96376812  0.03033009
0.94565221  0.04314508
0.92753640  0.05458977
0.90942079  0.06479951
0.89130559  0.07390041
0.87319109  0.08200966
0.85507770  0.08923576
0.83696596  0.09567885
0.81885656  0.10143095
0.80075038  0.10657630
0.78264847  0.11119157
0.76455210  0.11534621
0.74646278  0.11910269
0.72838225  0.12251680
0.71031254  0.12563793
0.69225594  0.12850934
0.67421508  0.13116847
0.65619289  0.13364719
0.63819266  0.13597213
0.62021803  0.13816489
0.60227305  0.14024240
0.58436214  0.14221716
0.56649016  0.14409750
0.54866242  0.14588795
0.53088467  0.14758941
0.51316314  0.14919951
0.49550459  0.15071289
0.47791625  0.15212144
0.46040593  0.15341461
0.44298198  0.15457969
0.42565331  0.15560209
0.40842945  0.15646564
0.39132052  0.15715283
0.37433730  0.15764515
0.35749120  0.15792331
0.34079431  0.15796759
0.32425942  0.15775805
0.30790000  0.15727489
0.29173028  0.15649865
0.27576522  0.15541058
0.26002056  0.15399285
0.24451281  0.15222887
0.22925931  0.15010355
0.21427820  0.14760362
0.19958848  0.14471788
0.18521000  0.14143749
0.17116350  0.13775624
0.15747063  0.13367088
0.14415394  0.12918134
0.13123695  0.12429105
0.11874410  0.11900723
0.10670084  0.11334114
0.09513360  0.10730839
0.08406985  0.10092922
0.07353805  0.09422874
0.06356777  0.08723730
0.05418962  0.07999069
0.04543531  0.07253046
0.03733766  0.06490419
0.02993063  0.05716579
0.02324933  0.04937578
0.01733003  0.04160153
0.01221019  0.03391762
0.00792850  0.02640605
0.00452485  0.01915657
0.00204040  0.01226693
0.00051754  0.00584320
0.00000000  0.00000000
0.00000000  0.00000000
0.00051754  -0.00571669
0.00204040  -0.01135171
0.00452485  -0.01687664
0.00792850  -0.02226570
0.01221019  -0.02749561
0.01733003  -0.03254553
0.02324933  -0.03739700
0.02993063  -0.04203380
0.03733766  -0.04644190
0.04543531  -0.05060938
0.05418962  -0.05452629
0.06356777  -0.05818465
0.07353805  -0.06157827
0.08406985  -0.06470273
0.09513360  -0.06755527
0.10670084  -0.07013470
0.11874410  -0.07244131
0.13123695  -0.07447680
0.14415394  -0.07624419
0.15747063  -0.07774771
0.17116350  -0.07899275
0.18521000  -0.07998573
0.19958848  -0.08073406
0.21427820  -0.08124603
0.22925931  -0.08153070
0.24451281  -0.08159786
0.26002056  -0.08145791
0.27576522  -0.08112179
0.29173028  -0.08060089
0.30790000  -0.07990694
0.32425942  -0.07905198
0.34079431  -0.07804821
0.35749120  -0.07690792
0.37433730  -0.07564345
0.39132052  -0.07426704
0.40842945  -0.07279078
0.42565331  -0.07122652
0.44298198  -0.06958575
0.46040593  -0.06787958
0.47791625  -0.06611858
0.49550459  -0.06431275
0.51316314  -0.06247139
0.53088467  -0.06060306
0.54866242  -0.05871544
0.56649016  -0.05681528
0.58436214  -0.05490832
0.60227305  -0.05299917
0.62021803  -0.05109123
0.63819266  -0.04918664
0.65619289  -0.04728616
0.67421508  -0.04538907
0.69225594  -0.04349313
0.71031254  -0.04159444
0.72838225  -0.03968742
0.74646278  -0.03776463
0.76455210  -0.03581680
0.78264847  -0.03383262
0.80075038  -0.03179875
0.81885656  -0.02969969
0.83696596  -0.02751769
0.85507770  -0.02523270
0.87319109  -0.02282221
0.89130559  -0.02026126
0.90942079  -0.01752228
0.92753640  -0.01457502
0.94565221  -0.01138648
0.96376812  -0.00792083
0.98188406  -0.00413926
1.00000000  0.00000000
