NN6809
1.00000000  0.00000000
0.98188406  0.01322922
0.96376812  0.02574779
0.94565221  0.03758103
0.92753640  0.04875322
0.90942079  0.05928769
0.89130559  0.06920684
0.87319109  0.07853212
0.85507770  0.08728412
0.83696596  0.09548252
0.81885656  0.10314621
0.80075038  0.11029323
0.78264847  0.11694084
0.76455210  0.12310553
0.74646278  0.12880306
0.72838225  0.13404849
0.71031254  0.13885616
0.69225594  0.14323978
0.67421508  0.14721242
0.65619289  0.15078652
0.63819266  0.15397396
0.62021803  0.15678606
0.60227305  0.15923359
0.58436214  0.16132685
0.56649016  0.16307562
0.54866242  0.16448925
0.53088467  0.16557666
0.51316314  0.16634636
0.49550459  0.16680649
0.47791625  0.16696483
0.46040593  0.16682886
0.44298198  0.16640572
0.42565331  0.16570232
0.40842945  0.16472529
0.39132052  0.16348106
0.37433730  0.16197585
0.35749120  0.16021572
0.34079431  0.15820657
0.32425942  0.15595421
0.30790000  0.15346433
0.29173028  0.15074256
0.27576522  0.14779451
0.26002056  0.14462574
0.24451281  0.14124185
0.22925931  0.13764846
0.21427820  0.13385126
0.19958848  0.12985603
0.18521000  0.12566867
0.17116350  0.12129519
0.15747063  0.11674179
0.14415394  0.11201487
0.13123695  0.10712103
0.11874410  0.10206712
0.10670084  0.09686026
0.09513360  0.09150785
0.08406985  0.08601764
0.07353805  0.08039769
0.06356777  0.07465648
0.05418962  0.06880283
0.04543531  0.06284604
0.03733766  0.05679582
0.02993063  0.05066237
0.02324933  0.04445640
0.01733003  0.03818913
0.01221019  0.03187234
0.00792850  0.02551840
0.00452485  0.01914027
0.00204040  0.01275154
0.00051754  0.00636648
0.00000000  0.00000000
0.00000000  0.00000000
0.00051754  -0.01214094
0.00204040  -0.02348425
0.00452485  -0.03403571
0.00792850  -0.04380288
0.01221019  -0.05279511
0.01733003  -0.06102336
0.02324933  -0.06850023
0.02993063  -0.07523979
0.03733766  -0.08125759
0.04543531  -0.08657050
0.05418962  -0.09119672
0.06356777  -0.09515566
0.07353805  -0.09846787
0.08406985  -0.10115495
0.09513360  -0.10323951
0.10670084  -0.10474510
0.11874410  -0.10569608
0.13123695  -0.10611761
0.14415394  -0.10603551
0.15747063  -0.10547627
0.17116350  -0.10446690
0.18521000  -0.10303489
0.19958848  -0.10120812
0.21427820  -0.09901481
0.22925931  -0.09648342
0.24451281  -0.09364260
0.26002056  -0.09052108
0.27576522  -0.08714765
0.29173028  -0.08355103
0.30790000  -0.07975982
0.32425942  -0.07580243
0.34079431  -0.07170701
0.35749120  -0.06750134
0.37433730  -0.06321281
0.39132052  -0.05886831
0.40842945  -0.05449416
0.42565331  -0.05011603
0.44298198  -0.04575889
0.46040593  -0.04144691
0.47791625  -0.03720341
0.49550459  -0.03305075
0.51316314  -0.02901030
0.53088467  -0.02510233
0.54866242  -0.02134595
0.56649016  -0.01775903
0.58436214  -0.01435815
0.60227305  -0.01115847
0.62021803  -0.00817373
0.63819266  -0.00541612
0.65619289  -0.00289622
0.67421508  -0.00062293
0.69225594  0.00139661
0.71031254  0.00315708
0.72838225  0.00465506
0.74646278  0.00588914
0.76455210  0.00685992
0.78264847  0.00757015
0.80075038  0.00802480
0.81885656  0.00823108
0.83696596  0.00819857
0.85507770  0.00793928
0.87319109  0.00746770
0.89130559  0.00680091
0.90942079  0.00595864
0.92753640  0.00496333
0.94565221  0.00384021
0.96376812  0.00261741
0.98188406  0.00132598
1.00000000  0.00000000
