NN6968
1.00000000  0.00000000
0.98188406  0.00611997
0.96376812  0.01280932
0.94565221  0.01996393
0.92753640  0.02748673
0.90942079  0.03528750
0.89130559  0.04328267
0.87319109  0.05139504
0.85507770  0.05955367
0.83696596  0.06769355
0.81885656  0.07575550
0.80075038  0.08368585
0.78264847  0.09143630
0.76455210  0.09896370
0.74646278  0.10622978
0.72838225  0.11320101
0.71031254  0.11984832
0.69225594  0.12614695
0.67421508  0.13207617
0.65619289  0.13761912
0.63819266  0.14276256
0.62021803  0.14749670
0.60227305  0.15181492
0.58436214  0.15571361
0.56649016  0.15919194
0.54866242  0.16225165
0.53088467  0.16489683
0.51316314  0.16713368
0.49550459  0.16897037
0.47791625  0.17041675
0.46040593  0.17148417
0.44298198  0.17218526
0.42565331  0.17253372
0.40842945  0.17254411
0.39132052  0.17223163
0.37433730  0.17161188
0.35749120  0.17070071
0.34079431  0.16951395
0.32425942  0.16806721
0.30790000  0.16637567
0.29173028  0.16445388
0.27576522  0.16231552
0.26002056  0.15997321
0.24451281  0.15743825
0.22925931  0.15472050
0.21427820  0.15182805
0.19958848  0.14876709
0.18521000  0.14554167
0.17116350  0.14215348
0.15747063  0.13860164
0.14415394  0.13488248
0.13123695  0.13098935
0.11874410  0.12691237
0.10670084  0.12263825
0.09513360  0.11815005
0.08406985  0.11342699
0.07353805  0.10844421
0.06356777  0.10317258
0.05418962  0.09757847
0.04543531  0.09162354
0.03733766  0.08526453
0.02993063  0.07845304
0.02324933  0.07113534
0.01733003  0.06325209
0.01221019  0.05473823
0.00792850  0.04552266
0.00452485  0.03552809
0.00204040  0.02467083
0.00051754  0.01286053
0.00000000  0.00000000
0.00000000  0.00000000
0.00051754  -0.00952833
0.00204040  -0.01813092
0.00452485  -0.02588521
0.00792850  -0.03286388
0.01221019  -0.03913504
0.01733003  -0.04476230
0.02324933  -0.04980494
0.02993063  -0.05431806
0.03733766  -0.05835270
0.04543531  -0.06195598
0.05418962  -0.06517125
0.06356777  -0.06803823
0.07353805  -0.07059314
0.08406985  -0.07286883
0.09513360  -0.07489494
0.10670084  -0.07669803
0.11874410  -0.07830171
0.13123695  -0.07972680
0.14415394  -0.08099143
0.15747063  -0.08211125
0.17116350  -0.08309948
0.18521000  -0.08396711
0.19958848  -0.08472303
0.21427820  -0.08537414
0.22925931  -0.08592553
0.24451281  -0.08638059
0.26002056  -0.08674115
0.27576522  -0.08700764
0.29173028  -0.08717921
0.30790000  -0.08725388
0.32425942  -0.08722865
0.34079431  -0.08709969
0.35749120  -0.08686243
0.37433730  -0.08651173
0.39132052  -0.08604202
0.40842945  -0.08544741
0.42565331  -0.08472185
0.44298198  -0.08385927
0.46040593  -0.08285372
0.47791625  -0.08169948
0.49550459  -0.08039125
0.51316314  -0.07892424
0.53088467  -0.07729435
0.54866242  -0.07549828
0.56649016  -0.07353368
0.58436214  -0.07139927
0.60227305  -0.06909503
0.62021803  -0.06662227
0.63819266  -0.06398382
0.65619289  -0.06118416
0.67421508  -0.05822954
0.69225594  -0.05512814
0.71031254  -0.05189019
0.72838225  -0.04852812
0.74646278  -0.04505670
0.76455210  -0.04149318
0.78264847  -0.03785743
0.80075038  -0.03417204
0.81885656  -0.03046255
0.83696596  -0.02675748
0.85507770  -0.02308855
0.87319109  -0.01949077
0.89130559  -0.01600264
0.90942079  -0.01266619
0.92753640  -0.00952721
0.94565221  -0.00663537
0.96376812  -0.00404430
0.98188406  -0.00181182
1.00000000  0.00000000
