NN6952
1.00000000  0.00000000
0.98188406  0.01464948
0.96376812  0.02781673
0.94565221  0.03963790
0.92753640  0.05024076
0.90942079  0.05974499
0.89130559  0.06826242
0.87319109  0.07589717
0.85507770  0.08274598
0.83696596  0.08889837
0.81885656  0.09443686
0.80075038  0.09943726
0.78264847  0.10396883
0.76455210  0.10809452
0.74646278  0.11187124
0.72838225  0.11535003
0.71031254  0.11857629
0.69225594  0.12159006
0.67421508  0.12442619
0.65619289  0.12711458
0.63819266  0.12968042
0.62021803  0.13214440
0.60227305  0.13452295
0.58436214  0.13682846
0.56649016  0.13906948
0.54866242  0.14125099
0.53088467  0.14337461
0.51316314  0.14543881
0.49550459  0.14743914
0.47791625  0.14936848
0.46040593  0.15121723
0.44298198  0.15297358
0.42565331  0.15462367
0.40842945  0.15615190
0.39132052  0.15754108
0.37433730  0.15877270
0.35749120  0.15982713
0.34079431  0.16068388
0.32425942  0.16132179
0.30790000  0.16171926
0.29173028  0.16185452
0.27576522  0.16170579
0.26002056  0.16125154
0.24451281  0.16047073
0.22925931  0.15934301
0.21427820  0.15784895
0.19958848  0.15597027
0.18521000  0.15369009
0.17116350  0.15099309
0.15747063  0.14786581
0.14415394  0.14429684
0.13123695  0.14027704
0.11874410  0.13579978
0.10670084  0.13086115
0.09513360  0.12546022
0.08406985  0.11959922
0.07353805  0.11328380
0.06356777  0.10652323
0.05418962  0.09933067
0.04543531  0.09172333
0.03733766  0.08372275
0.02993063  0.07535501
0.02324933  0.06665094
0.01733003  0.05764636
0.01221019  0.04838233
0.00792850  0.03890530
0.00452485  0.02926744
0.00204040  0.01952678
0.00051754  0.00974746
0.00000000  0.00000000
0.00000000  0.00000000
0.00051754  -0.00513346
0.00204040  -0.00999596
0.00452485  -0.01457868
0.00792850  -0.01887411
0.01221019  -0.02287599
0.01733003  -0.02657930
0.02324933  -0.02998021
0.02993063  -0.03307604
0.03733766  -0.03586524
0.04543531  -0.03834736
0.05418962  -0.04052301
0.06356777  -0.04239382
0.07353805  -0.04396241
0.08406985  -0.04523237
0.09513360  -0.04620822
0.10670084  -0.04689536
0.11874410  -0.04730004
0.13123695  -0.04742937
0.14415394  -0.04729123
0.15747063  -0.04689425
0.17116350  -0.04624782
0.18521000  -0.04536197
0.19958848  -0.04424744
0.21427820  -0.04291558
0.22925931  -0.04137831
0.24451281  -0.03964813
0.26002056  -0.03773808
0.27576522  -0.03566164
0.29173028  -0.03343281
0.30790000  -0.03106598
0.32425942  -0.02857592
0.34079431  -0.02597780
0.35749120  -0.02328709
0.37433730  -0.02051953
0.39132052  -0.01769117
0.40842945  -0.01481823
0.42565331  -0.01191717
0.44298198  -0.00900456
0.46040593  -0.00609714
0.47791625  -0.00321171
0.49550459  -0.00036514
0.51316314  0.00242569
0.53088467  0.00514388
0.54866242  0.00777260
0.56649016  0.01029508
0.58436214  0.01269468
0.60227305  0.01495488
0.62021803  0.01705935
0.63819266  0.01899196
0.65619289  0.02073683
0.67421508  0.02227835
0.69225594  0.02360124
0.71031254  0.02469054
0.72838225  0.02553167
0.74646278  0.02611048
0.76455210  0.02641323
0.78264847  0.02642670
0.80075038  0.02613813
0.81885656  0.02553536
0.83696596  0.02460675
0.85507770  0.02334132
0.87319109  0.02172871
0.89130559  0.01975923
0.90942079  0.01742392
0.92753640  0.01471456
0.94565221  0.01162370
0.96376812  0.00814469
0.98188406  0.00427177
1.00000000  0.00000000
