NN6994
1.00000000  0.00000000
0.98188406  0.01494869
0.96376812  0.02899646
0.94565221  0.04217561
0.92753640  0.05451811
0.90942079  0.06605562
0.89130559  0.07681942
0.87319109  0.08684042
0.85507770  0.09614907
0.83696596  0.10477538
0.81885656  0.11274887
0.80075038  0.12009854
0.78264847  0.12685284
0.76455210  0.13303963
0.74646278  0.13868616
0.72838225  0.14381905
0.71031254  0.14846424
0.69225594  0.15264695
0.67421508  0.15639168
0.65619289  0.15972216
0.63819266  0.16266132
0.62021803  0.16523125
0.60227305  0.16745320
0.58436214  0.16934753
0.56649016  0.17093365
0.54866242  0.17223004
0.53088467  0.17325419
0.51316314  0.17402259
0.49550459  0.17455066
0.47791625  0.17485276
0.46040593  0.17494214
0.44298198  0.17483090
0.42565331  0.17452998
0.40842945  0.17404914
0.39132052  0.17339687
0.37433730  0.17258042
0.35749120  0.17160574
0.34079431  0.17047748
0.32425942  0.16919889
0.30790000  0.16777188
0.29173028  0.16619690
0.27576522  0.16447300
0.26002056  0.16259771
0.24451281  0.16056708
0.22925931  0.15837559
0.21427820  0.15601617
0.19958848  0.15348016
0.18521000  0.15075723
0.17116350  0.14783541
0.15747063  0.14470103
0.14415394  0.14133869
0.13123695  0.13773126
0.11874410  0.13385977
0.10670084  0.12970348
0.09513360  0.12523977
0.08406985  0.12044415
0.07353805  0.11529023
0.06356777  0.10974966
0.05418962  0.10379212
0.04543531  0.09738529
0.03733766  0.09049480
0.02993063  0.08308425
0.02324933  0.07511510
0.01733003  0.06654671
0.01221019  0.05733628
0.00792850  0.04743879
0.00452485  0.03680703
0.00204040  0.02539154
0.00051754  0.01314055
0.00000000  0.00000000
0.00000000  0.00000000
0.00051754  -0.00143473
0.00204040  -0.00228436
0.00452485  -0.00261320
0.00792850  -0.00248200
0.01221019  -0.00194797
0.01733003  -0.00106490
0.02324933  0.00011675
0.02993063  0.00154975
0.03733766  0.00319003
0.04543531  0.00499657
0.05418962  0.00693134
0.06356777  0.00895917
0.07353805  0.01104768
0.08406985  0.01316719
0.09513360  0.01529063
0.10670084  0.01739344
0.11874410  0.01945349
0.13123695  0.02145099
0.14415394  0.02336838
0.15747063  0.02519027
0.17116350  0.02690331
0.18521000  0.02849616
0.19958848  0.02995933
0.21427820  0.03128512
0.22925931  0.03246757
0.24451281  0.03350228
0.26002056  0.03438640
0.27576522  0.03511851
0.29173028  0.03569851
0.30790000  0.03612756
0.32425942  0.03640799
0.34079431  0.03654318
0.35749120  0.03653748
0.37433730  0.03639615
0.39132052  0.03612522
0.40842945  0.03573144
0.42565331  0.03522217
0.44298198  0.03460530
0.46040593  0.03388913
0.47791625  0.03308234
0.49550459  0.03219383
0.51316314  0.03123268
0.53088467  0.03020802
0.54866242  0.02912898
0.56649016  0.02800458
0.58436214  0.02684361
0.60227305  0.02565461
0.62021803  0.02444572
0.63819266  0.02322459
0.65619289  0.02199832
0.67421508  0.02077337
0.69225594  0.01955544
0.71031254  0.01834939
0.72838225  0.01715917
0.74646278  0.01598771
0.76455210  0.01483681
0.78264847  0.01370711
0.80075038  0.01259794
0.81885656  0.01150725
0.83696596  0.01043152
0.85507770  0.00936570
0.87319109  0.00830304
0.89130559  0.00723509
0.90942079  0.00615155
0.92753640  0.00504020
0.94565221  0.00388681
0.96376812  0.00267504
0.98188406  0.00138638
1.00000000  0.00000000
