NN7168
1.00000000  0.00000000
0.98188406  0.00788211
0.96376812  0.01598633
0.94565221  0.02425977
0.92753640  0.03265240
0.90942079  0.04111699
0.89130559  0.04960904
0.87319109  0.05808674
0.85507770  0.06651083
0.83696596  0.07484460
0.81885656  0.08305380
0.80075038  0.09110655
0.78264847  0.09897331
0.76455210  0.10662676
0.74646278  0.11404178
0.72838225  0.12119536
0.71031254  0.12806654
0.69225594  0.13463631
0.67421508  0.14088759
0.65619289  0.14680513
0.63819266  0.15237542
0.62021803  0.15758670
0.60227305  0.16242880
0.58436214  0.16689312
0.56649016  0.17097256
0.54866242  0.17466143
0.53088467  0.17795541
0.51316314  0.18085145
0.49550459  0.18334773
0.47791625  0.18544357
0.46040593  0.18713936
0.44298198  0.18843653
0.42565331  0.18933742
0.40842945  0.18984525
0.39132052  0.18996406
0.37433730  0.18969860
0.35749120  0.18905431
0.34079431  0.18803720
0.32425942  0.18665384
0.30790000  0.18491122
0.29173028  0.18281677
0.27576522  0.18037819
0.26002056  0.17760348
0.24451281  0.17450078
0.22925931  0.17107837
0.21427820  0.16734458
0.19958848  0.16330771
0.18521000  0.15897596
0.17116350  0.15435738
0.15747063  0.14945979
0.14415394  0.14429071
0.13123695  0.13885730
0.11874410  0.13316626
0.10670084  0.12722382
0.09513360  0.12103561
0.08406985  0.11460663
0.07353805  0.10794117
0.06356777  0.10104273
0.05418962  0.09391397
0.04543531  0.08655663
0.03733766  0.07897146
0.02993063  0.07115816
0.02324933  0.06311530
0.01733003  0.05484027
0.01221019  0.04632918
0.00792850  0.03757682
0.00452485  0.02857658
0.00204040  0.01932037
0.00051754  0.00979859
0.00000000  0.00000000
0.00000000  0.00000000
0.00051754  -0.00049836
0.00204040  -0.00096499
0.00452485  -0.00141136
0.00792850  -0.00184810
0.01221019  -0.00228494
0.01733003  -0.00273077
0.02324933  -0.00319363
0.02993063  -0.00368078
0.03733766  -0.00419866
0.04543531  -0.00475293
0.05418962  -0.00534851
0.06356777  -0.00598955
0.07353805  -0.00667951
0.08406985  -0.00742112
0.09513360  -0.00821643
0.10670084  -0.00906683
0.11874410  -0.00997305
0.13123695  -0.01093519
0.14415394  -0.01195273
0.15747063  -0.01302457
0.17116350  -0.01414903
0.18521000  -0.01532385
0.19958848  -0.01654626
0.21427820  -0.01781294
0.22925931  -0.01912008
0.24451281  -0.02046338
0.26002056  -0.02183807
0.27576522  -0.02323893
0.29173028  -0.02466032
0.30790000  -0.02609617
0.32425942  -0.02754003
0.34079431  -0.02898506
0.35749120  -0.03042406
0.37433730  -0.03184951
0.39132052  -0.03325353
0.40842945  -0.03462799
0.42565331  -0.03596441
0.44298198  -0.03725410
0.46040593  -0.03848809
0.47791625  -0.03965717
0.49550459  -0.04075195
0.51316314  -0.04176282
0.53088467  -0.04268000
0.54866242  -0.04349354
0.56649016  -0.04419338
0.58436214  -0.04476931
0.60227305  -0.04521102
0.62021803  -0.04550813
0.63819266  -0.04565017
0.65619289  -0.04562664
0.67421508  -0.04542701
0.69225594  -0.04504071
0.71031254  -0.04445721
0.72838225  -0.04366599
0.74646278  -0.04265655
0.76455210  -0.04141850
0.78264847  -0.03994147
0.80075038  -0.03821524
0.81885656  -0.03622966
0.83696596  -0.03397474
0.85507770  -0.03144064
0.87319109  -0.02861768
0.89130559  -0.02549637
0.90942079  -0.02206742
0.92753640  -0.01832178
0.94565221  -0.01425064
0.96376812  -0.00984543
0.98188406  -0.00509788
1.00000000  0.00000000
