NN7279
1.00000000  0.00000000
0.98188406  0.01270056
0.96376812  0.02535859
0.94565221  0.03792774
0.92753640  0.05036441
0.90942079  0.06262766
0.89130559  0.07467917
0.87319109  0.08648315
0.85507770  0.09800631
0.83696596  0.10921775
0.81885656  0.12008894
0.80075038  0.13059364
0.78264847  0.14070784
0.76455210  0.15040968
0.74646278  0.15967941
0.72838225  0.16849933
0.71031254  0.17685368
0.69225594  0.18472864
0.67421508  0.19211223
0.65619289  0.19899425
0.63819266  0.20536621
0.62021803  0.21122129
0.60227305  0.21655427
0.58436214  0.22136144
0.56649016  0.22564057
0.54866242  0.22939083
0.53088467  0.23261273
0.51316314  0.23530806
0.49550459  0.23747981
0.47791625  0.23913214
0.46040593  0.24027027
0.44298198  0.24090048
0.42565331  0.24102997
0.40842945  0.24066687
0.39132052  0.23982011
0.37433730  0.23849942
0.35749120  0.23671522
0.34079431  0.23447857
0.32425942  0.23180112
0.30790000  0.22869504
0.29173028  0.22517293
0.27576522  0.22124779
0.26002056  0.21693297
0.24451281  0.21224205
0.22925931  0.20718882
0.21427820  0.20178720
0.19958848  0.19605121
0.18521000  0.18999484
0.17116350  0.18363205
0.15747063  0.17697667
0.14415394  0.17004237
0.13123695  0.16284256
0.11874410  0.15539033
0.10670084  0.14769842
0.09513360  0.13977912
0.08406985  0.13164425
0.07353805  0.12330503
0.06356777  0.11477208
0.05418962  0.10605533
0.04543531  0.09716395
0.03733766  0.08810630
0.02993063  0.07888986
0.02324933  0.06952118
0.01733003  0.06000579
0.01221019  0.05034816
0.00792850  0.04055163
0.00452485  0.03061833
0.00204040  0.02054915
0.00051754  0.01034364
0.00000000  0.00000000
0.00000000  0.00000000
0.00051754  -0.00768121
0.00204040  -0.01433121
0.00452485  -0.02004626
0.00792850  -0.02491650
0.01221019  -0.02902618
0.01733003  -0.03245386
0.02324933  -0.03527256
0.02993063  -0.03754997
0.03733766  -0.03934864
0.04543531  -0.04072616
0.05418962  -0.04173535
0.06356777  -0.04242442
0.07353805  -0.04283724
0.08406985  -0.04301341
0.09513360  -0.04298854
0.10670084  -0.04279440
0.11874410  -0.04245912
0.13123695  -0.04200736
0.14415394  -0.04146050
0.15747063  -0.04083686
0.17116350  -0.04015185
0.18521000  -0.03941815
0.19958848  -0.03864595
0.21427820  -0.03784308
0.22925931  -0.03701524
0.24451281  -0.03616616
0.26002056  -0.03529779
0.27576522  -0.03441051
0.29173028  -0.03350329
0.30790000  -0.03257389
0.32425942  -0.03161906
0.34079431  -0.03063469
0.35749120  -0.02961603
0.37433730  -0.02855789
0.39132052  -0.02745477
0.40842945  -0.02630111
0.42565331  -0.02509144
0.44298198  -0.02382059
0.46040593  -0.02248383
0.47791625  -0.02107714
0.49550459  -0.01959732
0.51316314  -0.01804222
0.53088467  -0.01641090
0.54866242  -0.01470385
0.56649016  -0.01292316
0.58436214  -0.01107269
0.60227305  -0.00915829
0.62021803  -0.00718796
0.63819266  -0.00517206
0.65619289  -0.00312349
0.67421508  -0.00105785
0.69225594  0.00100632
0.71031254  0.00304740
0.72838225  0.00504047
0.74646278  0.00695715
0.76455210  0.00876538
0.78264847  0.01042928
0.80075038  0.01190891
0.81885656  0.01316012
0.83696596  0.01413434
0.85507770  0.01477840
0.87319109  0.01503436
0.89130559  0.01483930
0.90942079  0.01412513
0.92753640  0.01281842
0.94565221  0.01084022
0.96376812  0.00810583
0.98188406  0.00452465
1.00000000  0.00000000
