NN7245
1.00000000  0.00000000
0.98188406  0.01800982
0.96376812  0.03470666
0.94565221  0.05016358
0.92753640  0.06444999
0.90942079  0.07763174
0.89130559  0.08977119
0.87319109  0.10092738
0.85507770  0.11115610
0.83696596  0.12050996
0.81885656  0.12903858
0.80075038  0.13678862
0.78264847  0.14380391
0.76455210  0.15012556
0.74646278  0.15579207
0.72838225  0.16083942
0.71031254  0.16530119
0.69225594  0.16920863
0.67421508  0.17259083
0.65619289  0.17547475
0.63819266  0.17788541
0.62021803  0.17984589
0.60227305  0.18137753
0.58436214  0.18249999
0.56649016  0.18323136
0.54866242  0.18358827
0.53088467  0.18358598
0.51316314  0.18323851
0.49550459  0.18255874
0.47791625  0.18155849
0.46040593  0.18024865
0.44298198  0.17863928
0.42565331  0.17673971
0.40842945  0.17455864
0.39132052  0.17210428
0.37433730  0.16938440
0.35749120  0.16640648
0.34079431  0.16317778
0.32425942  0.15970548
0.30790000  0.15599677
0.29173028  0.15205893
0.27576522  0.14789948
0.26002056  0.14352627
0.24451281  0.13894755
0.22925931  0.13417214
0.21427820  0.12920945
0.19958848  0.12406969
0.18521000  0.11876388
0.17116350  0.11330400
0.15747063  0.10770310
0.14415394  0.10197538
0.13123695  0.09613633
0.11874410  0.09020279
0.10670084  0.08419310
0.09513360  0.07812717
0.08406985  0.07202659
0.07353805  0.06591478
0.06356777  0.05981702
0.05418962  0.05376062
0.04543531  0.04777499
0.03733766  0.04189175
0.02993063  0.03614485
0.02324933  0.03057066
0.01733003  0.02520808
0.01221019  0.02009865
0.00792850  0.01528663
0.00452485  0.01081915
0.00204040  0.00674627
0.00051754  0.00312113
0.00000000  0.00000000
0.00000000  0.00000000
0.00051754  -0.00333046
0.00204040  -0.00626852
0.00452485  -0.00885583
0.00792850  -0.01113176
0.01221019  -0.01313348
0.01733003  -0.01489597
0.02324933  -0.01645204
0.02993063  -0.01783243
0.03733766  -0.01906581
0.04543531  -0.02017884
0.05418962  -0.02119618
0.06356777  -0.02214059
0.07353805  -0.02303292
0.08406985  -0.02389216
0.09513360  -0.02473551
0.10670084  -0.02557839
0.11874410  -0.02643450
0.13123695  -0.02731587
0.14415394  -0.02823286
0.15747063  -0.02919424
0.17116350  -0.03020724
0.18521000  -0.03127755
0.19958848  -0.03240941
0.21427820  -0.03360559
0.22925931  -0.03486750
0.24451281  -0.03619519
0.26002056  -0.03758741
0.27576522  -0.03904162
0.29173028  -0.04055409
0.30790000  -0.04211988
0.32425942  -0.04373292
0.34079431  -0.04538603
0.35749120  -0.04707099
0.37433730  -0.04877856
0.39132052  -0.05049851
0.40842945  -0.05221970
0.42565331  -0.05393008
0.44298198  -0.05561677
0.46040593  -0.05726606
0.47791625  -0.05886349
0.49550459  -0.06039388
0.51316314  -0.06184136
0.53088467  -0.06318942
0.54866242  -0.06442094
0.56649016  -0.06551828
0.58436214  -0.06646324
0.60227305  -0.06723717
0.62021803  -0.06782100
0.63819266  -0.06819525
0.65619289  -0.06834009
0.67421508  -0.06823540
0.69225594  -0.06786078
0.71031254  -0.06719562
0.72838225  -0.06621913
0.74646278  -0.06491036
0.76455210  -0.06324828
0.78264847  -0.06121180
0.80075038  -0.05877982
0.81885656  -0.05593125
0.83696596  -0.05264510
0.85507770  -0.04890047
0.87319109  -0.04467660
0.89130559  -0.03995296
0.90942079  -0.03470923
0.92753640  -0.02892537
0.94565221  -0.02258166
0.96376812  -0.01565876
0.98188406  -0.00813771
1.00000000  0.00000000
