NN7284
1.00000000  0.00000000
0.98188406  0.01660536
0.96376812  0.03167810
0.94565221  0.04533095
0.92753640  0.05767062
0.90942079  0.06879805
0.89130559  0.07880848
0.87319109  0.08779167
0.85507770  0.09583199
0.83696596  0.10300861
0.81885656  0.10939566
0.80075038  0.11506233
0.78264847  0.12007307
0.76455210  0.12448775
0.74646278  0.12836175
0.72838225  0.13174616
0.71031254  0.13468795
0.69225594  0.13723006
0.67421508  0.13941159
0.65619289  0.14126796
0.63819266  0.14283103
0.62021803  0.14412930
0.60227305  0.14518799
0.58436214  0.14602926
0.56649016  0.14667234
0.54866242  0.14713365
0.53088467  0.14742700
0.51316314  0.14756370
0.49550459  0.14755275
0.47791625  0.14740097
0.46040593  0.14711314
0.44298198  0.14669217
0.42565331  0.14613926
0.40842945  0.14545403
0.39132052  0.14463468
0.37433730  0.14367814
0.35749120  0.14258023
0.34079431  0.14133580
0.32425942  0.13993889
0.30790000  0.13838288
0.29173028  0.13666064
0.27576522  0.13476467
0.26002056  0.13268728
0.24451281  0.13042072
0.22925931  0.12795734
0.21427820  0.12528973
0.19958848  0.12241087
0.18521000  0.11931432
0.17116350  0.11599433
0.15747063  0.11244600
0.14415394  0.10866543
0.13123695  0.10464990
0.11874410  0.10039799
0.10670084  0.09590972
0.09513360  0.09118676
0.08406985  0.08623252
0.07353805  0.08105232
0.06356777  0.07565358
0.05418962  0.07004591
0.04543531  0.06424130
0.03733766  0.05825426
0.02993063  0.05210197
0.02324933  0.04580446
0.01733003  0.03938471
0.01221019  0.03286884
0.00792850  0.02628625
0.00452485  0.01966978
0.00204040  0.01305583
0.00051754  0.00648455
0.00000000  0.00000000
0.00000000  0.00000000
0.00051754  -0.01280514
0.00204040  -0.02479750
0.00452485  -0.03597233
0.00792850  -0.04632882
0.01221019  -0.05586987
0.01733003  -0.06460192
0.02324933  -0.07253478
0.02993063  -0.07968142
0.03733766  -0.08605777
0.04543531  -0.09168256
0.05418962  -0.09657712
0.06356777  -0.10076520
0.07353805  -0.10427275
0.08406985  -0.10712779
0.09513360  -0.10936015
0.10670084  -0.11100135
0.11874410  -0.11208436
0.13123695  -0.11264344
0.14415394  -0.11271394
0.15747063  -0.11233214
0.17116350  -0.11153500
0.18521000  -0.11036004
0.19958848  -0.10884510
0.21427820  -0.10702820
0.22925931  -0.10494730
0.24451281  -0.10264015
0.26002056  -0.10014408
0.27576522  -0.09749584
0.29173028  -0.09473137
0.30790000  -0.09188565
0.32425942  -0.08899248
0.34079431  -0.08608433
0.35749120  -0.08319211
0.37433730  -0.08034502
0.39132052  -0.07757032
0.40842945  -0.07489318
0.42565331  -0.07233649
0.44298198  -0.06992063
0.46040593  -0.06766333
0.47791625  -0.06557946
0.49550459  -0.06368084
0.51316314  -0.06197605
0.53088467  -0.06047028
0.54866242  -0.05916506
0.56649016  -0.05805816
0.58436214  -0.05714335
0.60227305  -0.05641022
0.62021803  -0.05584402
0.63819266  -0.05542541
0.65619289  -0.05513035
0.67421508  -0.05492985
0.69225594  -0.05478980
0.71031254  -0.05467081
0.72838225  -0.05452797
0.74646278  -0.05431071
0.76455210  -0.05396258
0.78264847  -0.05342108
0.80075038  -0.05261747
0.81885656  -0.05147656
0.83696596  -0.04991655
0.85507770  -0.04784883
0.87319109  -0.04517779
0.89130559  -0.04180064
0.90942079  -0.03760720
0.92753640  -0.03247976
0.94565221  -0.02629281
0.96376812  -0.01891296
0.98188406  -0.01019864
1.00000000  0.00000000
