NN7359
1.00000000  0.00000000
0.98188406  0.01436200
0.96376812  0.02818802
0.94565221  0.04145890
0.92753640  0.05415846
0.90942079  0.06627341
0.89130559  0.07779318
0.87319109  0.08870985
0.85507770  0.09901801
0.83696596  0.10871467
0.81885656  0.11779910
0.80075038  0.12627275
0.78264847  0.13413913
0.76455210  0.14140367
0.74646278  0.14807363
0.72838225  0.15415797
0.71031254  0.15966724
0.69225594  0.16461343
0.67421508  0.16900993
0.65619289  0.17287134
0.63819266  0.17621337
0.62021803  0.17905275
0.60227305  0.18140710
0.58436214  0.18329480
0.56649016  0.18473488
0.54866242  0.18574693
0.53088467  0.18635093
0.51316314  0.18656718
0.49550459  0.18641618
0.47791625  0.18591847
0.46040593  0.18509458
0.44298198  0.18396485
0.42565331  0.18254936
0.40842945  0.18086779
0.39132052  0.17893930
0.37433730  0.17678243
0.35749120  0.17441498
0.34079431  0.17185388
0.32425942  0.16911509
0.30790000  0.16621348
0.29173028  0.16316269
0.27576522  0.15997506
0.26002056  0.15666146
0.24451281  0.15323122
0.22925931  0.14969199
0.21427820  0.14604962
0.19958848  0.14230806
0.18521000  0.13846923
0.17116350  0.13453290
0.15747063  0.13049659
0.14415394  0.12635545
0.13123695  0.12210212
0.11874410  0.11772666
0.10670084  0.11321637
0.09513360  0.10855573
0.08406985  0.10372627
0.07353805  0.09870643
0.06356777  0.09347146
0.05418962  0.08799331
0.04543531  0.08224051
0.03733766  0.07617803
0.02993063  0.06976719
0.02324933  0.06296556
0.01733003  0.05572680
0.01221019  0.04800055
0.00792850  0.03973237
0.00452485  0.03086353
0.00204040  0.02133097
0.00051754  0.01106717
0.00000000  0.00000000
0.00000000  0.00000000
0.00051754  -0.00079127
0.00204040  -0.00178800
0.00452485  -0.00297489
0.00792850  -0.00433679
0.01221019  -0.00585864
0.01733003  -0.00752556
0.02324933  -0.00932283
0.02993063  -0.01123590
0.03733766  -0.01325040
0.04543531  -0.01535217
0.05418962  -0.01752730
0.06356777  -0.01976206
0.07353805  -0.02204301
0.08406985  -0.02435696
0.09513360  -0.02669099
0.10670084  -0.02903249
0.11874410  -0.03136913
0.13123695  -0.03368892
0.14415394  -0.03598020
0.15747063  -0.03823166
0.17116350  -0.04043234
0.18521000  -0.04257168
0.19958848  -0.04463950
0.21427820  -0.04662603
0.22925931  -0.04852191
0.24451281  -0.05031823
0.26002056  -0.05200652
0.27576522  -0.05357879
0.29173028  -0.05502750
0.30790000  -0.05634564
0.32425942  -0.05752667
0.34079431  -0.05856459
0.35749120  -0.05945395
0.37433730  -0.06018983
0.39132052  -0.06076787
0.40842945  -0.06118431
0.42565331  -0.06143598
0.44298198  -0.06152030
0.46040593  -0.06143533
0.47791625  -0.06117977
0.49550459  -0.06075295
0.51316314  -0.06015488
0.53088467  -0.05938626
0.54866242  -0.05844846
0.56649016  -0.05734359
0.58436214  -0.05607445
0.60227305  -0.05464460
0.62021803  -0.05305835
0.63819266  -0.05132076
0.65619289  -0.04943770
0.67421508  -0.04741580
0.69225594  -0.04526253
0.71031254  -0.04298618
0.72838225  -0.04059585
0.74646278  -0.03810153
0.76455210  -0.03551405
0.78264847  -0.03284514
0.80075038  -0.03010742
0.81885656  -0.02731442
0.83696596  -0.02448058
0.85507770  -0.02162131
0.87319109  -0.01875295
0.89130559  -0.01589282
0.90942079  -0.01305921
0.92753640  -0.01027141
0.94565221  -0.00754974
0.96376812  -0.00491553
0.98188406  -0.00239114
1.00000000  0.00000000
