NN7413
1.00000000  0.00000000
0.98188406  0.01487055
0.96376812  0.02895956
0.94565221  0.04229999
0.92753640  0.05492342
0.90942079  0.06686001
0.89130559  0.07813861
0.87319109  0.08878672
0.85507770  0.09883053
0.83696596  0.10829496
0.81885656  0.11720371
0.80075038  0.12557923
0.78264847  0.13344277
0.76455210  0.14081442
0.74646278  0.14771314
0.72838225  0.15415675
0.71031254  0.16016199
0.69225594  0.16574455
0.67421508  0.17091905
0.65619289  0.17569913
0.63819266  0.18009742
0.62021803  0.18412561
0.60227305  0.18779446
0.58436214  0.19111379
0.56649016  0.19409258
0.54866242  0.19673894
0.53088467  0.19906015
0.51316314  0.20106270
0.49550459  0.20275228
0.47791625  0.20413386
0.46040593  0.20521168
0.44298198  0.20598927
0.42565331  0.20646952
0.40842945  0.20665464
0.39132052  0.20654625
0.37433730  0.20614538
0.35749120  0.20545248
0.34079431  0.20446747
0.32425942  0.20318976
0.30790000  0.20161827
0.29173028  0.19975147
0.27576522  0.19758739
0.26002056  0.19512366
0.24451281  0.19235752
0.22925931  0.18928586
0.21427820  0.18590525
0.19958848  0.18221196
0.18521000  0.17820197
0.17116350  0.17387103
0.15747063  0.16921466
0.14415394  0.16422817
0.13123695  0.15890674
0.11874410  0.15324535
0.10670084  0.14723892
0.09513360  0.14088225
0.08406985  0.13417008
0.07353805  0.12709711
0.06356777  0.11965803
0.05418962  0.11184755
0.04543531  0.10366042
0.03733766  0.09509145
0.02993063  0.08613556
0.02324933  0.07678776
0.01733003  0.06704325
0.01221019  0.05689737
0.00792850  0.04634566
0.00452485  0.03538390
0.00204040  0.02400812
0.00051754  0.01221462
0.00000000  0.00000000
0.00000000  0.00000000
0.00051754  -0.00544052
0.00204040  -0.01112664
0.00452485  -0.01697537
0.00792850  -0.02291031
0.01221019  -0.02886155
0.01733003  -0.03476535
0.02324933  -0.04056400
0.02993063  -0.04620561
0.03733766  -0.05164387
0.04543531  -0.05683786
0.05418962  -0.06175185
0.06356777  -0.06635507
0.07353805  -0.07062152
0.08406985  -0.07452974
0.09513360  -0.07806265
0.10670084  -0.08120728
0.11874410  -0.08395459
0.13123695  -0.08629928
0.14415394  -0.08823956
0.15747063  -0.08977692
0.17116350  -0.09091598
0.18521000  -0.09166423
0.19958848  -0.09203185
0.21427820  -0.09203148
0.22925931  -0.09167803
0.24451281  -0.09098847
0.26002056  -0.08998161
0.27576522  -0.08867791
0.29173028  -0.08709924
0.30790000  -0.08526872
0.32425942  -0.08321045
0.34079431  -0.08094936
0.35749120  -0.07851098
0.37433730  -0.07592121
0.39132052  -0.07320615
0.40842945  -0.07039185
0.42565331  -0.06750415
0.44298198  -0.06456842
0.46040593  -0.06160940
0.47791625  -0.05865096
0.49550459  -0.05571589
0.51316314  -0.05282571
0.53088467  -0.05000048
0.54866242  -0.04725851
0.56649016  -0.04461627
0.58436214  -0.04208806
0.60227305  -0.03968592
0.62021803  -0.03741931
0.63819266  -0.03529498
0.65619289  -0.03331674
0.67421508  -0.03148524
0.69225594  -0.02979777
0.71031254  -0.02824805
0.72838225  -0.02682602
0.74646278  -0.02551764
0.76455210  -0.02430468
0.78264847  -0.02316449
0.80075038  -0.02206984
0.81885656  -0.02098864
0.83696596  -0.01988382
0.85507770  -0.01871303
0.87319109  -0.01742851
0.89130559  -0.01597684
0.90942079  -0.01429872
0.92753640  -0.01232880
0.94565221  -0.00999545
0.96376812  -0.00722056
0.98188406  -0.00391931
1.00000000  0.00000000
