NN752
1.00000000  0.00000000
0.98188406  0.00909062
0.96376812  0.01775209
0.94565221  0.02602308
0.92753640  0.03393854
0.90942079  0.04152984
0.89130559  0.04882486
0.87319109  0.05584819
0.85507770  0.06262127
0.83696596  0.06916247
0.81885656  0.07548730
0.80075038  0.08160850
0.78264847  0.08753622
0.76455210  0.09327813
0.74646278  0.09883958
0.72838225  0.10422373
0.71031254  0.10943169
0.69225594  0.11446268
0.67421508  0.11931413
0.65619289  0.12398187
0.63819266  0.12846024
0.62021803  0.13274223
0.60227305  0.13681963
0.58436214  0.14068318
0.56649016  0.14432269
0.54866242  0.14772718
0.53088467  0.15088505
0.51316314  0.15378419
0.49550459  0.15641213
0.47791625  0.15875619
0.46040593  0.16080361
0.44298198  0.16254170
0.42565331  0.16395795
0.40842945  0.16504022
0.39132052  0.16577685
0.37433730  0.16615681
0.35749120  0.16616981
0.34079431  0.16580651
0.32425942  0.16505859
0.30790000  0.16391892
0.29173028  0.16238170
0.27576522  0.16044262
0.26002056  0.15809895
0.24451281  0.15534973
0.22925931  0.15219590
0.21427820  0.14864040
0.19958848  0.14468838
0.18521000  0.14034728
0.17116350  0.13562700
0.15747063  0.13054004
0.14415394  0.12510163
0.13123695  0.11932989
0.11874410  0.11324594
0.10670084  0.10687405
0.09513360  0.10024182
0.08406985  0.09338026
0.07353805  0.08632397
0.06356777  0.07911128
0.05418962  0.07178436
0.04543531  0.06438940
0.03733766  0.05697672
0.02993063  0.04960092
0.02324933  0.04232104
0.01733003  0.03520068
0.01221019  0.02830812
0.00792850  0.02171652
0.00452485  0.01550401
0.00204040  0.00975383
0.00051754  0.00455452
0.00000000  0.00000000
0.00000000  0.00000000
0.00051754  -0.00904786
0.00204040  -0.01784507
0.00452485  -0.02634904
0.00792850  -0.03452209
0.01221019  -0.04233132
0.01733003  -0.04974837
0.02324933  -0.05674928
0.02993063  -0.06331427
0.03733766  -0.06942757
0.04543531  -0.07507726
0.05418962  -0.08025505
0.06356777  -0.08495610
0.07353805  -0.08917887
0.08406985  -0.09292490
0.09513360  -0.09619862
0.10670084  -0.09900722
0.11874410  -0.10136040
0.13123695  -0.10327023
0.14415394  -0.10475094
0.15747063  -0.10581877
0.17116350  -0.10649174
0.18521000  -0.10678949
0.19958848  -0.10673312
0.21427820  -0.10634495
0.22925931  -0.10564838
0.24451281  -0.10466770
0.26002056  -0.10342790
0.27576522  -0.10195446
0.29173028  -0.10027321
0.30790000  -0.09841014
0.32425942  -0.09639117
0.34079431  -0.09424202
0.35749120  -0.09198800
0.37433730  -0.08965383
0.39132052  -0.08726346
0.40842945  -0.08483987
0.42565331  -0.08240490
0.44298198  -0.07997908
0.46040593  -0.07758142
0.47791625  -0.07522922
0.49550459  -0.07293793
0.51316314  -0.07072091
0.53088467  -0.06858930
0.54866242  -0.06655179
0.56649016  -0.06461446
0.58436214  -0.06278059
0.60227305  -0.06105048
0.62021803  -0.05942127
0.63819266  -0.05788673
0.65619289  -0.05643711
0.67421508  -0.05505893
0.69225594  -0.05373482
0.71031254  -0.05244331
0.72838225  -0.05115867
0.74646278  -0.04985071
0.76455210  -0.04848458
0.78264847  -0.04702063
0.80075038  -0.04541421
0.81885656  -0.04361545
0.83696596  -0.04156912
0.85507770  -0.03921443
0.87319109  -0.03648484
0.89130559  -0.03330788
0.90942079  -0.02960498
0.92753640  -0.02529126
0.94565221  -0.02027536
0.96376812  -0.01445927
0.98188406  -0.00773812
1.00000000  0.00000000
