NN7573
1.00000000  0.00000000
0.98188406  0.00634334
0.96376812  0.01276916
0.94565221  0.01927406
0.92753640  0.02585319
0.90942079  0.03250033
0.89130559  0.03920795
0.87319109  0.04596730
0.85507770  0.05276846
0.83696596  0.05960042
0.81885656  0.06645114
0.80075038  0.07330767
0.78264847  0.08015613
0.76455210  0.08698187
0.74646278  0.09376950
0.72838225  0.10050294
0.71031254  0.10716554
0.69225594  0.11374012
0.67421508  0.12020905
0.65619289  0.12655430
0.63819266  0.13275754
0.62021803  0.13880022
0.60227305  0.14466359
0.58436214  0.15032882
0.56649016  0.15577703
0.54866242  0.16098940
0.53088467  0.16594724
0.51316314  0.17063200
0.49550459  0.17502543
0.47791625  0.17910957
0.46040593  0.18286689
0.44298198  0.18628029
0.42565331  0.18933325
0.40842945  0.19200982
0.39132052  0.19429476
0.37433730  0.19617357
0.35749120  0.19763256
0.34079431  0.19865895
0.32425942  0.19924092
0.30790000  0.19936768
0.29173028  0.19902953
0.27576522  0.19821798
0.26002056  0.19692576
0.24451281  0.19514692
0.22925931  0.19287692
0.21427820  0.19011264
0.19958848  0.18685253
0.18521000  0.18309661
0.17116350  0.17884660
0.15747063  0.17410593
0.14415394  0.16887987
0.13123695  0.16317555
0.11874410  0.15700209
0.10670084  0.15037059
0.09513360  0.14329428
0.08406985  0.13578855
0.07353805  0.12787102
0.06356777  0.11956163
0.05418962  0.11088268
0.04543531  0.10185895
0.03733766  0.09251771
0.02993063  0.08288885
0.02324933  0.07300490
0.01733003  0.06290113
0.01221019  0.05261563
0.00792850  0.04218934
0.00452485  0.03166616
0.00204040  0.02109302
0.00051754  0.01051991
0.00000000  0.00000000
0.00000000  0.00000000
0.00051754  -0.00525331
0.00204040  -0.01051765
0.00452485  -0.01575415
0.00792850  -0.02092692
0.01221019  -0.02600295
0.01733003  -0.03095203
0.02324933  -0.03574666
0.02993063  -0.04036200
0.03733766  -0.04477574
0.04543531  -0.04896806
0.05418962  -0.05292153
0.06356777  -0.05662104
0.07353805  -0.06005371
0.08406985  -0.06320879
0.09513360  -0.06607763
0.10670084  -0.06865354
0.11874410  -0.07093174
0.13123695  -0.07290930
0.14415394  -0.07458501
0.15747063  -0.07595932
0.17116350  -0.07703426
0.18521000  -0.07781338
0.19958848  -0.07830162
0.21427820  -0.07850528
0.22925931  -0.07843190
0.24451281  -0.07809020
0.26002056  -0.07748999
0.27576522  -0.07664208
0.29173028  -0.07555823
0.30790000  -0.07425105
0.32425942  -0.07273388
0.34079431  -0.07102080
0.35749120  -0.06912644
0.37433730  -0.06706599
0.39132052  -0.06485508
0.40842945  -0.06250967
0.42565331  -0.06004603
0.44298198  -0.05748061
0.46040593  -0.05482999
0.47791625  -0.05211076
0.49550459  -0.04933951
0.51316314  -0.04653264
0.53088467  -0.04370639
0.54866242  -0.04087669
0.56649016  -0.03805910
0.58436214  -0.03526872
0.60227305  -0.03252013
0.62021803  -0.02982729
0.63819266  -0.02720344
0.65619289  -0.02466107
0.67421508  -0.02221180
0.69225594  -0.01986630
0.71031254  -0.01763424
0.72838225  -0.01552416
0.74646278  -0.01354342
0.76455210  -0.01169813
0.78264847  -0.00999303
0.80075038  -0.00843144
0.81885656  -0.00701517
0.83696596  -0.00574445
0.85507770  -0.00461780
0.87319109  -0.00363203
0.89130559  -0.00278208
0.90942079  -0.00206098
0.92753640  -0.00145977
0.94565221  -0.00096741
0.96376812  -0.00057068
0.98188406  -0.00025413
1.00000000  0.00000000
