NN7766
1.00000000  0.00000000
0.98188406  0.01515516
0.96376812  0.02897306
0.94565221  0.04153722
0.92753640  0.05292749
0.90942079  0.06322015
0.89130559  0.07248799
0.87319109  0.08080036
0.85507770  0.08822328
0.83696596  0.09481949
0.81885656  0.10064856
0.80075038  0.10576693
0.78264847  0.11022802
0.76455210  0.11408229
0.74646278  0.11737733
0.72838225  0.12015793
0.71031254  0.12246615
0.69225594  0.12434143
0.67421508  0.12582061
0.65619289  0.12693809
0.63819266  0.12772582
0.62021803  0.12821344
0.60227305  0.12842834
0.58436214  0.12839573
0.56649016  0.12813872
0.54866242  0.12767841
0.53088467  0.12703396
0.51316314  0.12622265
0.49550459  0.12526000
0.47791625  0.12415982
0.46040593  0.12293428
0.44298198  0.12159399
0.42565331  0.12014813
0.40842945  0.11860444
0.39132052  0.11696938
0.37433730  0.11524814
0.35749120  0.11344477
0.34079431  0.11156223
0.32425942  0.10960248
0.30790000  0.10756656
0.29173028  0.10545465
0.27576522  0.10326616
0.26002056  0.10099982
0.24451281  0.09865373
0.22925931  0.09622547
0.21427820  0.09371215
0.19958848  0.09111051
0.18521000  0.08841697
0.17116350  0.08562775
0.15747063  0.08273891
0.14415394  0.07974645
0.13123695  0.07664636
0.11874410  0.07343473
0.10670084  0.07010784
0.09513360  0.06666218
0.08406985  0.06309457
0.07353805  0.05940224
0.06356777  0.05558289
0.05418962  0.05163477
0.04543531  0.04755679
0.03733766  0.04334855
0.02993063  0.03901043
0.02324933  0.03454371
0.01733003  0.02995058
0.01221019  0.02523430
0.00792850  0.02039917
0.00452485  0.01545073
0.00204040  0.01039575
0.00051754  0.00524233
0.00000000  0.00000000
0.00000000  0.00000000
0.00051754  -0.00161687
0.00204040  -0.00340830
0.00452485  -0.00534349
0.00792850  -0.00739410
0.01221019  -0.00953416
0.01733003  -0.01174002
0.02324933  -0.01399020
0.02993063  -0.01626534
0.03733766  -0.01854808
0.04543531  -0.02082297
0.05418962  -0.02307640
0.06356777  -0.02529648
0.07353805  -0.02747296
0.08406985  -0.02959714
0.09513360  -0.03166176
0.10670084  -0.03366092
0.11874410  -0.03558999
0.13123695  -0.03744552
0.14415394  -0.03922511
0.15747063  -0.04092737
0.17116350  -0.04255180
0.18521000  -0.04409869
0.19958848  -0.04556905
0.21427820  -0.04696447
0.22925931  -0.04828711
0.24451281  -0.04953951
0.26002056  -0.05072457
0.27576522  -0.05184541
0.29173028  -0.05290534
0.30790000  -0.05390766
0.32425942  -0.05485569
0.34079431  -0.05575257
0.35749120  -0.05660126
0.37433730  -0.05740436
0.39132052  -0.05816409
0.40842945  -0.05888214
0.42565331  -0.05955962
0.44298198  -0.06019695
0.46040593  -0.06079374
0.47791625  -0.06134875
0.49550459  -0.06185977
0.51316314  -0.06232350
0.53088467  -0.06273551
0.54866242  -0.06309011
0.56649016  -0.06338027
0.58436214  -0.06359751
0.60227305  -0.06373183
0.62021803  -0.06377163
0.63819266  -0.06370355
0.65619289  -0.06351245
0.67421508  -0.06318130
0.69225594  -0.06269103
0.71031254  -0.06202053
0.72838225  -0.06114648
0.74646278  -0.06004329
0.76455210  -0.05868302
0.78264847  -0.05703524
0.80075038  -0.05506699
0.81885656  -0.05274265
0.83696596  -0.05002387
0.85507770  -0.04686945
0.87319109  -0.04323529
0.89130559  -0.03907425
0.90942079  -0.03433608
0.92753640  -0.02896732
0.94565221  -0.02291124
0.96376812  -0.01610767
0.98188406  -0.00849299
1.00000000  0.00000000
