NN8145
1.00000000  0.00000000
0.98188406  0.01426175
0.96376812  0.02758316
0.94565221  0.04002272
0.92753640  0.05163565
0.90942079  0.06247404
0.89130559  0.07258691
0.87319109  0.08202027
0.85507770  0.09081724
0.83696596  0.09901815
0.81885656  0.10666056
0.80075038  0.11377942
0.78264847  0.12040711
0.76455210  0.12657352
0.74646278  0.13230618
0.72838225  0.13763030
0.71031254  0.14256889
0.69225594  0.14714282
0.67421508  0.15137090
0.65619289  0.15527001
0.63819266  0.15885513
0.62021803  0.16213946
0.60227305  0.16513451
0.58436214  0.16785015
0.56649016  0.17029474
0.54866242  0.17247517
0.53088467  0.17439699
0.51316314  0.17606445
0.49550459  0.17748064
0.47791625  0.17864751
0.46040593  0.17956604
0.44298198  0.18023621
0.42565331  0.18065722
0.40842945  0.18082746
0.39132052  0.18074465
0.37433730  0.18040594
0.35749120  0.17980795
0.34079431  0.17894689
0.32425942  0.17781864
0.30790000  0.17641882
0.29173028  0.17474289
0.27576522  0.17278622
0.26002056  0.17054421
0.24451281  0.16801233
0.22925931  0.16518624
0.21427820  0.16206187
0.19958848  0.15863546
0.18521000  0.15490374
0.17116350  0.15086392
0.15747063  0.14651383
0.14415394  0.14185198
0.13123695  0.13687767
0.11874410  0.13159105
0.10670084  0.12599323
0.09513360  0.12008635
0.08406985  0.11387364
0.07353805  0.10735958
0.06356777  0.10054990
0.05418962  0.09345172
0.04543531  0.08607363
0.03733766  0.07842575
0.02993063  0.07051983
0.02324933  0.06236936
0.01733003  0.05398959
0.01221019  0.04539771
0.00792850  0.03661283
0.00452485  0.02765616
0.00204040  0.01855104
0.00051754  0.00932302
0.00000000  0.00000000
0.00000000  0.00000000
0.00051754  -0.00299357
0.00204040  -0.00632759
0.00452485  -0.00995423
0.00792850  -0.01382756
0.01221019  -0.01790346
0.01733003  -0.02213968
0.02324933  -0.02649579
0.02993063  -0.03093318
0.03733766  -0.03541505
0.04543531  -0.03990639
0.05418962  -0.04437401
0.06356777  -0.04878648
0.07353805  -0.05311414
0.08406985  -0.05732912
0.09513360  -0.06140527
0.10670084  -0.06531820
0.11874410  -0.06904527
0.13123695  -0.07256553
0.14415394  -0.07585979
0.15747063  -0.07891052
0.17116350  -0.08170191
0.18521000  -0.08421985
0.19958848  -0.08645188
0.21427820  -0.08838722
0.22925931  -0.09001676
0.24451281  -0.09133302
0.26002056  -0.09233017
0.27576522  -0.09300400
0.29173028  -0.09335194
0.30790000  -0.09337301
0.32425942  -0.09306784
0.34079431  -0.09243866
0.35749120  -0.09148926
0.37433730  -0.09022503
0.39132052  -0.08865289
0.40842945  -0.08678136
0.42565331  -0.08462045
0.44298198  -0.08218175
0.46040593  -0.07947835
0.47791625  -0.07652486
0.49550459  -0.07333740
0.51316314  -0.06993358
0.53088467  -0.06633251
0.54866242  -0.06255477
0.56649016  -0.05862239
0.58436214  -0.05455889
0.60227305  -0.05038922
0.62021803  -0.04613976
0.63819266  -0.04183835
0.65619289  -0.03751423
0.67421508  -0.03319804
0.69225594  -0.02892185
0.71031254  -0.02471909
0.72838225  -0.02062460
0.74646278  -0.01667457
0.76455210  -0.01290657
0.78264847  -0.00935952
0.80075038  -0.00607367
0.81885656  -0.00309063
0.83696596  -0.00045330
0.85507770  0.00179407
0.87319109  0.00360595
0.89130559  0.00493550
0.90942079  0.00573459
0.92753640  0.00595382
0.94565221  0.00554253
0.96376812  0.00444878
0.98188406  0.00261941
1.00000000  0.00000000
