NN823
1.00000000  0.00000000
0.98188406  0.00976804
0.96376812  0.01900567
0.94565221  0.02776464
0.92753640  0.03609215
0.90942079  0.04403102
0.89130559  0.05161984
0.87319109  0.05889315
0.85507770  0.06588155
0.83696596  0.07261193
0.81885656  0.07910755
0.80075038  0.08538828
0.78264847  0.09147068
0.76455210  0.09736822
0.74646278  0.10309140
0.72838225  0.10864796
0.71031254  0.11404296
0.69225594  0.11927900
0.67421508  0.12435638
0.65619289  0.12927323
0.63819266  0.13402566
0.62021803  0.13860797
0.60227305  0.14301277
0.58436214  0.14723113
0.56649016  0.15125278
0.54866242  0.15506624
0.53088467  0.15865897
0.51316314  0.16201757
0.49550459  0.16512788
0.47791625  0.16797521
0.46040593  0.17054443
0.44298198  0.17282018
0.42565331  0.17478700
0.40842945  0.17642948
0.39132052  0.17773249
0.37433730  0.17868122
0.35749120  0.17926147
0.34079431  0.17945969
0.32425942  0.17926322
0.30790000  0.17866043
0.29173028  0.17764085
0.27576522  0.17619537
0.26002056  0.17431637
0.24451281  0.17199788
0.22925931  0.16923577
0.21427820  0.16602787
0.19958848  0.16237415
0.18521000  0.15827689
0.17116350  0.15374079
0.15747063  0.14877319
0.14415394  0.14338420
0.13123695  0.13758685
0.11874410  0.13139728
0.10670084  0.12483485
0.09513360  0.11792236
0.08406985  0.11068615
0.07353805  0.10315631
0.06356777  0.09536680
0.05418962  0.08735562
0.04543531  0.07916500
0.03733766  0.07084150
0.02993063  0.06243623
0.02324933  0.05400496
0.01733003  0.04560831
0.01221019  0.03731190
0.00792850  0.02918651
0.00452485  0.02130822
0.00204040  0.01375860
0.00051754  0.00662486
0.00000000  0.00000000
0.00000000  0.00000000
0.00051754  -0.00857367
0.00204040  -0.01655268
0.00452485  -0.02395911
0.00792850  -0.03081521
0.01221019  -0.03714325
0.01733003  -0.04296558
0.02324933  -0.04830454
0.02993063  -0.05318241
0.03733766  -0.05762139
0.04543531  -0.06164358
0.05418962  -0.06527088
0.06356777  -0.06852501
0.07353805  -0.07142742
0.08406985  -0.07399929
0.09513360  -0.07626147
0.10670084  -0.07823443
0.11874410  -0.07993824
0.13123695  -0.08139251
0.14415394  -0.08261637
0.15747063  -0.08362841
0.17116350  -0.08444664
0.18521000  -0.08508848
0.19958848  -0.08557068
0.21427820  -0.08590928
0.22925931  -0.08611962
0.24451281  -0.08621623
0.26002056  -0.08621285
0.27576522  -0.08612233
0.29173028  -0.08595666
0.30790000  -0.08572685
0.32425942  -0.08544297
0.34079431  -0.08511405
0.35749120  -0.08474804
0.37433730  -0.08435182
0.39132052  -0.08393112
0.40842945  -0.08349046
0.42565331  -0.08303318
0.44298198  -0.08256130
0.46040593  -0.08207560
0.47791625  -0.08157545
0.49550459  -0.08105887
0.51316314  -0.08052244
0.53088467  -0.07996129
0.54866242  -0.07936900
0.56649016  -0.07873765
0.58436214  -0.07805769
0.60227305  -0.07731795
0.62021803  -0.07650559
0.63819266  -0.07560607
0.65619289  -0.07460307
0.67421508  -0.07347850
0.69225594  -0.07221241
0.71031254  -0.07078300
0.72838225  -0.06916655
0.74646278  -0.06733735
0.76455210  -0.06526773
0.78264847  -0.06292797
0.80075038  -0.06028626
0.81885656  -0.05730869
0.83696596  -0.05395916
0.85507770  -0.05019941
0.87319109  -0.04598889
0.89130559  -0.04128480
0.90942079  -0.03604200
0.92753640  -0.03021301
0.94565221  -0.02374790
0.96376812  -0.01659435
0.98188406  -0.00869750
1.00000000  0.00000000
