NN8543
1.00000000  0.00000000
0.98188406  0.01513793
0.96376812  0.02976404
0.94565221  0.04386817
0.92753640  0.05744137
0.90942079  0.07047584
0.89130559  0.08296492
0.87319109  0.09490305
0.85507770  0.10628575
0.83696596  0.11710957
0.81885656  0.12737206
0.80075038  0.13707178
0.78264847  0.14620821
0.76455210  0.15478178
0.74646278  0.16279376
0.72838225  0.17024633
0.71031254  0.17714246
0.69225594  0.18348593
0.67421508  0.18928128
0.65619289  0.19453380
0.63819266  0.19924946
0.62021803  0.20343491
0.60227305  0.20709747
0.58436214  0.21024503
0.56649016  0.21288609
0.54866242  0.21502969
0.53088467  0.21668541
0.51316314  0.21786328
0.49550459  0.21857382
0.47791625  0.21882798
0.46040593  0.21863709
0.44298198  0.21801286
0.42565331  0.21696733
0.40842945  0.21551285
0.39132052  0.21366205
0.37433730  0.21142779
0.35749120  0.20882316
0.34079431  0.20586143
0.32425942  0.20255602
0.30790000  0.19892046
0.29173028  0.19496840
0.27576522  0.19071352
0.26002056  0.18616957
0.24451281  0.18135025
0.22925931  0.17626927
0.21427820  0.17094027
0.19958848  0.16537677
0.18521000  0.15959222
0.17116350  0.15359986
0.15747063  0.14741278
0.14415394  0.14104386
0.13123695  0.13450571
0.11874410  0.12781068
0.10670084  0.12097082
0.09513360  0.11399783
0.08406985  0.10690305
0.07353805  0.09969741
0.06356777  0.09239143
0.05418962  0.08499516
0.04543531  0.07751816
0.03733766  0.06996947
0.02993063  0.06235759
0.02324933  0.05469041
0.01733003  0.04697523
0.01221019  0.03921872
0.00792850  0.03142684
0.00452485  0.02360488
0.00204040  0.01575737
0.00051754  0.00788808
0.00000000  0.00000000
0.00000000  0.00000000
0.00051754  -0.00809882
0.00204040  -0.01600571
0.00452485  -0.02369873
0.00792850  -0.03115760
0.01221019  -0.03836372
0.01733003  -0.04530007
0.02324933  -0.05195124
0.02993063  -0.05830332
0.03733766  -0.06434393
0.04543531  -0.07006213
0.05418962  -0.07544844
0.06356777  -0.08049473
0.07353805  -0.08519425
0.08406985  -0.08954156
0.09513360  -0.09353249
0.10670084  -0.09716412
0.11874410  -0.10043473
0.13123695  -0.10334378
0.14415394  -0.10589184
0.15747063  -0.10808059
0.17116350  -0.10991277
0.18521000  -0.11139211
0.19958848  -0.11252336
0.21427820  -0.11331220
0.22925931  -0.11376522
0.24451281  -0.11388987
0.26002056  -0.11369445
0.27576522  -0.11318806
0.29173028  -0.11238054
0.30790000  -0.11128249
0.32425942  -0.10990515
0.34079431  -0.10826045
0.35749120  -0.10636091
0.37433730  -0.10421964
0.39132052  -0.10185027
0.40842945  -0.09926696
0.42565331  -0.09648430
0.44298198  -0.09351735
0.46040593  -0.09038151
0.47791625  -0.08709259
0.49550459  -0.08366666
0.51316314  -0.08012012
0.53088467  -0.07646958
0.54866242  -0.07273188
0.56649016  -0.06892399
0.58436214  -0.06506306
0.60227305  -0.06116631
0.62021803  -0.05725101
0.63819266  -0.05333447
0.65619289  -0.04943397
0.67421508  -0.04556675
0.69225594  -0.04174994
0.71031254  -0.03800057
0.72838225  -0.03433548
0.74646278  -0.03077133
0.76455210  -0.02732452
0.78264847  -0.02401120
0.80075038  -0.02084719
0.81885656  -0.01784796
0.83696596  -0.01502860
0.85507770  -0.01240379
0.87319109  -0.00998773
0.89130559  -0.00779413
0.90942079  -0.00583616
0.92753640  -0.00412644
0.94565221  -0.00267695
0.96376812  -0.00149906
0.98188406  -0.00060342
1.00000000  0.00000000
