NN8504
1.00000000  0.00000000
0.98188406  0.01728130
0.96376812  0.03331135
0.94565221  0.04816008
0.92753640  0.06189445
0.90942079  0.07457852
0.89130559  0.08627350
0.87319109  0.09703779
0.85507770  0.10692709
0.83696596  0.11599440
0.81885656  0.12429010
0.80075038  0.13186201
0.78264847  0.13875544
0.76455210  0.14501327
0.74646278  0.15067595
0.72838225  0.15578163
0.71031254  0.16036616
0.69225594  0.16446317
0.67421508  0.16810415
0.65619289  0.17131844
0.63819266  0.17413336
0.62021803  0.17657424
0.60227305  0.17866445
0.58436214  0.18042549
0.56649016  0.18187704
0.54866242  0.18303702
0.53088467  0.18392163
0.51316314  0.18454543
0.49550459  0.18492136
0.47791625  0.18506087
0.46040593  0.18497387
0.44298198  0.18466890
0.42565331  0.18415309
0.40842945  0.18343230
0.39132052  0.18251110
0.37433730  0.18139288
0.35749120  0.18007991
0.34079431  0.17857335
0.32425942  0.17687334
0.30790000  0.17497907
0.29173028  0.17288880
0.27576522  0.17059995
0.26002056  0.16810913
0.24451281  0.16541222
0.22925931  0.16250442
0.21427820  0.15938029
0.19958848  0.15603383
0.18521000  0.15245853
0.17116350  0.14864743
0.15747063  0.14459315
0.14415394  0.14028800
0.13123695  0.13572398
0.11874410  0.13089288
0.10670084  0.12578631
0.09513360  0.12039578
0.08406985  0.11471272
0.07353805  0.10872859
0.06356777  0.10243489
0.05418962  0.09582324
0.04543531  0.08888543
0.03733766  0.08161348
0.02993063  0.07399970
0.02324933  0.06603674
0.01733003  0.05771765
0.01221019  0.04903594
0.00792850  0.03998563
0.00452485  0.03056131
0.00204040  0.02075821
0.00051754  0.01057222
0.00000000  0.00000000
0.00000000  0.00000000
0.00051754  -0.00412133
0.00204040  -0.00806223
0.00452485  -0.01180693
0.00792850  -0.01534191
0.01221019  -0.01865575
0.01733003  -0.02173907
0.02324933  -0.02458446
0.02993063  -0.02718637
0.03733766  -0.02954104
0.04543531  -0.03164642
0.05418962  -0.03350208
0.06356777  -0.03510912
0.07353805  -0.03647010
0.08406985  -0.03758892
0.09513360  -0.03847081
0.10670084  -0.03912217
0.11874410  -0.03955051
0.13123695  -0.03976438
0.14415394  -0.03977329
0.15747063  -0.03958758
0.17116350  -0.03921841
0.18521000  -0.03867761
0.19958848  -0.03797761
0.21427820  -0.03713139
0.22925931  -0.03615236
0.24451281  -0.03505429
0.26002056  -0.03385123
0.27576522  -0.03255740
0.29173028  -0.03118715
0.30790000  -0.02975484
0.32425942  -0.02827477
0.34079431  -0.02676109
0.35749120  -0.02522771
0.37433730  -0.02368825
0.39132052  -0.02215592
0.40842945  -0.02064342
0.42565331  -0.01916293
0.44298198  -0.01772594
0.46040593  -0.01634323
0.47791625  -0.01502473
0.49550459  -0.01377951
0.51316314  -0.01261561
0.53088467  -0.01154002
0.54866242  -0.01055856
0.56649016  -0.00967583
0.58436214  -0.00889509
0.60227305  -0.00821820
0.62021803  -0.00764551
0.63819266  -0.00717581
0.65619289  -0.00680623
0.67421508  -0.00653215
0.69225594  -0.00634710
0.71031254  -0.00624274
0.72838225  -0.00620870
0.74646278  -0.00623254
0.76455210  -0.00629964
0.78264847  -0.00639315
0.80075038  -0.00649388
0.81885656  -0.00658021
0.83696596  -0.00662804
0.85507770  -0.00661066
0.87319109  -0.00649870
0.89130559  -0.00626003
0.90942079  -0.00585970
0.92753640  -0.00525982
0.94565221  -0.00441949
0.96376812  -0.00329473
0.98188406  -0.00183837
1.00000000  0.00000000
