NN8515
1.00000000  0.00000000
0.98188406  0.01205781
0.96376812  0.02321164
0.94565221  0.03352656
0.92753640  0.04306422
0.90942079  0.05188289
0.89130559  0.06003757
0.87319109  0.06758005
0.85507770  0.07455897
0.83696596  0.08101992
0.81885656  0.08700551
0.80075038  0.09255544
0.78264847  0.09770657
0.76455210  0.10249302
0.74646278  0.10694621
0.72838225  0.11109496
0.71031254  0.11496558
0.69225594  0.11858191
0.67421508  0.12196541
0.65619289  0.12513523
0.63819266  0.12810833
0.62021803  0.13089947
0.60227305  0.13352138
0.58436214  0.13598476
0.56649016  0.13829841
0.54866242  0.14046925
0.53088467  0.14250246
0.51316314  0.14440150
0.49550459  0.14616824
0.47791625  0.14780296
0.46040593  0.14930452
0.44298198  0.15067035
0.42565331  0.15189657
0.40842945  0.15297807
0.39132052  0.15390857
0.37433730  0.15468068
0.35749120  0.15528602
0.34079431  0.15571526
0.32425942  0.15595821
0.30790000  0.15600389
0.29173028  0.15584059
0.27576522  0.15545600
0.26002056  0.15483722
0.24451281  0.15397088
0.22925931  0.15284318
0.21427820  0.15144003
0.19958848  0.14974702
0.18521000  0.14774962
0.17116350  0.14543314
0.15747063  0.14278290
0.14415394  0.13978425
0.13123695  0.13642265
0.11874410  0.13268377
0.10670084  0.12855354
0.09513360  0.12401826
0.08406985  0.11906462
0.07353805  0.11367984
0.06356777  0.10785170
0.05418962  0.10156864
0.04543531  0.09481980
0.03733766  0.08759516
0.02993063  0.07988555
0.02324933  0.07168276
0.01733003  0.06297961
0.01221019  0.05377004
0.00792850  0.04404914
0.00452485  0.03381328
0.00204040  0.02306016
0.00051754  0.01178887
0.00000000  0.00000000
0.00000000  0.00000000
0.00051754  -0.00075933
0.00204040  -0.00225018
0.00452485  -0.00437263
0.00792850  -0.00703331
0.01221019  -0.01014515
0.01733003  -0.01362725
0.02324933  -0.01740464
0.02993063  -0.02140809
0.03733766  -0.02557395
0.04543531  -0.02984392
0.05418962  -0.03416486
0.06356777  -0.03848864
0.07353805  -0.04277189
0.08406985  -0.04697582
0.09513360  -0.05106607
0.10670084  -0.05501245
0.11874410  -0.05878879
0.13123695  -0.06237275
0.14415394  -0.06574560
0.15747063  -0.06889204
0.17116350  -0.07180000
0.18521000  -0.07446045
0.19958848  -0.07686724
0.21427820  -0.07901682
0.22925931  -0.08090816
0.24451281  -0.08254245
0.26002056  -0.08392298
0.27576522  -0.08505491
0.29173028  -0.08594509
0.30790000  -0.08660187
0.32425942  -0.08703489
0.34079431  -0.08725491
0.35749120  -0.08727358
0.37433730  -0.08710329
0.39132052  -0.08675696
0.40842945  -0.08624781
0.42565331  -0.08558924
0.44298198  -0.08479456
0.46040593  -0.08387687
0.47791625  -0.08284878
0.49550459  -0.08172230
0.51316314  -0.08050862
0.53088467  -0.07921786
0.54866242  -0.07785898
0.56649016  -0.07643949
0.58436214  -0.07496531
0.60227305  -0.07344058
0.62021803  -0.07186742
0.63819266  -0.07024579
0.65619289  -0.06857326
0.67421508  -0.06684484
0.69225594  -0.06505277
0.71031254  -0.06318633
0.72838225  -0.06123165
0.74646278  -0.05917152
0.76455210  -0.05698520
0.78264847  -0.05464818
0.80075038  -0.05213208
0.81885656  -0.04940436
0.83696596  -0.04642818
0.85507770  -0.04316221
0.87319109  -0.03956038
0.89130559  -0.03557178
0.90942079  -0.03114037
0.92753640  -0.02620485
0.94565221  -0.02069844
0.96376812  -0.01454871
0.98188406  -0.00767735
1.00000000  0.00000000
