NN8517
1.00000000  0.00000000
0.98188406  0.02144173
0.96376812  0.04161011
0.94565221  0.06054044
0.92753640  0.07826763
0.90942079  0.09482628
0.89130559  0.11025060
0.87319109  0.12457448
0.85507770  0.13783142
0.83696596  0.15005458
0.81885656  0.16127674
0.80075038  0.17153031
0.78264847  0.18084733
0.76455210  0.18925945
0.74646278  0.19679795
0.72838225  0.20349372
0.71031254  0.20937726
0.69225594  0.21447867
0.67421508  0.21882766
0.65619289  0.22245353
0.63819266  0.22538519
0.62021803  0.22765113
0.60227305  0.22927943
0.58436214  0.23029775
0.56649016  0.23073333
0.54866242  0.23061300
0.53088467  0.22996314
0.51316314  0.22880971
0.49550459  0.22717824
0.47791625  0.22509381
0.46040593  0.22258107
0.44298198  0.21966422
0.42565331  0.21636698
0.40842945  0.21271267
0.39132052  0.20872411
0.37433730  0.20442368
0.35749120  0.19983328
0.34079431  0.19497434
0.32425942  0.18986784
0.30790000  0.18453426
0.29173028  0.17899361
0.27576522  0.17326542
0.26002056  0.16736871
0.24451281  0.16132203
0.22925931  0.15514343
0.21427820  0.14885045
0.19958848  0.14246015
0.18521000  0.13598906
0.17116350  0.12945321
0.15747063  0.12286811
0.14415394  0.11624876
0.13123695  0.10960963
0.11874410  0.10296467
0.10670084  0.09632729
0.09513360  0.08971039
0.08406985  0.08312632
0.07353805  0.07658686
0.06356777  0.07010330
0.05418962  0.06368635
0.04543531  0.05734616
0.03733766  0.05109235
0.02993063  0.04493396
0.02324933  0.03887947
0.01733003  0.03293681
0.01221019  0.02711331
0.00792850  0.02141576
0.00452485  0.01585033
0.00204040  0.01042264
0.00051754  0.00513772
0.00000000  0.00000000
0.00000000  0.00000000
0.00051754  -0.01170427
0.00204040  -0.02210185
0.00452485  -0.03128424
0.00792850  -0.03933903
0.01221019  -0.04634999
0.01733003  -0.05239714
0.02324933  -0.05755686
0.02993063  -0.06190189
0.03733766  -0.06550149
0.04543531  -0.06842143
0.05418962  -0.07072414
0.06356777  -0.07246872
0.07353805  -0.07371106
0.08406985  -0.07450388
0.09513360  -0.07489684
0.10670084  -0.07493658
0.11874410  -0.07466681
0.13123695  -0.07412837
0.14415394  -0.07335934
0.15747063  -0.07239507
0.17116350  -0.07126827
0.18521000  -0.07000910
0.19958848  -0.06864522
0.21427820  -0.06720188
0.22925931  -0.06570198
0.24451281  -0.06416615
0.26002056  -0.06261285
0.27576522  -0.06105839
0.29173028  -0.05951704
0.30790000  -0.05800110
0.32425942  -0.05652098
0.34079431  -0.05508524
0.35749120  -0.05370072
0.37433730  -0.05237255
0.39132052  -0.05110428
0.40842945  -0.04989792
0.42565331  -0.04875402
0.44298198  -0.04767176
0.46040593  -0.04664899
0.47791625  -0.04568234
0.49550459  -0.04476727
0.51316314  -0.04389818
0.53088467  -0.04306841
0.54866242  -0.04227039
0.56649016  -0.04149569
0.58436214  -0.04073506
0.60227305  -0.03997855
0.62021803  -0.03921558
0.63819266  -0.03843496
0.65619289  -0.03762503
0.67421508  -0.03677370
0.69225594  -0.03586855
0.71031254  -0.03489684
0.72838225  -0.03384567
0.74646278  -0.03270198
0.76455210  -0.03145269
0.78264847  -0.03008472
0.80075038  -0.02858507
0.81885656  -0.02694094
0.83696596  -0.02513974
0.85507770  -0.02316921
0.87319109  -0.02101748
0.89130559  -0.01867313
0.90942079  -0.01612530
0.92753640  -0.01336371
0.94565221  -0.01037879
0.96376812  -0.00716170
0.98188406  -0.00370447
1.00000000  0.00000000
