NN8688
1.00000000  0.00000000
0.98188406  0.00390528
0.96376812  0.00814266
0.94565221  0.01270752
0.92753640  0.01759238
0.90942079  0.02278703
0.89130559  0.02827875
0.87319109  0.03405236
0.85507770  0.04009044
0.83696596  0.04637347
0.81885656  0.05287992
0.80075038  0.05958649
0.78264847  0.06646818
0.76455210  0.07349846
0.74646278  0.08064944
0.72838225  0.08789201
0.71031254  0.09519595
0.69225594  0.10253014
0.67421508  0.10986265
0.65619289  0.11716093
0.63819266  0.12439193
0.62021803  0.13152226
0.60227305  0.13851835
0.58436214  0.14534657
0.56649016  0.15197340
0.54866242  0.15836557
0.53088467  0.16449019
0.51316314  0.17031495
0.49550459  0.17580821
0.47791625  0.18093918
0.46040593  0.18567805
0.44298198  0.18999616
0.42565331  0.19386612
0.40842945  0.19726198
0.39132052  0.20015939
0.37433730  0.20253570
0.35749120  0.20437015
0.34079431  0.20564400
0.32425942  0.20634068
0.30790000  0.20644594
0.29173028  0.20594802
0.27576522  0.20483774
0.26002056  0.20310871
0.24451281  0.20075744
0.22925931  0.19778349
0.21427820  0.19418965
0.19958848  0.18998205
0.18521000  0.18517031
0.17116350  0.17976774
0.15747063  0.17379141
0.14415394  0.16726234
0.13123695  0.16020567
0.11874410  0.15265076
0.10670084  0.14463136
0.09513360  0.13618577
0.08406985  0.12735695
0.07353805  0.11819273
0.06356777  0.10874589
0.05418962  0.09907435
0.04543531  0.08924131
0.03733766  0.07931538
0.02993063  0.06937077
0.02324933  0.05948737
0.01733003  0.04975098
0.01221019  0.04025339
0.00792850  0.03109256
0.00452485  0.02237275
0.00204040  0.01420471
0.00051754  0.00670576
0.00000000  0.00000000
0.00000000  0.00000000
0.00051754  -0.00063371
0.00204040  -0.00158375
0.00452485  -0.00282573
0.00792850  -0.00433541
0.01221019  -0.00608876
0.01733003  -0.00806195
0.02324933  -0.01023143
0.02993063  -0.01257393
0.03733766  -0.01506648
0.04543531  -0.01768649
0.05418962  -0.02041171
0.06356777  -0.02322035
0.07353805  -0.02609102
0.08406985  -0.02900283
0.09513360  -0.03193539
0.10670084  -0.03486885
0.11874410  -0.03778393
0.13123695  -0.04066194
0.14415394  -0.04348484
0.15747063  -0.04623523
0.17116350  -0.04889643
0.18521000  -0.05145248
0.19958848  -0.05388816
0.21427820  -0.05618906
0.22925931  -0.05834159
0.24451281  -0.06033299
0.26002056  -0.06215141
0.27576522  -0.06378590
0.29173028  -0.06522647
0.30790000  -0.06646409
0.32425942  -0.06749075
0.34079431  -0.06829949
0.35749120  -0.06888439
0.37433730  -0.06924068
0.39132052  -0.06936468
0.40842945  -0.06925392
0.42565331  -0.06890708
0.44298198  -0.06832411
0.46040593  -0.06750620
0.47791625  -0.06645585
0.49550459  -0.06517686
0.51316314  -0.06367440
0.53088467  -0.06195502
0.54866242  -0.06002670
0.56649016  -0.05789886
0.58436214  -0.05558239
0.60227305  -0.05308973
0.62021803  -0.05043482
0.63819266  -0.04763320
0.65619289  -0.04470201
0.67421508  -0.04166002
0.69225594  -0.03852770
0.71031254  -0.03532719
0.72838225  -0.03208236
0.74646278  -0.02881888
0.76455210  -0.02556417
0.78264847  -0.02234751
0.80075038  -0.01920002
0.81885656  -0.01615473
0.83696596  -0.01324656
0.85507770  -0.01051242
0.87319109  -0.00799116
0.89130559  -0.00572369
0.90942079  -0.00375294
0.92753640  -0.00212392
0.94565221  -0.00088377
0.96376812  -0.00008173
0.98188406  0.00023074
1.00000000  0.00000000
