NN8603
1.00000000  0.00000000
0.98188406  0.01198825
0.96376812  0.02313949
0.94565221  0.03349090
0.92753640  0.04307825
0.90942079  0.05193595
0.89130559  0.06009706
0.87319109  0.06759336
0.85507770  0.07445534
0.83696596  0.08071228
0.81885656  0.08639228
0.80075038  0.09152227
0.78264847  0.09612805
0.76455210  0.10023437
0.74646278  0.10386489
0.72838225  0.10704230
0.71031254  0.10978829
0.69225594  0.11212362
0.67421508  0.11406815
0.65619289  0.11564086
0.63819266  0.11685992
0.62021803  0.11774268
0.60227305  0.11830576
0.58436214  0.11856504
0.56649016  0.11853570
0.54866242  0.11823230
0.53088467  0.11766877
0.51316314  0.11685845
0.49550459  0.11581417
0.47791625  0.11454821
0.46040593  0.11307242
0.44298198  0.11139819
0.42565331  0.10953653
0.40842945  0.10749806
0.39132052  0.10529310
0.37433730  0.10293167
0.35749120  0.10042353
0.34079431  0.09777824
0.32425942  0.09500516
0.30790000  0.09211351
0.29173028  0.08911240
0.27576522  0.08601087
0.26002056  0.08281790
0.24451281  0.07954250
0.22925931  0.07619370
0.21427820  0.07278059
0.19958848  0.06931238
0.18521000  0.06579842
0.17116350  0.06224822
0.15747063  0.05867154
0.14415394  0.05507836
0.13123695  0.05147895
0.11874410  0.04788391
0.10670084  0.04430420
0.09513360  0.04075116
0.08406985  0.03723659
0.07353805  0.03377272
0.06356777  0.03037229
0.05418962  0.02704861
0.04543531  0.02381553
0.03733766  0.02068752
0.02993063  0.01767970
0.02324933  0.01480787
0.01733003  0.01208855
0.01221019  0.00953901
0.00792850  0.00717732
0.00452485  0.00502237
0.00204040  0.00309391
0.00051754  0.00141259
0.00000000  0.00000000
0.00000000  0.00000000
0.00051754  -0.00759045
0.00204040  -0.01416950
0.00452485  -0.01983076
0.00792850  -0.02466178
0.01221019  -0.02874425
0.01733003  -0.03215422
0.02324933  -0.03496226
0.02993063  -0.03723365
0.03733766  -0.03902860
0.04543531  -0.04040243
0.05418962  -0.04140578
0.06356777  -0.04208476
0.07353805  -0.04248119
0.08406985  -0.04263277
0.09513360  -0.04257329
0.10670084  -0.04233279
0.11874410  -0.04193779
0.13123695  -0.04141148
0.14415394  -0.04077387
0.15747063  -0.04004206
0.17116350  -0.03923035
0.18521000  -0.03835050
0.19958848  -0.03741188
0.21427820  -0.03642169
0.22925931  -0.03538514
0.24451281  -0.03430564
0.26002056  -0.03318502
0.27576522  -0.03202369
0.29173028  -0.03082085
0.30790000  -0.02957468
0.32425942  -0.02828253
0.34079431  -0.02694114
0.35749120  -0.02554678
0.37433730  -0.02409550
0.39132052  -0.02258329
0.40842945  -0.02100627
0.42565331  -0.01936092
0.44298198  -0.01764423
0.46040593  -0.01585392
0.47791625  -0.01398862
0.49550459  -0.01204808
0.51316314  -0.01003335
0.53088467  -0.00794697
0.54866242  -0.00579317
0.56649016  -0.00357807
0.58436214  -0.00130987
0.60227305  0.00100098
0.62021803  0.00334154
0.63819266  0.00569623
0.65619289  0.00804661
0.67421508  0.01037120
0.69225594  0.01264528
0.71031254  0.01484071
0.72838225  0.01692570
0.74646278  0.01886467
0.76455210  0.02061801
0.78264847  0.02214190
0.80075038  0.02338815
0.81885656  0.02430394
0.83696596  0.02483170
0.85507770  0.02490885
0.87319109  0.02446766
0.89130559  0.02343502
0.90942079  0.02173227
0.92753640  0.01927499
0.94565221  0.01597281
0.96376812  0.01172923
0.98188406  0.00644142
1.00000000  0.00000000
