NN8684
1.00000000  0.00000000
0.98188406  0.01214414
0.96376812  0.02361087
0.94565221  0.03442854
0.92753640  0.04462469
0.90942079  0.05422609
0.89130559  0.06325872
0.87319109  0.07174776
0.85507770  0.07971761
0.83696596  0.08719185
0.81885656  0.09419326
0.80075038  0.10074379
0.78264847  0.10686458
0.76455210  0.11257594
0.74646278  0.11789737
0.72838225  0.12284749
0.71031254  0.12744412
0.69225594  0.13170421
0.67421508  0.13564385
0.65619289  0.13927830
0.63819266  0.14262192
0.62021803  0.14568823
0.60227305  0.14848986
0.58436214  0.15103856
0.56649016  0.15334520
0.54866242  0.15541975
0.53088467  0.15727129
0.51316314  0.15890800
0.49550459  0.16033715
0.47791625  0.16156508
0.46040593  0.16259724
0.44298198  0.16343813
0.42565331  0.16409134
0.40842945  0.16455951
0.39132052  0.16484435
0.37433730  0.16494662
0.35749120  0.16486613
0.34079431  0.16460173
0.32425942  0.16415130
0.30790000  0.16351178
0.29173028  0.16267910
0.27576522  0.16164824
0.26002056  0.16041318
0.24451281  0.15896691
0.22925931  0.15730144
0.21427820  0.15540777
0.19958848  0.15327588
0.18521000  0.15089477
0.17116350  0.14825239
0.15747063  0.14533569
0.14415394  0.14213058
0.13123695  0.13862194
0.11874410  0.13479363
0.10670084  0.13062842
0.09513360  0.12610808
0.08406985  0.12121329
0.07353805  0.11592369
0.06356777  0.11021785
0.05418962  0.10407326
0.04543531  0.09746634
0.03733766  0.09037242
0.02993063  0.08276576
0.02324933  0.07461950
0.01733003  0.06590571
0.01221019  0.05659533
0.00792850  0.04665822
0.00452485  0.03606308
0.00204040  0.02477753
0.00051754  0.01276806
0.00000000  0.00000000
0.00000000  0.00000000
0.00051754  -0.00341854
0.00204040  -0.00641596
0.00452485  -0.00903837
0.00792850  -0.01132918
0.01221019  -0.01332920
0.01733003  -0.01507667
0.02324933  -0.01660734
0.02993063  -0.01795450
0.03733766  -0.01914907
0.04543531  -0.02021963
0.05418962  -0.02119250
0.06356777  -0.02209179
0.07353805  -0.02293943
0.08406985  -0.02375528
0.09513360  -0.02455715
0.10670084  -0.02536087
0.11874410  -0.02618035
0.13123695  -0.02702763
0.14415394  -0.02791293
0.15747063  -0.02884474
0.17116350  -0.02982984
0.18521000  -0.03087340
0.19958848  -0.03197899
0.21427820  -0.03314866
0.22925931  -0.03438301
0.24451281  -0.03568123
0.26002056  -0.03704118
0.27576522  -0.03845939
0.29173028  -0.03993121
0.30790000  -0.04145079
0.32425942  -0.04301116
0.34079431  -0.04460431
0.35749120  -0.04622123
0.37433730  -0.04785194
0.39132052  -0.04948562
0.40842945  -0.05111059
0.42565331  -0.05271441
0.44298198  -0.05428394
0.46040593  -0.05580537
0.47791625  -0.05726432
0.49550459  -0.05864584
0.51316314  -0.05993453
0.53088467  -0.06111456
0.54866242  -0.06216972
0.56649016  -0.06308351
0.58436214  -0.06383918
0.60227305  -0.06441979
0.62021803  -0.06480826
0.63819266  -0.06498744
0.65619289  -0.06494017
0.67421508  -0.06464931
0.69225594  -0.06409784
0.71031254  -0.06326889
0.72838225  -0.06214579
0.74646278  -0.06071216
0.76455210  -0.05895194
0.78264847  -0.05684946
0.80075038  -0.05438949
0.81885656  -0.05155732
0.83696596  -0.04833877
0.85507770  -0.04472030
0.87319109  -0.04068905
0.89130559  -0.03623288
0.90942079  -0.03134045
0.92753640  -0.02600126
0.94565221  -0.02020572
0.96376812  -0.01394522
0.98188406  -0.00721215
1.00000000  0.00000000
