NN897
1.00000000  0.00000000
0.98188406  0.01251094
0.96376812  0.02469856
0.94565221  0.03655299
0.92753640  0.04806426
0.90942079  0.05922237
0.89130559  0.07001736
0.87319109  0.08043928
0.85507770  0.09047833
0.83696596  0.10012480
0.81885656  0.10936920
0.80075038  0.11820223
0.78264847  0.12661490
0.76455210  0.13459848
0.74646278  0.14214462
0.72838225  0.14924537
0.71031254  0.15589319
0.69225594  0.16208104
0.67421508  0.16780239
0.65619289  0.17305128
0.63819266  0.17782234
0.62021803  0.18211087
0.60227305  0.18591283
0.58436214  0.18922495
0.56649016  0.19204471
0.54866242  0.19437041
0.53088467  0.19620120
0.51316314  0.19753716
0.49550459  0.19837928
0.47791625  0.19872957
0.46040593  0.19859103
0.44298198  0.19796777
0.42565331  0.19686499
0.40842945  0.19528905
0.39132052  0.19324750
0.37433730  0.19074916
0.35749120  0.18780409
0.34079431  0.18442371
0.32425942  0.18062079
0.30790000  0.17640951
0.29173028  0.17180551
0.27576522  0.16682593
0.26002056  0.16148941
0.24451281  0.15581622
0.22925931  0.14982822
0.21427820  0.14354893
0.19958848  0.13700360
0.18521000  0.13021921
0.17116350  0.12322454
0.15747063  0.11605019
0.14415394  0.10872865
0.13123695  0.10129432
0.11874410  0.09378357
0.10670084  0.08623475
0.09513360  0.07868827
0.08406985  0.07118664
0.07353805  0.06377448
0.06356777  0.05649858
0.05418962  0.04940795
0.04543531  0.04255387
0.03733766  0.03598990
0.02993063  0.02977195
0.02324933  0.02395831
0.01733003  0.01860969
0.01221019  0.01378928
0.00792850  0.00956278
0.00452485  0.00599844
0.00204040  0.00316709
0.00051754  0.00114223
0.00000000  0.00000000
0.00000000  0.00000000
0.00051754  -0.00314648
0.00204040  -0.00589672
0.00452485  -0.00830431
0.00792850  -0.01041953
0.01221019  -0.01228945
0.01733003  -0.01395793
0.02324933  -0.01546577
0.02993063  -0.01685072
0.03733766  -0.01814755
0.04543531  -0.01938816
0.05418962  -0.02060160
0.06356777  -0.02181417
0.07353805  -0.02304946
0.08406985  -0.02432845
0.09513360  -0.02566955
0.10670084  -0.02708868
0.11874410  -0.02859935
0.13123695  -0.03021268
0.14415394  -0.03193754
0.15747063  -0.03378056
0.17116350  -0.03574621
0.18521000  -0.03783689
0.19958848  -0.04005298
0.21427820  -0.04239290
0.22925931  -0.04485320
0.24451281  -0.04742860
0.26002056  -0.05011209
0.27576522  -0.05289496
0.29173028  -0.05576693
0.30790000  -0.05871612
0.32425942  -0.06172921
0.34079431  -0.06479147
0.35749120  -0.06788681
0.37433730  -0.07099790
0.39132052  -0.07410616
0.40842945  -0.07719192
0.42565331  -0.08023440
0.44298198  -0.08321184
0.46040593  -0.08610154
0.47791625  -0.08887994
0.49550459  -0.09152266
0.51316314  -0.09400461
0.53088467  -0.09630004
0.54866242  -0.09838258
0.56649016  -0.10022534
0.58436214  -0.10180099
0.60227305  -0.10308178
0.62021803  -0.10403965
0.63819266  -0.10464628
0.65619289  -0.10487316
0.67421508  -0.10469165
0.69225594  -0.10407306
0.71031254  -0.10298872
0.72838225  -0.10141005
0.74646278  -0.09930858
0.76455210  -0.09665610
0.78264847  -0.09342465
0.80075038  -0.08958666
0.81885656  -0.08511493
0.83696596  -0.07998279
0.85507770  -0.07416411
0.87319109  -0.06763337
0.89130559  -0.06036576
0.90942079  -0.05233722
0.92753640  -0.04352452
0.94565221  -0.03390530
0.96376812  -0.02345819
0.98188406  -0.01216284
1.00000000  0.00000000
