NN8904
1.00000000  0.00000000
0.98188406  0.01104505
0.96376812  0.02163199
0.94565221  0.03180383
0.92753640  0.04159974
0.90942079  0.05105513
0.89130559  0.06020179
0.87319109  0.06906801
0.85507770  0.07767869
0.83696596  0.08605552
0.81885656  0.09421704
0.80075038  0.10217879
0.78264847  0.10995346
0.76455210  0.11755097
0.74646278  0.12497864
0.72838225  0.13224128
0.71031254  0.13934132
0.69225594  0.14627897
0.67421508  0.15305230
0.65619289  0.15965737
0.63819266  0.16608841
0.62021803  0.17233787
0.60227305  0.17839659
0.58436214  0.18425391
0.56649016  0.18989781
0.54866242  0.19531502
0.53088467  0.20049115
0.51316314  0.20541082
0.49550459  0.21005776
0.47791625  0.21441498
0.46040593  0.21846486
0.44298198  0.22218928
0.42565331  0.22556977
0.40842945  0.22858759
0.39132052  0.23122390
0.37433730  0.23345986
0.35749120  0.23527677
0.34079431  0.23665618
0.32425942  0.23758000
0.30790000  0.23803069
0.29173028  0.23799131
0.27576522  0.23744569
0.26002056  0.23637854
0.24451281  0.23477558
0.22925931  0.23262365
0.21427820  0.22991086
0.19958848  0.22662670
0.18521000  0.22276218
0.17116350  0.21830992
0.15747063  0.21326431
0.14415394  0.20762163
0.13123695  0.20138016
0.11874410  0.19454032
0.10670084  0.18710478
0.09513360  0.17907859
0.08406985  0.17046934
0.07353805  0.16128721
0.06356777  0.15154518
0.05418962  0.14125909
0.04543531  0.13044781
0.03733766  0.11913331
0.02993063  0.10734085
0.02324933  0.09509908
0.01733003  0.08244013
0.01221019  0.06939980
0.00792850  0.05601762
0.00452485  0.04233703
0.00204040  0.02840547
0.00051754  0.01427451
0.00000000  0.00000000
0.00000000  0.00000000
0.00051754  -0.00044391
0.00204040  -0.00125930
0.00452485  -0.00240828
0.00792850  -0.00385381
0.01221019  -0.00555980
0.01733003  -0.00749107
0.02324933  -0.00961342
0.02993063  -0.01189365
0.03733766  -0.01429959
0.04543531  -0.01680012
0.05418962  -0.01936520
0.06356777  -0.02196590
0.07353805  -0.02457443
0.08406985  -0.02716419
0.09513360  -0.02970974
0.10670084  -0.03218689
0.11874410  -0.03457270
0.13123695  -0.03684551
0.14415394  -0.03898497
0.15747063  -0.04097207
0.17116350  -0.04278917
0.18521000  -0.04442001
0.19958848  -0.04584978
0.21427820  -0.04706512
0.22925931  -0.04805412
0.24451281  -0.04880641
0.26002056  -0.04931316
0.27576522  -0.04956709
0.29173028  -0.04956251
0.30790000  -0.04929539
0.32425942  -0.04876331
0.34079431  -0.04796556
0.35749120  -0.04690311
0.37433730  -0.04557871
0.39132052  -0.04399683
0.40842945  -0.04216376
0.42565331  -0.04008762
0.44298198  -0.03777836
0.46040593  -0.03524782
0.47791625  -0.03250974
0.49550459  -0.02957982
0.51316314  -0.02647571
0.53088467  -0.02321703
0.54866242  -0.01982547
0.56649016  -0.01632474
0.58436214  -0.01274063
0.60227305  -0.00910104
0.62021803  -0.00543602
0.63819266  -0.00177776
0.65619289  0.00183934
0.67421508  0.00537867
0.69225594  0.00880135
0.71031254  0.01206624
0.72838225  0.01512990
0.74646278  0.01794653
0.76455210  0.02046798
0.78264847  0.02264372
0.80075038  0.02442078
0.81885656  0.02574375
0.83696596  0.02655473
0.85507770  0.02679335
0.87319109  0.02639666
0.89130559  0.02529918
0.90942079  0.02343282
0.92753640  0.02072688
0.94565221  0.01710801
0.96376812  0.01250019
0.98188406  0.00682467
1.00000000  0.00000000
