NN8978
1.00000000  0.00000000
0.98188406  0.01204499
0.96376812  0.02334475
0.94565221  0.03393489
0.92753640  0.04384899
0.90942079  0.05311873
0.89130559  0.06177390
0.87319109  0.06984252
0.85507770  0.07735088
0.83696596  0.08432362
0.81885656  0.09078379
0.80075038  0.09675293
0.78264847  0.10225114
0.76455210  0.10729714
0.74646278  0.11190836
0.72838225  0.11610097
0.71031254  0.11988999
0.69225594  0.12328935
0.67421508  0.12631193
0.65619289  0.12896968
0.63819266  0.13127364
0.62021803  0.13323405
0.60227305  0.13486038
0.58436214  0.13616144
0.56649016  0.13714543
0.54866242  0.13781998
0.53088467  0.13819230
0.51316314  0.13826915
0.49550459  0.13805699
0.47791625  0.13756200
0.46040593  0.13679017
0.44298198  0.13574739
0.42565331  0.13443946
0.40842945  0.13287222
0.39132052  0.13105159
0.37433730  0.12898364
0.35749120  0.12667466
0.34079431  0.12413126
0.32425942  0.12136038
0.30790000  0.11836941
0.29173028  0.11516625
0.27576522  0.11175935
0.26002056  0.10815782
0.24451281  0.10437148
0.22925931  0.10041091
0.21427820  0.09628757
0.19958848  0.09201381
0.18521000  0.08760300
0.17116350  0.08306954
0.15747063  0.07842898
0.14415394  0.07369805
0.13123695  0.06889475
0.11874410  0.06403843
0.10670084  0.05914984
0.09513360  0.05425119
0.08406985  0.04936625
0.07353805  0.04452042
0.06356777  0.03974074
0.05418962  0.03505605
0.04543531  0.03049699
0.03733766  0.02609609
0.02993063  0.02188785
0.02324933  0.01790880
0.01733003  0.01419757
0.01221019  0.01079496
0.00792850  0.00774402
0.00452485  0.00509009
0.00204040  0.00288090
0.00051754  0.00116664
0.00000000  0.00000000
0.00000000  0.00000000
0.00051754  -0.00189374
0.00204040  -0.00400319
0.00452485  -0.00629556
0.00792850  -0.00873942
0.01221019  -0.01130472
0.01733003  -0.01396274
0.02324933  -0.01668612
0.02993063  -0.01944884
0.03733766  -0.02222621
0.04543531  -0.02499482
0.05418962  -0.02773262
0.06356777  -0.03041881
0.07353805  -0.03303391
0.08406985  -0.03555971
0.09513360  -0.03797927
0.10670084  -0.04027690
0.11874410  -0.04243818
0.13123695  -0.04444991
0.14415394  -0.04630015
0.15747063  -0.04797816
0.17116350  -0.04947442
0.18521000  -0.05078062
0.19958848  -0.05188963
0.21427820  -0.05279553
0.22925931  -0.05349356
0.24451281  -0.05398013
0.26002056  -0.05425279
0.27576522  -0.05431028
0.29173028  -0.05415244
0.30790000  -0.05378026
0.32425942  -0.05319584
0.34079431  -0.05240240
0.35749120  -0.05140426
0.37433730  -0.05020681
0.39132052  -0.04881656
0.40842945  -0.04724107
0.42565331  -0.04548897
0.44298198  -0.04356994
0.46040593  -0.04149471
0.47791625  -0.03927505
0.49550459  -0.03692375
0.51316314  -0.03445461
0.53088467  -0.03188247
0.54866242  -0.02922312
0.56649016  -0.02649339
0.58436214  -0.02371105
0.60227305  -0.02089485
0.62021803  -0.01806453
0.63819266  -0.01524074
0.65619289  -0.01244509
0.67421508  -0.00970015
0.69225594  -0.00702936
0.71031254  -0.00445712
0.72838225  -0.00200871
0.74646278  0.00028968
0.76455210  0.00241098
0.78264847  0.00432724
0.80075038  0.00600965
0.81885656  0.00742853
0.83696596  0.00855337
0.85507770  0.00935279
0.87319109  0.00979460
0.89130559  0.00984579
0.90942079  0.00947253
0.92753640  0.00864020
0.94565221  0.00731337
0.96376812  0.00545584
0.98188406  0.00303063
1.00000000  0.00000000
