NN9097
1.00000000  0.00000000
0.98188406  0.01017420
0.96376812  0.01956764
0.94565221  0.02823213
0.92753640  0.03621720
0.90942079  0.04357018
0.89130559  0.05033619
0.87319109  0.05655818
0.85507770  0.06227699
0.83696596  0.06753134
0.81885656  0.07235792
0.80075038  0.07679135
0.78264847  0.08086429
0.76455210  0.08460741
0.74646278  0.08804946
0.72838225  0.09121728
0.71031254  0.09413585
0.69225594  0.09682833
0.67421508  0.09931606
0.65619289  0.10161862
0.63819266  0.10375387
0.62021803  0.10573794
0.60227305  0.10758531
0.58436214  0.10930882
0.56649016  0.11091972
0.54866242  0.11242767
0.53088467  0.11384081
0.51316314  0.11516576
0.49550459  0.11640768
0.47791625  0.11757029
0.46040593  0.11865590
0.44298198  0.11966545
0.42565331  0.12059856
0.40842945  0.12145351
0.39132052  0.12222732
0.37433730  0.12291578
0.35749120  0.12351347
0.34079431  0.12401378
0.32425942  0.12440896
0.30790000  0.12469017
0.29173028  0.12484748
0.27576522  0.12486992
0.26002056  0.12474550
0.24451281  0.12446127
0.22925931  0.12400332
0.21427820  0.12335685
0.19958848  0.12250615
0.18521000  0.12143469
0.17116350  0.12012511
0.15747063  0.11855928
0.14415394  0.11671833
0.13123695  0.11458266
0.11874410  0.11213199
0.10670084  0.10934541
0.09513360  0.10620138
0.08406985  0.10267777
0.07353805  0.09875191
0.06356777  0.09440062
0.05418962  0.08960023
0.04543531  0.08432662
0.03733766  0.07855524
0.02993063  0.07226118
0.02324933  0.06541915
0.01733003  0.05800356
0.01221019  0.04998854
0.00792850  0.04134793
0.00452485  0.03205539
0.00204040  0.02208437
0.00051754  0.01140818
0.00000000  0.00000000
0.00000000  0.00000000
0.00051754  -0.01116505
0.00204040  -0.02100778
0.00452485  -0.02962100
0.00792850  -0.03709327
0.01221019  -0.04350901
0.01733003  -0.04894859
0.02324933  -0.05348845
0.02993063  -0.05720117
0.03733766  -0.06015561
0.04543531  -0.06241696
0.05418962  -0.06404691
0.06356777  -0.06510369
0.07353805  -0.06564220
0.08406985  -0.06571411
0.09513360  -0.06536796
0.10670084  -0.06464927
0.11874410  -0.06360060
0.13123695  -0.06226173
0.14415394  -0.06066968
0.15747063  -0.05885886
0.17116350  -0.05686115
0.18521000  -0.05470603
0.19958848  -0.05242063
0.21427820  -0.05002990
0.22925931  -0.04755665
0.24451281  -0.04502168
0.26002056  -0.04244388
0.27576522  -0.03984033
0.29173028  -0.03722640
0.30790000  -0.03461586
0.32425942  -0.03202096
0.34079431  -0.02945255
0.35749120  -0.02692019
0.37433730  -0.02443222
0.39132052  -0.02199590
0.40842945  -0.01961748
0.42565331  -0.01730230
0.44298198  -0.01505493
0.46040593  -0.01287924
0.47791625  -0.01077850
0.49550459  -0.00875549
0.51316314  -0.00681261
0.53088467  -0.00495197
0.54866242  -0.00317549
0.56649016  -0.00148501
0.58436214  0.00011761
0.60227305  0.00163041
0.62021803  0.00305118
0.63819266  0.00437740
0.65619289  0.00560614
0.67421508  0.00673392
0.69225594  0.00775666
0.71031254  0.00866953
0.72838225  0.00946688
0.74646278  0.01014212
0.76455210  0.01068764
0.78264847  0.01109468
0.80075038  0.01135326
0.81885656  0.01145205
0.83696596  0.01137829
0.85507770  0.01111766
0.87319109  0.01065423
0.89130559  0.00997030
0.90942079  0.00904632
0.92753640  0.00786082
0.94565221  0.00639026
0.96376812  0.00460895
0.98188406  0.00248896
1.00000000  0.00000000
