NN9071
1.00000000  0.00000000
0.98188406  0.01252384
0.96376812  0.02464789
0.94565221  0.03636568
0.92753640  0.04767171
0.90942079  0.05856141
0.89130559  0.06903111
0.87319109  0.07907801
0.85507770  0.08870014
0.83696596  0.09789627
0.81885656  0.10666598
0.80075038  0.11500950
0.78264847  0.12292777
0.76455210  0.13042234
0.74646278  0.13749536
0.72838225  0.14414952
0.71031254  0.15038806
0.69225594  0.15621466
0.67421508  0.16163346
0.65619289  0.16664900
0.63819266  0.17126618
0.62021803  0.17549022
0.60227305  0.17932664
0.58436214  0.18278120
0.56649016  0.18585986
0.54866242  0.18856877
0.53088467  0.19091420
0.51316314  0.19290253
0.49550459  0.19454018
0.47791625  0.19583359
0.46040593  0.19678920
0.44298198  0.19741336
0.42565331  0.19771235
0.40842945  0.19769231
0.39132052  0.19735920
0.37433730  0.19671877
0.35749120  0.19577653
0.34079431  0.19453769
0.32425942  0.19300714
0.30790000  0.19118940
0.29173028  0.18908861
0.27576522  0.18670843
0.26002056  0.18405207
0.24451281  0.18112222
0.22925931  0.17792101
0.21427820  0.17444997
0.19958848  0.17071000
0.18521000  0.16670133
0.17116350  0.16242350
0.15747063  0.15787527
0.14415394  0.15305464
0.13123695  0.14795877
0.11874410  0.14258396
0.10670084  0.13692564
0.09513360  0.13097825
0.08406985  0.12473529
0.07353805  0.11818923
0.06356777  0.11133150
0.05418962  0.10415241
0.04543531  0.09664119
0.03733766  0.08878584
0.02993063  0.08057320
0.02324933  0.07198885
0.01733003  0.06301708
0.01221019  0.05364087
0.00792850  0.04384184
0.00452485  0.03360019
0.00204040  0.02289472
0.00051754  0.01170272
0.00000000  0.00000000
0.00000000  0.00000000
0.00051754  -0.00019929
0.00204040  -0.00027647
0.00452485  -0.00025205
0.00792850  -0.00014541
0.01221019  0.00002517
0.01733003  0.00024252
0.02324933  0.00049054
0.02993063  0.00075419
0.03733766  0.00101950
0.04543531  0.00127352
0.05418962  0.00150432
0.06356777  0.00170098
0.07353805  0.00185356
0.08406985  0.00195311
0.09513360  0.00199161
0.10670084  0.00196201
0.11874410  0.00185818
0.13123695  0.00167490
0.14415394  0.00140784
0.15747063  0.00105357
0.17116350  0.00060950
0.18521000  0.00007391
0.19958848  -0.00055407
0.21427820  -0.00127453
0.22925931  -0.00208672
0.24451281  -0.00298911
0.26002056  -0.00397941
0.27576522  -0.00505455
0.29173028  -0.00621072
0.30790000  -0.00744339
0.32425942  -0.00874731
0.34079431  -0.01011654
0.35749120  -0.01154444
0.37433730  -0.01302372
0.39132052  -0.01454643
0.40842945  -0.01610398
0.42565331  -0.01768717
0.44298198  -0.01928618
0.46040593  -0.02089061
0.47791625  -0.02248947
0.49550459  -0.02407122
0.51316314  -0.02562378
0.53088467  -0.02713453
0.54866242  -0.02859034
0.56649016  -0.02997758
0.58436214  -0.03128212
0.60227305  -0.03248940
0.62021803  -0.03358437
0.63819266  -0.03455156
0.65619289  -0.03537506
0.67421508  -0.03603859
0.69225594  -0.03652542
0.71031254  -0.03681850
0.72838225  -0.03690039
0.74646278  -0.03675330
0.76455210  -0.03635912
0.78264847  -0.03569942
0.80075038  -0.03475547
0.81885656  -0.03350825
0.83696596  -0.03193849
0.85507770  -0.03002664
0.87319109  -0.02775292
0.89130559  -0.02509733
0.90942079  -0.02203966
0.92753640  -0.01855950
0.94565221  -0.01463627
0.96376812  -0.01024923
0.98188406  -0.00537748
1.00000000  0.00000000
