NN9092
1.00000000  0.00000000
0.98188406  0.01522163
0.96376812  0.02940418
0.94565221  0.04260443
0.92753640  0.05487638
0.90942079  0.06627134
0.89130559  0.07683801
0.87319109  0.08662250
0.85507770  0.09566849
0.83696596  0.10401720
0.81885656  0.11170756
0.80075038  0.11877620
0.78264847  0.12525757
0.76455210  0.13118400
0.74646278  0.13658577
0.72838225  0.14149117
0.71031254  0.14592660
0.69225594  0.14991660
0.67421508  0.15348396
0.65619289  0.15664979
0.63819266  0.15943356
0.62021803  0.16185319
0.60227305  0.16392514
0.58436214  0.16566444
0.56649016  0.16708480
0.54866242  0.16819867
0.53088467  0.16901730
0.51316314  0.16955082
0.49550459  0.16980832
0.47791625  0.16979791
0.46040593  0.16952679
0.44298198  0.16900132
0.42565331  0.16822712
0.40842945  0.16720911
0.39132052  0.16595158
0.37433730  0.16445828
0.35749120  0.16273249
0.34079431  0.16077709
0.32425942  0.15859461
0.30790000  0.15618733
0.29173028  0.15355735
0.27576522  0.15070663
0.26002056  0.14763710
0.24451281  0.14435072
0.22925931  0.14084953
0.21427820  0.13713575
0.19958848  0.13321185
0.18521000  0.12908060
0.17116350  0.12474515
0.15747063  0.12020910
0.14415394  0.11547661
0.13123695  0.11055240
0.11874410  0.10544188
0.10670084  0.10015120
0.09513360  0.09468732
0.08406985  0.08905808
0.07353805  0.08327230
0.06356777  0.07733979
0.05418962  0.07127149
0.04543531  0.06507951
0.03733766  0.05877718
0.02993063  0.05237916
0.02324933  0.04590151
0.01733003  0.03936172
0.01221019  0.03277882
0.00792850  0.02617346
0.00452485  0.01956793
0.00204040  0.01298629
0.00051754  0.00645439
0.00000000  0.00000000
0.00000000  0.00000000
0.00051754  -0.00220090
0.00204040  -0.00442983
0.00452485  -0.00664898
0.00792850  -0.00882471
0.01221019  -0.01092732
0.01733003  -0.01293096
0.02324933  -0.01481341
0.02993063  -0.01655596
0.03733766  -0.01814322
0.04543531  -0.01956298
0.05418962  -0.02080605
0.06356777  -0.02186605
0.07353805  -0.02273932
0.08406985  -0.02342472
0.09513360  -0.02392346
0.10670084  -0.02423896
0.11874410  -0.02437667
0.13123695  -0.02434392
0.14415394  -0.02414978
0.15747063  -0.02380483
0.17116350  -0.02332108
0.18521000  -0.02271175
0.19958848  -0.02199114
0.21427820  -0.02117446
0.22925931  -0.02027766
0.24451281  -0.01931728
0.26002056  -0.01831026
0.27576522  -0.01727384
0.29173028  -0.01622533
0.30790000  -0.01518200
0.32425942  -0.01416087
0.34079431  -0.01317860
0.35749120  -0.01225129
0.37433730  -0.01139433
0.39132052  -0.01062225
0.40842945  -0.00994855
0.42565331  -0.00938552
0.44298198  -0.00894410
0.46040593  -0.00863373
0.47791625  -0.00846216
0.49550459  -0.00843529
0.51316314  -0.00855704
0.53088467  -0.00882916
0.54866242  -0.00925106
0.56649016  -0.00981968
0.58436214  -0.01052931
0.60227305  -0.01137144
0.62021803  -0.01233455
0.63819266  -0.01340404
0.65619289  -0.01456198
0.67421508  -0.01578700
0.69225594  -0.01705411
0.71031254  -0.01833452
0.72838225  -0.01959553
0.74646278  -0.02080033
0.76455210  -0.02190784
0.78264847  -0.02287254
0.80075038  -0.02364436
0.81885656  -0.02416844
0.83696596  -0.02438504
0.85507770  -0.02422933
0.87319109  -0.02363126
0.89130559  -0.02251537
0.90942079  -0.02080065
0.92753640  -0.01840038
0.94565221  -0.01522195
0.96376812  -0.01116671
0.98188406  -0.00612980
1.00000000  0.00000000
