NN9347
1.00000000  0.00000000
0.98188406  0.01271207
0.96376812  0.02506608
0.94565221  0.03705916
0.92753640  0.04868809
0.90942079  0.05994934
0.89130559  0.07083912
0.87319109  0.08135342
0.85507770  0.09148802
0.83696596  0.10123855
0.81885656  0.11060052
0.80075038  0.11956934
0.78264847  0.12814041
0.76455210  0.13630907
0.74646278  0.14407071
0.72838225  0.15142077
0.71031254  0.15835480
0.69225594  0.16486846
0.67421508  0.17095759
0.65619289  0.17661823
0.63819266  0.18184668
0.62021803  0.18663948
0.60227305  0.19099351
0.58436214  0.19490600
0.56649016  0.19837454
0.54866242  0.20139716
0.53088467  0.20397235
0.51316314  0.20609908
0.49550459  0.20777686
0.47791625  0.20900577
0.46040593  0.20978647
0.44298198  0.21012028
0.42565331  0.21000919
0.40842945  0.20945589
0.39132052  0.20846383
0.37433730  0.20703723
0.35749120  0.20518114
0.34079431  0.20290146
0.32425942  0.20020497
0.30790000  0.19709940
0.29173028  0.19359343
0.27576522  0.18969674
0.26002056  0.18542005
0.24451281  0.18077514
0.22925931  0.17577492
0.21427820  0.17043342
0.19958848  0.16476587
0.18521000  0.15878871
0.17116350  0.15251963
0.15747063  0.14597760
0.14415394  0.13918294
0.13123695  0.13215731
0.11874410  0.12492377
0.10670084  0.11750683
0.09513360  0.10993245
0.08406985  0.10222810
0.07353805  0.09442280
0.06356777  0.08654715
0.05418962  0.07863335
0.04543531  0.07071526
0.03733766  0.06282843
0.02993063  0.05501012
0.02324933  0.04729937
0.01733003  0.03973699
0.01221019  0.03236564
0.00792850  0.02522985
0.00452485  0.01837603
0.00204040  0.01185255
0.00051754  0.00570976
0.00000000  0.00000000
0.00000000  0.00000000
0.00051754  -0.00508130
0.00204040  -0.01025332
0.00452485  -0.01549346
0.00792850  -0.02077908
0.01221019  -0.02608760
0.01733003  -0.03139653
0.02324933  -0.03668354
0.02993063  -0.04192650
0.03733766  -0.04710358
0.04543531  -0.05219324
0.05418962  -0.05717432
0.06356777  -0.06202614
0.07353805  -0.06672845
0.08406985  -0.07126161
0.09513360  -0.07560654
0.10670084  -0.07974485
0.11874410  -0.08365886
0.13123695  -0.08733167
0.14415394  -0.09074719
0.15747063  -0.09389025
0.17116350  -0.09674660
0.18521000  -0.09930301
0.19958848  -0.10154729
0.21427820  -0.10346836
0.22925931  -0.10505634
0.24451281  -0.10630253
0.26002056  -0.10719956
0.27576522  -0.10774137
0.29173028  -0.10792330
0.30790000  -0.10774214
0.32425942  -0.10719619
0.34079431  -0.10628532
0.35749120  -0.10501102
0.37433730  -0.10337644
0.39132052  -0.10138648
0.40842945  -0.09904784
0.42565331  -0.09636903
0.44298198  -0.09336050
0.46040593  -0.09003463
0.47791625  -0.08640584
0.49550459  -0.08249060
0.51316314  -0.07830753
0.53088467  -0.07387740
0.54866242  -0.06922326
0.56649016  -0.06437042
0.58436214  -0.05934659
0.60227305  -0.05418183
0.62021803  -0.04890872
0.63819266  -0.04356233
0.65619289  -0.03818032
0.67421508  -0.03280299
0.69225594  -0.02747331
0.71031254  -0.02223703
0.72838225  -0.01714268
0.74646278  -0.01224165
0.76455210  -0.00758826
0.78264847  -0.00323980
0.80075038  0.00074341
0.81885656  0.00429798
0.83696596  0.00735735
0.85507770  0.00985178
0.87319109  0.01170828
0.89130559  0.01285053
0.90942079  0.01319885
0.92753640  0.01267015
0.94565221  0.01117783
0.96376812  0.00863179
0.98188406  0.00493830
1.00000000  0.00000000
