NN9467
1.00000000  0.00000000
0.98188406  0.00963055
0.96376812  0.01913247
0.94565221  0.02848633
0.92753640  0.03767417
0.90942079  0.04667938
0.89130559  0.05548671
0.87319109  0.06408217
0.85507770  0.07245301
0.83696596  0.08058765
0.81885656  0.08847563
0.80075038  0.09610756
0.78264847  0.10347508
0.76455210  0.11057078
0.74646278  0.11738817
0.72838225  0.12392162
0.71031254  0.13016632
0.69225594  0.13611820
0.67421508  0.14177391
0.65619289  0.14713073
0.63819266  0.15218658
0.62021803  0.15693988
0.60227305  0.16138959
0.58436214  0.16553507
0.56649016  0.16937612
0.54866242  0.17291283
0.53088467  0.17614561
0.51316314  0.17907511
0.49550459  0.18170212
0.47791625  0.18402760
0.46040593  0.18605258
0.44298198  0.18777811
0.42565331  0.18920521
0.40842945  0.19033483
0.39132052  0.19116777
0.37433730  0.19170468
0.35749120  0.19194595
0.34079431  0.19189169
0.32425942  0.19154166
0.30790000  0.19089524
0.29173028  0.18995136
0.27576522  0.18870846
0.26002056  0.18716442
0.24451281  0.18531652
0.22925931  0.18316141
0.21427820  0.18069499
0.19958848  0.17791245
0.18521000  0.17480814
0.17116350  0.17137554
0.15747063  0.16760725
0.14415394  0.16349488
0.13123695  0.15902902
0.11874410  0.15419920
0.10670084  0.14899381
0.09513360  0.14340007
0.08406985  0.13740399
0.07353805  0.13099028
0.06356777  0.12414233
0.05418962  0.11684212
0.04543531  0.10907023
0.03733766  0.10080572
0.02993063  0.09202613
0.02324933  0.08270739
0.01733003  0.07282380
0.01221019  0.06234794
0.00792850  0.05125066
0.00452485  0.03950100
0.00204040  0.02706614
0.00051754  0.01391137
0.00000000  0.00000000
0.00000000  0.00000000
0.00051754  -0.00525147
0.00204040  -0.00971309
0.00452485  -0.01348347
0.00792850  -0.01665408
0.01221019  -0.01930945
0.01733003  -0.02152742
0.02324933  -0.02337932
0.02993063  -0.02493023
0.03733766  -0.02623920
0.04543531  -0.02735944
0.05418962  -0.02833859
0.06356777  -0.02921893
0.07353805  -0.03003756
0.08406985  -0.03082669
0.09513360  -0.03161380
0.10670084  -0.03242194
0.11874410  -0.03326986
0.13123695  -0.03417230
0.14415394  -0.03514020
0.15747063  -0.03618091
0.17116350  -0.03729842
0.18521000  -0.03849358
0.19958848  -0.03976434
0.21427820  -0.04110595
0.22925931  -0.04251118
0.24451281  -0.04397059
0.26002056  -0.04547268
0.27576522  -0.04700419
0.29173028  -0.04855026
0.30790000  -0.05009468
0.32425942  -0.05162013
0.34079431  -0.05310838
0.35749120  -0.05454050
0.37433730  -0.05589713
0.39132052  -0.05715865
0.40842945  -0.05830545
0.42565331  -0.05931812
0.44298198  -0.06017768
0.46040593  -0.06086582
0.47791625  -0.06136511
0.49550459  -0.06165921
0.51316314  -0.06173313
0.53088467  -0.06157341
0.54866242  -0.06116838
0.56649016  -0.06050836
0.58436214  -0.05958589
0.60227305  -0.05839596
0.62021803  -0.05693623
0.63819266  -0.05520722
0.65619289  -0.05321261
0.67421508  -0.05095939
0.69225594  -0.04845810
0.71031254  -0.04572309
0.72838225  -0.04277270
0.74646278  -0.03962950
0.76455210  -0.03632052
0.78264847  -0.03287746
0.80075038  -0.02933692
0.81885656  -0.02574063
0.83696596  -0.02213565
0.85507770  -0.01857463
0.87319109  -0.01511599
0.89130559  -0.01182419
0.90942079  -0.00876990
0.92753640  -0.00603027
0.94565221  -0.00368914
0.96376812  -0.00183725
0.98188406  -0.00057246
1.00000000  0.00000000
