NN9562
1.00000000  0.00000000
0.98188406  0.01673877
0.96376812  0.03231875
0.94565221  0.04680615
0.92753640  0.06026387
0.90942079  0.07275160
0.89130559  0.08432591
0.87319109  0.09504032
0.85507770  0.10494536
0.83696596  0.11408874
0.81885656  0.12251533
0.80075038  0.13026731
0.78264847  0.13738423
0.76455210  0.14390311
0.74646278  0.14985851
0.72838225  0.15528261
0.71031254  0.16020531
0.69225594  0.16465430
0.67421508  0.16865516
0.65619289  0.17223143
0.63819266  0.17540470
0.62021803  0.17819468
0.60227305  0.18061932
0.58436214  0.18269485
0.56649016  0.18443591
0.54866242  0.18585558
0.53088467  0.18696551
0.51316314  0.18777599
0.49550459  0.18829603
0.47791625  0.18853343
0.46040593  0.18849491
0.44298198  0.18818614
0.42565331  0.18761185
0.40842945  0.18677594
0.39132052  0.18568149
0.37433730  0.18433094
0.35749120  0.18272609
0.34079431  0.18086823
0.32425942  0.17875821
0.30790000  0.17639654
0.29173028  0.17378346
0.27576522  0.17091900
0.26002056  0.16780312
0.24451281  0.16443576
0.22925931  0.16081690
0.21427820  0.15694671
0.19958848  0.15282557
0.18521000  0.14845420
0.17116350  0.14383370
0.15747063  0.13896569
0.14415394  0.13385233
0.13123695  0.12849647
0.11874410  0.12290167
0.10670084  0.11707233
0.09513360  0.11101377
0.08406985  0.10473229
0.07353805  0.09823526
0.06356777  0.09153124
0.05418962  0.08463000
0.04543531  0.07754267
0.03733766  0.07028179
0.02993063  0.06286138
0.02324933  0.05529705
0.01733003  0.04760609
0.01221019  0.03980753
0.00792850  0.03192224
0.00452485  0.02397300
0.00204040  0.01598460
0.00051754  0.00798392
0.00000000  0.00000000
0.00000000  0.00000000
0.00051754  -0.00726729
0.00204040  -0.01379563
0.00452485  -0.01964759
0.00792850  -0.02488175
0.01221019  -0.02955289
0.01733003  -0.03371208
0.02324933  -0.03740680
0.02993063  -0.04068106
0.03733766  -0.04357555
0.04543531  -0.04612773
0.05418962  -0.04837196
0.06356777  -0.05033963
0.07353805  -0.05205928
0.08406985  -0.05355670
0.09513360  -0.05485510
0.10670084  -0.05597518
0.11874410  -0.05693528
0.13123695  -0.05775151
0.14415394  -0.05843783
0.15747063  -0.05900623
0.17116350  -0.05946679
0.18521000  -0.05982787
0.19958848  -0.06009616
0.21427820  -0.06027686
0.22925931  -0.06037378
0.24451281  -0.06038945
0.26002056  -0.06032525
0.27576522  -0.06018156
0.29173028  -0.05995781
0.30790000  -0.05965270
0.32425942  -0.05926424
0.34079431  -0.05878990
0.35749120  -0.05822676
0.37433730  -0.05757158
0.39132052  -0.05682096
0.40842945  -0.05597144
0.42565331  -0.05501964
0.44298198  -0.05396237
0.46040593  -0.05279677
0.47791625  -0.05152038
0.49550459  -0.05013134
0.51316314  -0.04862845
0.53088467  -0.04701131
0.54866242  -0.04528046
0.56649016  -0.04343746
0.58436214  -0.04148507
0.60227305  -0.03942731
0.62021803  -0.03726964
0.63819266  -0.03501903
0.65619289  -0.03268413
0.67421508  -0.03027533
0.69225594  -0.02780496
0.71031254  -0.02528735
0.72838225  -0.02273898
0.74646278  -0.02017858
0.76455210  -0.01762728
0.78264847  -0.01510872
0.80075038  -0.01264918
0.81885656  -0.01027766
0.83696596  -0.00802606
0.85507770  -0.00592926
0.87319109  -0.00402529
0.89130559  -0.00235538
0.90942079  -0.00096414
0.92753640  0.00010033
0.94565221  0.00078634
0.96376812  0.00103847
0.98188406  0.00079744
1.00000000  0.00000000
