NN9629
1.00000000  0.00000000
0.98188406  0.01847856
0.96376812  0.03532784
0.94565221  0.05065524
0.92753640  0.06456329
0.90942079  0.07714972
0.89130559  0.08850757
0.87319109  0.09872532
0.85507770  0.10788694
0.83696596  0.11607205
0.81885656  0.12335598
0.80075038  0.12980988
0.78264847  0.13550084
0.76455210  0.14049197
0.74646278  0.14484253
0.72838225  0.14860798
0.71031254  0.15184014
0.69225594  0.15458726
0.67421508  0.15689413
0.65619289  0.15880219
0.63819266  0.16034960
0.62021803  0.16157138
0.60227305  0.16249950
0.58436214  0.16316298
0.56649016  0.16358796
0.54866242  0.16379788
0.53088467  0.16381350
0.51316314  0.16365305
0.49550459  0.16333231
0.47791625  0.16286473
0.46040593  0.16226151
0.44298198  0.16153173
0.42565331  0.16068242
0.40842945  0.15971868
0.39132052  0.15864379
0.37433730  0.15745930
0.35749120  0.15616511
0.34079431  0.15475964
0.32425942  0.15323984
0.30790000  0.15160137
0.29173028  0.14983865
0.27576522  0.14794501
0.26002056  0.14591275
0.24451281  0.14373324
0.22925931  0.14139706
0.21427820  0.13889409
0.19958848  0.13621357
0.18521000  0.13334426
0.17116350  0.13027451
0.15747063  0.12699237
0.14415394  0.12348567
0.13123695  0.11974219
0.11874410  0.11574966
0.10670084  0.11149595
0.09513360  0.10696912
0.08406985  0.10215755
0.07353805  0.09705003
0.06356777  0.09163587
0.05418962  0.08590498
0.04543531  0.07984800
0.03733766  0.07345638
0.02993063  0.06672250
0.02324933  0.05963976
0.01733003  0.05220269
0.01221019  0.04440703
0.00792850  0.03624986
0.00452485  0.02772970
0.00204040  0.01884660
0.00051754  0.00960223
0.00000000  0.00000000
0.00000000  0.00000000
0.00051754  -0.00980419
0.00204040  -0.01870581
0.00452485  -0.02673212
0.00792850  -0.03391131
0.01221019  -0.04027244
0.01733003  -0.04584538
0.02324933  -0.05066072
0.02993063  -0.05474972
0.03733766  -0.05814421
0.04543531  -0.06087655
0.05418962  -0.06297954
0.06356777  -0.06448633
0.07353805  -0.06543042
0.08406985  -0.06584548
0.09513360  -0.06576539
0.10670084  -0.06522408
0.11874410  -0.06425551
0.13123695  -0.06289359
0.14415394  -0.06117209
0.15747063  -0.05912460
0.17116350  -0.05678440
0.18521000  -0.05418448
0.19958848  -0.05135738
0.21427820  -0.04833517
0.22925931  -0.04514937
0.24451281  -0.04183084
0.26002056  -0.03840980
0.27576522  -0.03491563
0.29173028  -0.03137693
0.30790000  -0.02782136
0.32425942  -0.02427559
0.34079431  -0.02076524
0.35749120  -0.01731481
0.37433730  -0.01394760
0.39132052  -0.01068564
0.40842945  -0.00754960
0.42565331  -0.00455878
0.44298198  -0.00173095
0.46040593  0.00091764
0.47791625  0.00337239
0.49550459  0.00562038
0.51316314  0.00765048
0.53088467  0.00945339
0.54866242  0.01102170
0.56649016  0.01235002
0.58436214  0.01343500
0.60227305  0.01427541
0.62021803  0.01487222
0.63819266  0.01522868
0.65619289  0.01535036
0.67421508  0.01524526
0.69225594  0.01492386
0.71031254  0.01439918
0.72838225  0.01368689
0.74646278  0.01280533
0.76455210  0.01177564
0.78264847  0.01062176
0.80075038  0.00937058
0.81885656  0.00805195
0.83696596  0.00669879
0.85507770  0.00534712
0.87319109  0.00403619
0.89130559  0.00280849
0.90942079  0.00170986
0.92753640  0.00078955
0.94565221  0.00010031
0.96376812  -0.00030159
0.98188406  -0.00035623
1.00000000  0.00000000
