NN9832
1.00000000  0.00000000
0.98188406  0.01047161
0.96376812  0.02041110
0.94565221  0.02983784
0.92753640  0.03877070
0.90942079  0.04722803
0.89130559  0.05522769
0.87319109  0.06278701
0.85507770  0.06992282
0.83696596  0.07665141
0.81885656  0.08298856
0.80075038  0.08894949
0.78264847  0.09454890
0.76455210  0.09980094
0.74646278  0.10471920
0.72838225  0.10931674
0.71031254  0.11360604
0.69225594  0.11759901
0.67421508  0.12130701
0.65619289  0.12474081
0.63819266  0.12791060
0.62021803  0.13082599
0.60227305  0.13349599
0.58436214  0.13592902
0.56649016  0.13813290
0.54866242  0.14011485
0.53088467  0.14188145
0.51316314  0.14343870
0.49550459  0.14479195
0.47791625  0.14594593
0.46040593  0.14690474
0.44298198  0.14767186
0.42565331  0.14825009
0.40842945  0.14864161
0.39132052  0.14884793
0.37433730  0.14886992
0.35749120  0.14870778
0.34079431  0.14836102
0.32425942  0.14782851
0.30790000  0.14710841
0.29173028  0.14619823
0.27576522  0.14509475
0.26002056  0.14379410
0.24451281  0.14229166
0.22925931  0.14058215
0.21427820  0.13865956
0.19958848  0.13651716
0.18521000  0.13414750
0.17116350  0.13154243
0.15747063  0.12869304
0.14415394  0.12558968
0.13123695  0.12222200
0.11874410  0.11857885
0.10670084  0.11464837
0.09513360  0.11041792
0.08406985  0.10587411
0.07353805  0.10100279
0.06356777  0.09578900
0.05418962  0.09021706
0.04543531  0.08427045
0.03733766  0.07793191
0.02993063  0.07118336
0.02324933  0.06400592
0.01733003  0.05637993
0.01221019  0.04828490
0.00792850  0.03969953
0.00452485  0.03060171
0.00204040  0.02096850
0.00051754  0.01077613
0.00000000  0.00000000
0.00000000  0.00000000
0.00051754  -0.00333019
0.00204040  -0.00596960
0.00452485  -0.00799244
0.00792850  -0.00946904
0.01221019  -0.01046592
0.01733003  -0.01104586
0.02324933  -0.01126799
0.02993063  -0.01118786
0.03733766  -0.01085752
0.04543531  -0.01032559
0.05418962  -0.00963734
0.06356777  -0.00883477
0.07353805  -0.00795668
0.08406985  -0.00703877
0.09513360  -0.00611366
0.10670084  -0.00521104
0.11874410  -0.00435769
0.13123695  -0.00357758
0.14415394  -0.00289197
0.15747063  -0.00231942
0.17116350  -0.00187594
0.18521000  -0.00157501
0.19958848  -0.00142771
0.21427820  -0.00144274
0.22925931  -0.00162654
0.24451281  -0.00198335
0.26002056  -0.00251528
0.27576522  -0.00322241
0.29173028  -0.00410283
0.30790000  -0.00515276
0.32425942  -0.00636659
0.34079431  -0.00773698
0.35749120  -0.00925493
0.37433730  -0.01090983
0.39132052  -0.01268960
0.40842945  -0.01458071
0.42565331  -0.01656827
0.44298198  -0.01863611
0.46040593  -0.02076688
0.47791625  -0.02294208
0.49550459  -0.02514217
0.51316314  -0.02734665
0.53088467  -0.02953412
0.54866242  -0.03168235
0.56649016  -0.03376838
0.58436214  -0.03576858
0.60227305  -0.03765873
0.62021803  -0.03941412
0.63819266  -0.04100959
0.65619289  -0.04241960
0.67421508  -0.04361837
0.69225594  -0.04457988
0.71031254  -0.04527802
0.72838225  -0.04568659
0.74646278  -0.04577945
0.76455210  -0.04553053
0.78264847  -0.04491396
0.80075038  -0.04390412
0.81885656  -0.04247574
0.83696596  -0.04060392
0.85507770  -0.03826429
0.87319109  -0.03543301
0.89130559  -0.03208689
0.90942079  -0.02820347
0.92753640  -0.02376105
0.94565221  -0.01873885
0.96376812  -0.01311698
0.98188406  -0.00687661
1.00000000  0.00000000
