NN9934
1.00000000  0.00000000
0.98188406  0.01411480
0.96376812  0.02756987
0.94565221  0.04037169
0.92753640  0.05252695
0.90942079  0.06404254
0.89130559  0.07492555
0.87319109  0.08518325
0.85507770  0.09482316
0.83696596  0.10385301
0.81885656  0.11228074
0.80075038  0.12011454
0.78264847  0.12736283
0.76455210  0.13403427
0.74646278  0.14013779
0.72838225  0.14568256
0.71031254  0.15067802
0.69225594  0.15513387
0.67421508  0.15906012
0.65619289  0.16246701
0.63819266  0.16536511
0.62021803  0.16776528
0.60227305  0.16967865
0.58436214  0.17111669
0.56649016  0.17209118
0.54866242  0.17261421
0.53088467  0.17269820
0.51316314  0.17235589
0.49550459  0.17160038
0.47791625  0.17044511
0.46040593  0.16890386
0.44298198  0.16699077
0.42565331  0.16472035
0.40842945  0.16210748
0.39132052  0.15916740
0.37433730  0.15591577
0.35749120  0.15236859
0.34079431  0.14854229
0.32425942  0.14445369
0.30790000  0.14012001
0.29173028  0.13555890
0.27576522  0.13078842
0.26002056  0.12582704
0.24451281  0.12069370
0.22925931  0.11540774
0.21427820  0.10998897
0.19958848  0.10445765
0.18521000  0.09883447
0.17116350  0.09314063
0.15747063  0.08739775
0.14415394  0.08162796
0.13123695  0.07585387
0.11874410  0.07009855
0.10670084  0.06438560
0.09513360  0.05873910
0.08406985  0.05318365
0.07353805  0.04774435
0.06356777  0.04244683
0.05418962  0.03731724
0.04543531  0.03238226
0.03733766  0.02766912
0.02993063  0.02320559
0.02324933  0.01901999
0.01733003  0.01514118
0.01221019  0.01159862
0.00792850  0.00842230
0.00452485  0.00564282
0.00204040  0.00329134
0.00051754  0.00139962
0.00000000  0.00000000
0.00000000  0.00000000
0.00051754  -0.00262353
0.00204040  -0.00476877
0.00452485  -0.00647644
0.00792850  -0.00778566
0.01221019  -0.00873398
0.01733003  -0.00935743
0.02324933  -0.00969045
0.02993063  -0.00976601
0.03733766  -0.00961555
0.04543531  -0.00926902
0.05418962  -0.00875490
0.06356777  -0.00810021
0.07353805  -0.00733054
0.08406985  -0.00647005
0.09513360  -0.00554147
0.10670084  -0.00456617
0.11874410  -0.00356411
0.13123695  -0.00255390
0.14415394  -0.00155280
0.15747063  -0.00057675
0.17116350  0.00035964
0.18521000  0.00124306
0.19958848  0.00206147
0.21427820  0.00280411
0.22925931  0.00346147
0.24451281  0.00402528
0.26002056  0.00448848
0.27576522  0.00484523
0.29173028  0.00509086
0.30790000  0.00522191
0.32425942  0.00523603
0.34079431  0.00513204
0.35749120  0.00490990
0.37433730  0.00457064
0.39132052  0.00411642
0.40842945  0.00355047
0.42565331  0.00287707
0.44298198  0.00210157
0.46040593  0.00123033
0.47791625  0.00027073
0.49550459  -0.00076883
0.51316314  -0.00187898
0.53088467  -0.00304939
0.54866242  -0.00426877
0.56649016  -0.00552488
0.58436214  -0.00680458
0.60227305  -0.00809381
0.62021803  -0.00937762
0.63819266  -0.01064019
0.65619289  -0.01186486
0.67421508  -0.01303408
0.69225594  -0.01412953
0.71031254  -0.01513203
0.72838225  -0.01602164
0.74646278  -0.01677762
0.76455210  -0.01737847
0.78264847  -0.01780196
0.80075038  -0.01802510
0.81885656  -0.01802421
0.83696596  -0.01777488
0.85507770  -0.01725204
0.87319109  -0.01642994
0.89130559  -0.01528218
0.90942079  -0.01378173
0.92753640  -0.01190091
0.94565221  -0.00961148
0.96376812  -0.00688456
0.98188406  -0.00369073
1.00000000  0.00000000
