     0.951960    0.022400
     0.943920    0.025561
     0.930918    0.030592
     0.916667    0.035994
     0.901092    0.041763
     0.884245    0.047846
     0.866331    0.054139
     0.847655    0.060511
     0.828539    0.066836
     0.809213    0.073033
     0.789759    0.079072
     0.770154    0.084958
     0.750377    0.090694
     0.730431    0.096273
     0.710344    0.101682
     0.690172    0.106904
     0.669982    0.111916
     0.649827    0.116702
     0.629733    0.121252
     0.609707    0.125563
     0.589736    0.129636
     0.569802    0.133473
     0.549915    0.137072
     0.530111    0.140427
     0.510456    0.143528
     0.491032    0.146366
     0.471927    0.148923
     0.453197    0.151182
     0.434864    0.153133
     0.416929    0.154773
     0.399372    0.156103
     0.382162    0.157123
     0.365277    0.157838
     0.348708    0.158249
     0.332453    0.158359
     0.316518    0.158171
     0.300915    0.157690
     0.285658    0.156923
     0.270761    0.155878
     0.256239    0.154564
     0.242102    0.152992
     0.228359    0.151172
     0.215023    0.149120
     0.202116    0.146852
     0.189663    0.144388
     0.177689    0.141750
     0.166213    0.138957
     0.155246    0.136027
     0.144789    0.132978
     0.134835    0.129828
     0.125373    0.126592
     0.116400    0.123287
     0.107909    0.119927
     0.099892    0.116529
     0.092337    0.113110
     0.085227    0.109683
     0.078545    0.106261
     0.072272    0.102852
     0.066386    0.099461
     0.060865    0.096094
     0.055686    0.092753
     0.050830    0.089437
     0.046277    0.086146
     0.042009    0.082879
     0.038005    0.079633
     0.034250    0.076409
     0.030732    0.073207
     0.027443    0.070029
     0.024372    0.066875
     0.021510    0.063746
     0.018848    0.060643
     0.016376    0.057567
     0.014087    0.054518
     0.011975    0.051494
     0.010039    0.048488
     0.008275    0.045495
     0.006680    0.042511
     0.005249    0.039528
     0.003979    0.036544
     0.002863    0.033564
     0.001895    0.030592
     0.001070    0.027633
     0.000384    0.024690
    -0.000168    0.021764
    -0.000586    0.018858
    -0.000873    0.015972
    -0.001030    0.013107
    -0.001056    0.010263
    -0.000950    0.007440
    -0.000710    0.004637
    -0.000333    0.001855
     0.000188   -0.000909
     0.000853   -0.003656
     0.001663   -0.006388
     0.002617   -0.009109
     0.003716   -0.011820
     0.004962   -0.014522
     0.006356   -0.017215
     0.007903   -0.019900
     0.009606   -0.022573
     0.011470   -0.025233
     0.013499   -0.027875
     0.015700   -0.030493
     0.018075   -0.033077
     0.020627   -0.035616
     0.023361   -0.038102
     0.026280   -0.040536
     0.029388   -0.042920
     0.032691   -0.045259
     0.036193   -0.047560
     0.039904   -0.049825
     0.043836   -0.052056
     0.048004   -0.054249
     0.052423   -0.056404
     0.057109   -0.058519
     0.062078   -0.060591
     0.067346   -0.062618
     0.072937   -0.064597
     0.078878   -0.066526
     0.085200   -0.068403
     0.091932   -0.070227
     0.099111   -0.071995
     0.106775   -0.073696
     0.114963   -0.075322
     0.123716   -0.076862
     0.133079   -0.078300
     0.143095   -0.079621
     0.153804   -0.080811
     0.165246   -0.081856
     0.177465   -0.082745
     0.190506   -0.083460
     0.204407   -0.083982
     0.219194   -0.084297
     0.234879   -0.084391
     0.251475   -0.084247
     0.269002   -0.083857
     0.287496   -0.083215
     0.306969   -0.082331
     0.327375   -0.081219
     0.348605   -0.079887
     0.370512   -0.078349
     0.392925   -0.076629
     0.415670   -0.074758
     0.438602   -0.072750
     0.461631   -0.070605
     0.484742   -0.068318
     0.507992   -0.065876
     0.531504   -0.063271
     0.555389   -0.060508
     0.579707   -0.057601
     0.604457   -0.054573
     0.629564   -0.051450
     0.654909   -0.048255
     0.680354   -0.045014
     0.705744   -0.041755
     0.730932   -0.038501
     0.755828   -0.035256
     0.780411   -0.032018
     0.804720   -0.028777
     0.828780   -0.025542
     0.852383   -0.022374
     0.875072   -0.019367
     0.896334   -0.016610
     0.915820   -0.014122
     0.933522   -0.011759
     0.949687   -0.009385
     0.964610   -0.006925
     0.978537   -0.004384
     0.991646   -0.001774
     1.000000    0.000000
